1,3.5441958904266357,0.5804367661476135,4.323829650878906,0.3733207881450653
2,2.7803456783294678,0.8130130171775818,3.9481797218322754,0.7198849320411682
3,2.507936954498291,0.8249711990356445,3.6898341178894043,0.854611873626709
4,2.250703811645508,0.8738781213760376,3.5300076007843018,0.9288961887359619
5,2.0057528018951416,0.9674950838088989,3.4211668968200684,0.9964574575424194
6,2.0795137882232666,0.9814146161079407,3.4231510162353516,0.99798583984375
7,1.1659111976623535,1.125707983970642,2.724466323852539,1.5574944019317627
8,0.9170599579811096,1.0796470642089844,2.4678990840911865,1.676249623298645
9,0.7869987487792969,1.0257185697555542,2.335381269454956,1.69607675075531
10,0.6725063323974609,0.9936553835868835,2.2370779514312744,1.7121005058288574
11,0.8695340752601624,1.2992048263549805,2.444857358932495,1.6480590105056763
12,0.5993606448173523,1.0108470916748047,2.156867742538452,1.7263108491897583
13,0.6131348013877869,1.011921763420105,2.1426374912261963,1.740124225616455
14,0.6264554262161255,1.0171775817871094,2.121298313140869,1.712834358215332
15,0.609830915927887,1.0870320796966553,2.0941507816314697,1.7780600786209106
16,0.6382279992103577,1.1431975364685059,2.077070474624634,1.777443289756775
17,0.6795641183853149,1.1239042282104492,2.073727607727051,1.7428312301635742
18,0.6745812296867371,1.1367207765579224,2.074312210083008,1.7445589303970337
19,0.6817569136619568,1.209598422050476,2.076923131942749,1.7906146049499512
20,0.6901795268058777,1.2232961654663086,2.0902669429779053,1.7742960453033447
21,0.6726670265197754,1.2780460119247437,2.0915160179138184,1.8446451425552368
22,0.6587194800376892,1.2950600385665894,2.081019878387451,1.8288016319274902
23,0.6366022825241089,1.2672117948532104,2.074117422103882,1.8090251684188843
24,0.6500616669654846,1.2957470417022705,2.092437982559204,1.8229070901870728
25,0.6398133039474487,1.303605318069458,2.078944444656372,1.8085237741470337
26,0.6443004012107849,1.3193268775939941,2.1158242225646973,1.8306396007537842
27,0.6323896050453186,1.3314969539642334,2.0971004962921143,1.8322701454162598
28,0.6486894488334656,1.3701804876327515,2.1208088397979736,1.8431665897369385
29,0.6351608037948608,1.379848599433899,2.0993666648864746,1.8310075998306274
30,0.6401764154434204,1.372125506401062,2.1041100025177,1.8260083198547363
31,0.6563426852226257,1.4247362613677979,2.1151630878448486,1.8422056436538696
32,0.6554295420646667,1.4298309087753296,2.120762825012207,1.8494940996170044
33,0.6690934896469116,1.5947463512420654,2.177750825881958,1.9928566217422485
34,0.6779588460922241,1.4395432472229004,2.178696393966675,1.8860191106796265
35,0.6790323257446289,1.451784372329712,2.162951707839966,1.8740445375442505
36,0.6718474626541138,1.503639578819275,2.1468207836151123,1.8911337852478027
37,0.6706328392028809,1.4952996969223022,2.147991180419922,1.877995252609253
38,0.6764564514160156,1.5173957347869873,2.1443967819213867,1.8582537174224854
39,0.6883973479270935,1.5356489419937134,2.1611759662628174,1.8674206733703613
40,0.6906176209449768,1.5277553796768188,2.1734180450439453,1.8493109941482544
41,0.6899169087409973,1.5465013980865479,2.158080816268921,1.8720118999481201
42,0.6912761926651001,1.5530505180358887,2.1909396648406982,1.9061187505722046
43,0.6778019666671753,1.5687960386276245,2.1509666442871094,1.870713472366333
44,0.7060666084289551,1.6028770208358765,2.186053514480591,1.8819550275802612
45,0.6998567581176758,1.5780587196350098,2.1915483474731445,1.8555855751037598
46,0.7037686705589294,1.5871869325637817,2.1983118057250977,1.8577476739883423
47,0.6792276501655579,1.5943472385406494,2.1725027561187744,1.883563756942749
48,0.6914930939674377,1.5794167518615723,2.1861236095428467,1.8603200912475586
49,0.7043753266334534,1.6199605464935303,2.19636869430542,1.8779832124710083
50,0.7002100348472595,1.614682674407959,2.190481662750244,1.8682496547698975
51,0.7139052748680115,1.6645660400390625,2.203977108001709,1.893802523612976
52,0.7084498405456543,1.614750862121582,2.193516254425049,1.8765909671783447
53,0.7101337909698486,1.6414424180984497,2.186985492706299,1.8732988834381104
54,0.7091361880302429,1.6351401805877686,2.1813788414001465,1.8715983629226685
55,0.7083911299705505,1.6260827779769897,2.2006537914276123,1.8676276206970215
56,0.7146497368812561,1.6354514360427856,2.20334792137146,1.8610681295394897
57,0.7202827334403992,1.6760082244873047,2.1969401836395264,1.8790854215621948
58,0.716173529624939,1.637703776359558,2.220155954360962,1.8723688125610352
59,0.7157649993896484,1.6513985395431519,2.20278000831604,1.8819259405136108
60,0.7271020412445068,1.6866629123687744,2.1969118118286133,1.8540204763412476
61,0.7340621948242188,1.7140634059906006,2.1997203826904297,1.8812624216079712
62,0.7624456882476807,1.7378795146942139,2.268723964691162,1.9126979112625122
63,0.7454700469970703,1.7653071880340576,2.223444938659668,1.9429612159729004
64,0.734407901763916,1.726423740386963,2.225310802459717,1.9230239391326904
65,0.7468318343162537,1.6628000736236572,2.241075038909912,1.8785256147384644
66,0.7578187584877014,1.753885269165039,2.252530336380005,1.930312991142273
67,0.7665163278579712,1.7689909934997559,2.2915585041046143,1.9321045875549316
68,0.7454759478569031,1.7344887256622314,2.2168967723846436,1.87125825881958
69,0.7826645970344543,1.7737435102462769,2.2881112098693848,1.9127566814422607
70,0.7496459484100342,1.772862434387207,2.2222938537597656,1.8993146419525146
71,0.7687844634056091,1.8029439449310303,2.236060380935669,1.9156358242034912
72,0.7470589876174927,1.7725317478179932,2.219849109649658,1.8981001377105713
73,0.7626761794090271,1.7903883457183838,2.22348690032959,1.8981884717941284
74,0.7588747143745422,1.8222107887268066,2.241370677947998,1.9436867237091064
75,0.777195155620575,1.8130477666854858,2.26391339302063,1.9202889204025269
76,0.7770707607269287,1.807527780532837,2.2717695236206055,1.9188307523727417
77,0.7776538729667664,1.814588189125061,2.26460862159729,1.9094516038894653
78,0.7720416188240051,1.7847368717193604,2.2860522270202637,1.9150141477584839
79,0.7705300450325012,1.77603018283844,2.2729332447052,1.9125592708587646
80,0.7794959545135498,1.7980289459228516,2.2541868686676025,1.8958847522735596
81,0.7638471722602844,1.7676080465316772,2.2481637001037598,1.8872748613357544
82,0.7682031989097595,1.787714958190918,2.267366409301758,1.9184331893920898
83,0.7814267873764038,1.820223093032837,2.2487001419067383,1.8765138387680054
84,0.7895107269287109,1.8060710430145264,2.2788467407226562,1.8861984014511108
85,0.7567870616912842,1.819442629814148,2.2165608406066895,1.8974077701568604
86,0.7768633961677551,1.819006085395813,2.2619950771331787,1.8913829326629639
87,0.767065703868866,1.810196042060852,2.2420694828033447,1.8980190753936768
88,0.7982532978057861,1.8260358572006226,2.312549591064453,1.907342553138733
89,0.7563860416412354,1.7825523614883423,2.2527966499328613,1.9029549360275269
90,0.7745675444602966,1.8204065561294556,2.2487199306488037,1.8812247514724731
91,0.784163236618042,1.7886910438537598,2.2864840030670166,1.8850828409194946
92,0.7817691564559937,1.8497272729873657,2.2631893157958984,1.91798734664917
93,0.7916774749755859,1.8493207693099976,2.2847015857696533,1.9110122919082642
94,0.778353214263916,1.877558708190918,2.2423932552337646,1.9206936359405518
95,0.7780473232269287,1.835519552230835,2.2726097106933594,1.8903663158416748
96,0.7871547937393188,1.8682188987731934,2.27382755279541,1.9069035053253174
97,0.7938502430915833,1.8490341901779175,2.2777445316314697,1.9107530117034912
98,0.8067977428436279,1.9030026197433472,2.2957592010498047,1.9424833059310913
99,0.7896941304206848,1.8194832801818848,2.2631995677948,1.8731439113616943
100,0.8048712611198425,1.8463503122329712,2.298299551010132,1.8969066143035889
101,0.7975325584411621,1.9029231071472168,2.2707161903381348,1.9266349077224731
102,0.8065128922462463,1.8659957647323608,2.289158344268799,1.8861546516418457
103,0.7950102686882019,1.8382359743118286,2.2742016315460205,1.8794243335723877
104,0.7998735308647156,1.846551537513733,2.271444320678711,1.883441686630249
105,0.8052657842636108,1.85908043384552,2.2862493991851807,1.8806318044662476
106,0.8058319687843323,1.8982787132263184,2.3028783798217773,1.9316275119781494
107,0.8535516262054443,2.05880069732666,2.4600865840911865,2.146756887435913
108,0.8031324148178101,1.8543628454208374,2.351344108581543,2.0136537551879883
109,0.8175100684165955,1.8695017099380493,2.34653902053833,1.9702550172805786
110,0.807907223701477,1.893312692642212,2.3225691318511963,1.9439358711242676
111,0.8140271306037903,1.8813527822494507,2.322923183441162,1.9452197551727295
112,0.8216044902801514,1.9168397188186646,2.3622257709503174,1.9930119514465332
113,0.8209177255630493,1.8414555788040161,2.321589469909668,1.9007624387741089
114,0.8080504536628723,1.8706849813461304,2.299866199493408,1.9056034088134766
115,0.8077698945999146,1.9034916162490845,2.307657241821289,1.954850673675537
116,0.8080571293830872,1.8931124210357666,2.286768674850464,1.8881901502609253
117,0.8196136355400085,1.946734070777893,2.2926809787750244,1.935417652130127
118,0.8302007913589478,1.9334025382995605,2.312734842300415,1.906240701675415
119,0.8179375529289246,1.8873934745788574,2.308163642883301,1.9160146713256836
120,0.8179715275764465,1.8941513299942017,2.3138999938964844,1.9047284126281738
121,0.8443177938461304,1.9641605615615845,2.3281681537628174,1.9241461753845215
122,0.8416835069656372,1.931158423423767,2.3489747047424316,1.9403730630874634
123,0.8259397149085999,1.942865014076233,2.3150405883789062,1.9367518424987793
124,0.8361209034919739,1.9445310831069946,2.311337471008301,1.9096728563308716
125,0.83558189868927,1.9161560535430908,2.3271262645721436,1.9155336618423462
126,0.8350995182991028,1.894019365310669,2.349414587020874,1.909669041633606
127,0.8192771077156067,1.8899109363555908,2.2984981536865234,1.9118441343307495
128,0.8375517725944519,1.8958929777145386,2.3410298824310303,1.8953574895858765
129,0.8396041393280029,1.935274362564087,2.3277852535247803,1.9281182289123535
130,0.8398875594139099,1.92243230342865,2.344883918762207,1.9193142652511597
131,0.8378182649612427,1.9212883710861206,2.31786847114563,1.9151118993759155
132,0.8528892993927002,1.9504063129425049,2.354360818862915,1.9206457138061523
133,0.8585571646690369,1.997820496559143,2.35209059715271,1.936862826347351
134,0.856290340423584,2.018130302429199,2.3536217212677,1.96688973903656
135,0.8351287245750427,1.9597346782684326,2.314303159713745,1.9369875192642212
136,0.8553429245948792,1.9631779193878174,2.3349790573120117,1.9162393808364868
137,0.846531331539154,2.030252456665039,2.2994284629821777,1.9470202922821045
138,0.8535169959068298,2.00822114944458,2.3235068321228027,1.951318621635437
139,0.8515306115150452,2.0306599140167236,2.292945384979248,1.9512265920639038
140,0.8594029545783997,1.9820880889892578,2.303483486175537,1.8892849683761597
141,0.970849871635437,2.038187026977539,2.3011364936828613,1.9298334121704102
142,0.8744282126426697,1.9630802869796753,2.378384590148926,1.9341685771942139
143,0.8613522052764893,1.9984815120697021,2.336318254470825,1.930229902267456
144,0.8651711940765381,1.9436745643615723,2.3381834030151367,1.8990916013717651
145,0.8539572954177856,1.9918484687805176,2.315342426300049,1.9683935642242432
146,0.8787577152252197,1.9698964357376099,2.344989538192749,1.9299858808517456
147,0.9245248436927795,2.0022194385528564,2.3242597579956055,1.8839670419692993
148,0.9243817925453186,1.983848214149475,2.317976236343384,1.9136788845062256
149,0.9348903298377991,2.0255815982818604,2.272496223449707,1.927141547203064
150,0.9665447473526001,2.00327467918396,2.318142890930176,1.9011142253875732
151,0.9557766914367676,2.0082812309265137,2.3060402870178223,1.897819995880127
152,0.9501859545707703,2.0488662719726562,2.2732324600219727,1.8995379209518433
153,0.9665684103965759,2.107921838760376,2.2744967937469482,1.9032254219055176
154,0.9604879021644592,2.0875556468963623,2.2705063819885254,1.8772320747375488
155,1.1268303394317627,2.1732211112976074,2.3117058277130127,1.9373633861541748
156,1.1150414943695068,2.1282222270965576,2.290400981903076,1.8902158737182617
157,0.9976702332496643,2.1425132751464844,2.2910969257354736,1.8963711261749268
158,0.9974291324615479,2.148301839828491,2.2824349403381348,1.890276312828064
159,1.1385310888290405,2.1305298805236816,2.2777316570281982,1.8731251955032349
160,1.0066797733306885,2.1267361640930176,2.285234212875366,1.877677321434021
161,1.0142478942871094,2.1296699047088623,2.2874252796173096,1.8729472160339355
162,1.0272048711776733,2.1366729736328125,2.308960199356079,1.8773967027664185
163,1.0386017560958862,2.1506900787353516,2.297337293624878,1.8623218536376953
164,1.068006992340088,2.2498927116394043,2.3207859992980957,1.937604546546936
165,1.047614336013794,2.167276620864868,2.2915797233581543,1.8719078302383423
166,1.0655268430709839,2.1948082447052,2.323774576187134,1.8998792171478271
167,1.0550363063812256,2.1666736602783203,2.3000662326812744,1.8662179708480835
168,1.051323652267456,2.158773422241211,2.295832395553589,1.8738768100738525
169,1.0694935321807861,2.194714069366455,2.3008835315704346,1.8761110305786133
170,1.0628165006637573,2.1601638793945312,2.2900893688201904,1.8616459369659424
171,1.0876034498214722,2.22819185256958,2.3274974822998047,1.9223566055297852
172,1.082983374595642,2.2031099796295166,2.304400682449341,1.88072669506073
173,1.089785099029541,2.216912031173706,2.300081968307495,1.873703956604004
174,1.0907865762710571,2.2335381507873535,2.296123743057251,1.8805804252624512
175,1.0947716236114502,2.22707462310791,2.3041656017303467,1.8674299716949463
176,1.0902975797653198,2.195158004760742,2.3047211170196533,1.8602399826049805
177,1.0935821533203125,2.21537184715271,2.2929162979125977,1.8645455837249756
178,1.0956915616989136,2.2031822204589844,2.293606996536255,1.8399951457977295
179,1.1100281476974487,2.227853775024414,2.320338487625122,1.8662512302398682
180,1.1268846988677979,2.34139347076416,2.308947801589966,1.9648898839950562
181,1.1249239444732666,2.274012565612793,2.3092668056488037,1.891406536102295
182,1.113163709640503,2.248439311981201,2.2919070720672607,1.8700872659683228
183,1.112230896949768,2.2615339756011963,2.293738842010498,1.8834097385406494
184,1.1187989711761475,2.29472279548645,2.2981526851654053,1.897729516029358
185,1.111660122871399,2.251718521118164,2.313505172729492,1.8629844188690186
186,1.1177337169647217,2.251850128173828,2.3169479370117188,1.8699537515640259
187,1.1238954067230225,2.287461757659912,2.3026580810546875,1.8746285438537598
188,1.1307525634765625,2.2690069675445557,2.32926607131958,1.8735638856887817
189,1.1406288146972656,2.2969141006469727,2.3104379177093506,1.872968316078186
190,1.1357413530349731,2.2753000259399414,2.3040990829467773,1.8604243993759155
191,1.1467478275299072,2.287940263748169,2.308919668197632,1.857540488243103
192,1.15045166015625,2.297816276550293,2.3162901401519775,1.867307424545288
193,1.1467808485031128,2.2796950340270996,2.3226122856140137,1.8562886714935303
194,1.1408615112304688,2.286716938018799,2.303595542907715,1.8756171464920044
195,1.1412595510482788,2.2637696266174316,2.312443733215332,1.8473939895629883
196,1.143835186958313,2.285357713699341,2.3087611198425293,1.8564661741256714
197,1.1487107276916504,2.28513240814209,2.3212766647338867,1.8538378477096558
198,1.15361750125885,2.289724826812744,2.331378221511841,1.8580446243286133
199,1.1909611225128174,2.4071030616760254,2.368359088897705,1.9375200271606445
200,1.1756420135498047,2.369704008102417,2.328885078430176,1.8990064859390259
201,1.1849861145019531,2.40474796295166,2.323484182357788,1.9244980812072754
202,1.1734083890914917,2.3653323650360107,2.330057144165039,1.9080528020858765
203,1.1692266464233398,2.3548521995544434,2.321655511856079,1.9084922075271606
204,1.1702724695205688,2.347618341445923,2.323974132537842,1.8912137746810913
205,1.177247405052185,2.3790299892425537,2.3280222415924072,1.9139182567596436
206,1.174574851989746,2.3428735733032227,2.345661163330078,1.8874614238739014
207,1.1707961559295654,2.346302032470703,2.328038454055786,1.8894745111465454
208,1.1864345073699951,2.3757548332214355,2.336787700653076,1.8931009769439697
209,1.1933454275131226,2.399918556213379,2.3304402828216553,1.8943578004837036
210,1.192590594291687,2.3882853984832764,2.331768274307251,1.8803170919418335
211,1.1886451244354248,2.364053726196289,2.345606565475464,1.8783867359161377
212,1.1969705820083618,2.384937286376953,2.348602294921875,1.8770307302474976
213,1.1814796924591064,2.341618061065674,2.3460867404937744,1.867348313331604
214,1.1909394264221191,2.3614931106567383,2.3348257541656494,1.867820143699646
215,1.1899685859680176,2.3397884368896484,2.3694639205932617,1.8659241199493408
216,1.1842336654663086,2.3515217304229736,2.3475890159606934,1.8735854625701904
217,1.1889475584030151,2.3486759662628174,2.3379220962524414,1.8510860204696655
218,1.2021228075027466,2.3986735343933105,2.3367390632629395,1.8869062662124634
219,1.2097656726837158,2.3770265579223633,2.348010301589966,1.8552263975143433
220,1.2141149044036865,2.42130446434021,2.325206995010376,1.8855777978897095
221,1.2039897441864014,2.3646042346954346,2.3385534286499023,1.851091980934143
222,1.206206202507019,2.37083101272583,2.3340072631835938,1.8577038049697876
223,1.3437412977218628,2.400777816772461,2.341513156890869,1.8838863372802734
224,1.2189297676086426,2.3703019618988037,2.3518762588500977,1.8485326766967773
225,1.2217192649841309,2.383066177368164,2.334643602371216,1.8581300973892212
226,1.2180240154266357,2.3731822967529297,2.339118242263794,1.858143925666809
227,1.220680832862854,2.3758084774017334,2.343996524810791,1.8685245513916016
228,1.233683466911316,2.3864588737487793,2.350250244140625,1.8612098693847656
229,1.2336575984954834,2.398268938064575,2.331575393676758,1.8668062686920166
230,1.2326472997665405,2.3693058490753174,2.347243309020996,1.8532313108444214
231,1.2323799133300781,2.374070644378662,2.3279364109039307,1.8403832912445068
232,1.261985182762146,2.4738917350769043,2.344496965408325,1.9070656299591064
233,1.2420164346694946,2.412409543991089,2.3287603855133057,1.8715126514434814
234,1.260853886604309,2.470839262008667,2.356508493423462,1.9117075204849243
235,1.2410906553268433,2.408267021179199,2.345315456390381,1.8753957748413086
236,1.2472567558288574,2.4093918800354004,2.354468822479248,1.8620173931121826
237,1.2491525411605835,2.4172604084014893,2.3480679988861084,1.8669923543930054
238,1.2484469413757324,2.4168546199798584,2.3393609523773193,1.8572419881820679
239,1.256395936012268,2.42822265625,2.352241277694702,1.8617570400238037
240,1.2654873132705688,2.4364445209503174,2.370837450027466,1.860569715499878
241,1.2582778930664062,2.414607048034668,2.3643593788146973,1.8539975881576538
242,1.2659029960632324,2.438646078109741,2.3620553016662598,1.8600611686706543
243,1.2658300399780273,2.462183952331543,2.3524463176727295,1.8855384588241577
244,1.26298987865448,2.438676595687866,2.349307060241699,1.858189582824707
245,1.2776678800582886,2.4455726146698,2.388124942779541,1.8558253049850464
246,1.273719310760498,2.4668424129486084,2.3631887435913086,1.8599556684494019
247,1.2719659805297852,2.456745147705078,2.361550807952881,1.860342025756836
248,1.2597956657409668,2.4323315620422363,2.345370292663574,1.8525089025497437
249,1.2669705152511597,2.464348793029785,2.341623306274414,1.8765299320220947
250,1.2740780115127563,2.45601749420166,2.3596351146698,1.8576459884643555
251,1.285090684890747,2.476210355758667,2.3710925579071045,1.8596571683883667
252,1.2705413103103638,2.461526393890381,2.359158515930176,1.8664482831954956
253,1.2683629989624023,2.4517343044281006,2.355043411254883,1.856709599494934
254,1.2817177772521973,2.4935333728790283,2.3462679386138916,1.863425850868225
255,1.2743862867355347,2.46085262298584,2.3669729232788086,1.857818603515625
256,1.2840135097503662,2.479962110519409,2.3567702770233154,1.8514834642410278
257,1.2821526527404785,2.476016044616699,2.3541152477264404,1.8507335186004639
258,1.2822778224945068,2.4625484943389893,2.367328405380249,1.8360670804977417
259,1.2856909036636353,2.47385835647583,2.3675589561462402,1.8528698682785034
260,1.2820795774459839,2.4831488132476807,2.3604018688201904,1.8679440021514893
261,1.3854963779449463,2.480908155441284,2.335862159729004,1.858036756515503
262,1.2859752178192139,2.46575665473938,2.3696393966674805,1.8454563617706299
263,1.2936524152755737,2.4900810718536377,2.3676326274871826,1.857808232307434
264,1.2851547002792358,2.470616579055786,2.37712025642395,1.8555493354797363
265,1.4039071798324585,2.4657044410705566,2.362657308578491,1.8765348196029663
266,1.386117696762085,2.4695847034454346,2.348658561706543,1.852736473083496
267,1.4070947170257568,2.4800827503204346,2.3431804180145264,1.8782775402069092
268,1.4206820726394653,2.470818281173706,2.3539228439331055,1.8563413619995117
269,1.397815227508545,2.4917352199554443,2.339931011199951,1.8785605430603027
270,1.4091365337371826,2.5157947540283203,2.344547748565674,1.8707282543182373
271,1.4158663749694824,2.5118181705474854,2.3734827041625977,1.8924936056137085
272,1.304173231124878,2.508572578430176,2.364535331726074,1.8568682670593262
273,1.4104599952697754,2.4704880714416504,2.40012526512146,1.8483368158340454
274,1.3025749921798706,2.500115156173706,2.3718161582946777,1.8606573343276978
275,1.300977110862732,2.4804928302764893,2.373237133026123,1.855310320854187
276,1.3013590574264526,2.47780442237854,2.3583760261535645,1.8503071069717407
277,1.3268606662750244,2.5217249393463135,2.3622446060180664,1.8654530048370361
278,1.3296031951904297,2.497485876083374,2.381571054458618,1.853713870048523
279,1.3313961029052734,2.494468927383423,2.3603906631469727,1.8401814699172974
280,1.3437542915344238,2.515744924545288,2.3694300651550293,1.8523603677749634
281,1.3467180728912354,2.54215145111084,2.354130506515503,1.8686305284500122
282,1.354516863822937,2.5365474224090576,2.365971088409424,1.8550047874450684
283,1.3608369827270508,2.5317177772521973,2.3803913593292236,1.85763680934906
284,1.3611356019973755,2.538851499557495,2.3744747638702393,1.8536008596420288
285,1.3653454780578613,2.5488176345825195,2.3695273399353027,1.850195050239563
286,1.3542563915252686,2.538017988204956,2.3542301654815674,1.8633859157562256
287,1.3657677173614502,2.552420139312744,2.36295747756958,1.8604425191879272
288,1.3605151176452637,2.524974822998047,2.3774847984313965,1.8549076318740845
289,1.3647061586380005,2.5412662029266357,2.374861001968384,1.8593547344207764
290,1.3627424240112305,2.5421595573425293,2.3695337772369385,1.8592305183410645
291,1.3699663877487183,2.562406539916992,2.3642446994781494,1.8533326387405396
292,1.3666743040084839,2.530712127685547,2.3845293521881104,1.85662841796875
293,1.3649492263793945,2.549118995666504,2.3597075939178467,1.8617502450942993
294,1.365007758140564,2.537179946899414,2.3676280975341797,1.8537929058074951
295,1.3916938304901123,2.5967628955841064,2.3803820610046387,1.865185022354126
296,1.374393343925476,2.564096212387085,2.3569893836975098,1.8508119583129883
297,1.4519507884979248,2.5362908840179443,2.368375539779663,1.8597317934036255
298,1.45766019821167,2.5535998344421387,2.363365650177002,1.8665251731872559
299,1.3781033754348755,2.581550121307373,2.3578977584838867,1.8616324663162231
300,1.3862072229385376,2.567056655883789,2.3843984603881836,1.8495999574661255
301,1.3844953775405884,2.5782926082611084,2.3752403259277344,1.8531252145767212
302,1.3870766162872314,2.581352472305298,2.3652048110961914,1.8429852724075317
303,1.4686001539230347,2.5624806880950928,2.377509832382202,1.8534598350524902
304,1.4720134735107422,2.5546743869781494,2.3715572357177734,1.855311632156372
305,1.4576858282089233,2.5449652671813965,2.3723459243774414,1.8456286191940308
306,1.4705419540405273,2.557518720626831,2.3787293434143066,1.8474270105361938
307,1.457482933998108,2.5517523288726807,2.370384931564331,1.8391990661621094
308,1.3915951251983643,2.5772550106048584,2.3757736682891846,1.8301897048950195
309,1.4779974222183228,2.5587000846862793,2.367488145828247,1.8402471542358398
310,1.4131513833999634,2.67523455619812,2.3757283687591553,1.927329182624817
311,1.5057982206344604,2.6468629837036133,2.393059730529785,1.8946092128753662
312,1.4915995597839355,2.627748966217041,2.3889753818511963,1.908979892730713
313,1.422063946723938,2.668081521987915,2.383671283721924,1.884690284729004
314,1.4011058807373047,2.62247371673584,2.3682150840759277,1.8698627948760986
315,1.4116946458816528,2.624173879623413,2.3886258602142334,1.8633694648742676
316,1.4008142948150635,2.602670431137085,2.376131057739258,1.8488434553146362
317,1.4712021350860596,2.574389696121216,2.386281728744507,1.856712818145752
318,1.4063345193862915,2.630371570587158,2.382542610168457,1.8763952255249023
319,1.4108667373657227,2.643181800842285,2.374727964401245,1.8888881206512451
320,1.4066170454025269,2.6225953102111816,2.384114980697632,1.872393250465393
321,1.4889296293258667,2.6195640563964844,2.380160093307495,1.8905142545700073
322,1.4939820766448975,2.617464780807495,2.371959686279297,1.8937292098999023
323,1.4063427448272705,2.624706268310547,2.3919661045074463,1.8855410814285278
324,1.475327968597412,2.5583906173706055,2.383148670196533,1.867418885231018
325,1.4176222085952759,2.661468505859375,2.3647215366363525,1.8749603033065796
326,1.4843454360961914,2.5994436740875244,2.379753589630127,1.8663668632507324
327,1.4861154556274414,2.597735643386841,2.3824288845062256,1.8562521934509277
328,1.476500153541565,2.5650439262390137,2.371642827987671,1.8523547649383545
329,1.4860893487930298,2.580451488494873,2.3911826610565186,1.8588289022445679
330,1.4886783361434937,2.5968410968780518,2.386686325073242,1.8598767518997192
331,1.405758261680603,2.6027939319610596,2.3910269737243652,1.8638521432876587
332,1.471695899963379,2.5710136890411377,2.3826370239257812,1.8512672185897827
333,1.4017093181610107,2.590676784515381,2.3788347244262695,1.8456106185913086
334,1.4758222103118896,2.572474956512451,2.3863372802734375,1.8518741130828857
335,1.475797414779663,2.583062171936035,2.3901162147521973,1.8551188707351685
336,1.4069712162017822,2.583979606628418,2.386662244796753,1.8364343643188477
337,1.410721778869629,2.6097822189331055,2.3855247497558594,1.862084150314331
338,1.4878637790679932,2.598146677017212,2.3828775882720947,1.8561537265777588
339,1.406090497970581,2.586562156677246,2.3836138248443604,1.83931565284729
340,1.4029226303100586,2.584038496017456,2.382829427719116,1.8482575416564941
341,1.4088501930236816,2.593500852584839,2.3816168308258057,1.8397055864334106
342,1.408913493156433,2.589421510696411,2.3836870193481445,1.8392468690872192
343,1.4841901063919067,2.577455520629883,2.374321937561035,1.8472861051559448
344,1.4083569049835205,2.5971763134002686,2.380145311355591,1.8468867540359497
345,1.4801055192947388,2.5765957832336426,2.382753372192383,1.8504186868667603
346,1.4758116006851196,2.585193157196045,2.378758430480957,1.8546092510223389
347,1.4867476224899292,2.5920779705047607,2.389066219329834,1.8483808040618896
348,1.4784400463104248,2.5771892070770264,2.387223720550537,1.843592643737793
349,1.4747228622436523,2.581275701522827,2.3792645931243896,1.851509928703308
350,1.416029453277588,2.6019721031188965,2.386718511581421,1.8393982648849487
351,1.4108914136886597,2.6015868186950684,2.379728317260742,1.8467116355895996
352,1.4809544086456299,2.5870201587677,2.3832528591156006,1.846645712852478
353,1.415817379951477,2.6008169651031494,2.380293130874634,1.8402562141418457
354,1.4140681028366089,2.596367120742798,2.3838977813720703,1.8442808389663696
355,1.479604959487915,2.5766196250915527,2.3753890991210938,1.8476426601409912
356,1.4249756336212158,2.6213185787200928,2.3906922340393066,1.852006435394287
357,1.415244460105896,2.5913922786712646,2.3887124061584473,1.8427610397338867
358,1.4881761074066162,2.5733296871185303,2.387509346008301,1.8390228748321533
359,1.4890918731689453,2.586277484893799,2.378756284713745,1.8495292663574219
360,1.4186691045761108,2.600343942642212,2.384922981262207,1.8443199396133423
