1,3.546867609024048,0.5776107311248779,4.323719024658203,0.3733053505420685
2,2.782728910446167,0.8121362328529358,3.948514938354492,0.7191567420959473
3,2.5109596252441406,0.8259996771812439,3.690967082977295,0.8536280989646912
4,2.2487757205963135,0.8756512403488159,3.528571367263794,0.9300772547721863
5,2.003262996673584,0.9648541808128357,3.422013998031616,0.9948712587356567
6,2.075817823410034,0.9777503609657288,3.42419695854187,0.9962798953056335
7,1.1087381839752197,1.154576301574707,2.67470121383667,1.6026909351348877
8,0.9509891271591187,1.0494087934494019,2.508408784866333,1.63230299949646
9,0.6418586373329163,1.0799672603607178,2.249182939529419,1.8327277898788452
10,0.7000693678855896,0.9777003526687622,2.2865357398986816,1.6940077543258667
11,0.8966286182403564,1.3163766860961914,2.497305154800415,1.6375948190689087
12,0.6134262681007385,1.0027549266815186,2.194357395172119,1.733306884765625
13,0.9143418073654175,1.4202368259429932,2.322557210922241,1.7062058448791504
14,0.6174512505531311,1.0312340259552002,2.1253890991210938,1.740139365196228
15,0.5926358103752136,1.0842511653900146,2.070169687271118,1.7882848978042603
16,0.7147871851921082,1.161753535270691,2.07167911529541,1.7518560886383057
17,0.746095597743988,1.1678099632263184,2.0713014602661133,1.7352250814437866
18,0.7439860701560974,1.2439336776733398,2.0418012142181396,1.771571159362793
19,0.7633827924728394,1.214438557624817,2.0576164722442627,1.750266194343567
20,0.7636592984199524,1.2645976543426514,2.067631959915161,1.7799193859100342
21,0.7534088492393494,1.3073736429214478,2.053539991378784,1.7860422134399414
22,0.7836605906486511,1.3273301124572754,2.107135057449341,1.7817491292953491
23,0.7525737285614014,1.379676342010498,2.0717318058013916,1.812429428100586
24,0.7385186553001404,1.3730295896530151,2.067750930786133,1.8052273988723755
25,0.7298421263694763,1.4194273948669434,2.0777878761291504,1.848764181137085
26,0.7349056601524353,1.4254380464553833,2.0792574882507324,1.8411803245544434
27,0.7378048896789551,1.470845103263855,2.091376304626465,1.839798092842102
28,0.7490505576133728,1.445237398147583,2.105156421661377,1.8234153985977173
29,0.7518972158432007,1.5104098320007324,2.0928070545196533,1.8483648300170898
30,0.7554258108139038,1.5004316568374634,2.102242946624756,1.8306728601455688
31,0.7674282193183899,1.555015206336975,2.1091034412384033,1.8545736074447632
32,0.7548719644546509,1.493536114692688,2.117673873901367,1.8276296854019165
33,0.7612628936767578,1.5746129751205444,2.1091535091400146,1.8409013748168945
34,0.762752115726471,1.5848764181137085,2.136369228363037,1.8551702499389648
35,0.7622536420822144,1.6139732599258423,2.1246862411499023,1.8744081258773804
36,0.778282880783081,1.63373863697052,2.1389095783233643,1.879625678062439
37,0.7719645500183105,1.5807244777679443,2.1358370780944824,1.864333152770996
38,0.7903430461883545,1.6291230916976929,2.142594814300537,1.8271217346191406
39,0.776448130607605,1.634271502494812,2.133936882019043,1.8512895107269287
40,0.7777352929115295,1.660868525505066,2.131187677383423,1.8765923976898193
41,0.7884255051612854,1.6371569633483887,2.1723196506500244,1.8536382913589478
42,0.7896835803985596,1.6469004154205322,2.156797170639038,1.843766212463379
43,0.8036441206932068,1.6753870248794556,2.1878662109375,1.8496873378753662
44,0.7874912023544312,1.6800776720046997,2.1665589809417725,1.8549741506576538
45,0.7929385900497437,1.6835613250732422,2.158121109008789,1.84561026096344
46,0.8158562779426575,1.702547550201416,2.174464702606201,1.8402141332626343
47,0.7949715852737427,1.692179799079895,2.157146692276001,1.8539224863052368
48,0.8035008907318115,1.7266063690185547,2.162874221801758,1.8815128803253174
49,0.8144779205322266,1.6912670135498047,2.2204620838165283,1.8848589658737183
50,0.7942960262298584,1.7223730087280273,2.1669716835021973,1.8686333894729614
51,0.8041605353355408,1.7673105001449585,2.173161268234253,1.8901045322418213
52,0.8305761814117432,1.7358167171478271,2.2066400051116943,1.869475245475769
53,0.8220996856689453,1.7324721813201904,2.2055885791778564,1.8812577724456787
54,0.8139032125473022,1.7662031650543213,2.1767923831939697,1.8632756471633911
55,0.8358867764472961,1.782568335533142,2.2181737422943115,1.8723043203353882
56,0.8312914967536926,1.8144422769546509,2.2030012607574463,1.88512122631073
57,0.8289139270782471,1.760843276977539,2.1979682445526123,1.8586978912353516
58,0.8342621922492981,1.791316270828247,2.2037925720214844,1.8560912609100342
59,0.8305513858795166,1.7945444583892822,2.2096049785614014,1.8860090970993042
60,0.8423900008201599,1.8025013208389282,2.221897602081299,1.86338472366333
61,0.8320704698562622,1.7991677522659302,2.1999266147613525,1.8596247434616089
62,0.8285782337188721,1.784366250038147,2.1926090717315674,1.8475607633590698
63,0.8442807793617249,1.8688147068023682,2.205543041229248,1.9029566049575806
64,0.8481838703155518,1.8384610414505005,2.2185328006744385,1.878394603729248
65,0.854649007320404,1.8591020107269287,2.2166478633880615,1.8747248649597168
66,0.8533867001533508,1.8144571781158447,2.209388017654419,1.848671555519104
67,0.852152407169342,1.8515292406082153,2.2036428451538086,1.8613606691360474
68,0.8613953590393066,1.8284235000610352,2.254768133163452,1.8620710372924805
69,0.8514026403427124,1.8506413698196411,2.208141803741455,1.8642092943191528
70,0.86097252368927,1.8727248907089233,2.2395055294036865,1.8850756883621216
71,0.8511000871658325,1.8277828693389893,2.237029552459717,1.8596389293670654
72,0.8614102005958557,1.9028754234313965,2.234065055847168,1.875032901763916
73,0.8609117269515991,1.8832722902297974,2.222560405731201,1.8611726760864258
74,0.8757824301719666,1.8992117643356323,2.2509958744049072,1.8574570417404175
75,0.8557746410369873,1.8485158681869507,2.219393491744995,1.8504546880722046
76,0.8748883605003357,1.8943798542022705,2.236499547958374,1.8658154010772705
77,0.8738535642623901,1.9318571090698242,2.2280054092407227,1.8729579448699951
78,0.8731927871704102,1.9465508460998535,2.2212021350860596,1.8893725872039795
79,0.8639490008354187,1.9156360626220703,2.2198646068573,1.8852494955062866
80,0.8643026351928711,1.9127333164215088,2.2175374031066895,1.8525235652923584
81,0.8730378746986389,1.9383033514022827,2.225717782974243,1.8926540613174438
82,0.8877664804458618,1.9413617849349976,2.2311689853668213,1.8821779489517212
83,0.8861464858055115,1.9529743194580078,2.2560484409332275,1.88266122341156
84,0.8945754170417786,1.923461675643921,2.248687267303467,1.829898715019226
85,0.8949552774429321,1.9535413980484009,2.295232057571411,1.9110370874404907
86,0.902026355266571,1.9617087841033936,2.2679808139801025,1.8767333030700684
87,0.8931697010993958,1.9336059093475342,2.286043643951416,1.8898513317108154
88,0.9123813509941101,1.9835524559020996,2.295412302017212,1.885066270828247
89,0.886834979057312,1.9832968711853027,2.2392451763153076,1.9000399112701416
90,0.9095664620399475,2.0347745418548584,2.2899065017700195,1.9650541543960571
91,0.8963959217071533,1.9224687814712524,2.3144850730895996,1.9333736896514893
92,0.8945567607879639,1.9809831380844116,2.2771518230438232,1.9283989667892456
93,0.9001251459121704,2.019472122192383,2.2609872817993164,1.919061541557312
94,0.89552903175354,1.9387354850769043,2.288367986679077,1.8909109830856323
95,0.9098380208015442,1.991283655166626,2.277517318725586,1.914748191833496
96,0.8865767121315002,1.9606131315231323,2.2631447315216064,1.921412467956543
97,0.9132473468780518,2.0109362602233887,2.3000800609588623,1.9227224588394165
98,0.9004877805709839,1.9304052591323853,2.2775845527648926,1.8704556226730347
99,0.9209831953048706,2.009025812149048,2.2884633541107178,1.8963594436645508
100,0.9110019207000732,2.0085675716400146,2.2733688354492188,1.9065359830856323
101,0.9162437319755554,1.9840658903121948,2.3057758808135986,1.90488862991333
102,0.9133363962173462,1.9621082544326782,2.2890193462371826,1.8623915910720825
103,0.9261866807937622,1.9978151321411133,2.3236961364746094,1.9205844402313232
104,0.9073286652565002,2.0089449882507324,2.2651445865631104,1.9034589529037476
105,0.9131655097007751,2.0647928714752197,2.25849986076355,1.9151173830032349
106,0.9339408278465271,1.999603509902954,2.3138415813446045,1.8838614225387573
107,0.9392465353012085,2.008159637451172,2.328575849533081,1.8894652128219604
108,0.9380404949188232,1.9904218912124634,2.3119521141052246,1.8742748498916626
109,0.9245969653129578,2.035316228866577,2.2824196815490723,1.9039809703826904
110,0.9300798177719116,2.0576553344726562,2.282900810241699,1.9288614988327026
111,0.9311879277229309,2.0665788650512695,2.280697822570801,1.9066202640533447
112,0.9308691024780273,2.0508079528808594,2.2864365577697754,1.8929083347320557
113,0.9307031631469727,2.049973487854004,2.289199113845825,1.9026920795440674
114,0.9462182521820068,2.058572769165039,2.3186275959014893,1.9047491550445557
115,0.9229723215103149,2.0198171138763428,2.2833731174468994,1.8884122371673584
116,0.949249267578125,2.042351007461548,2.3245351314544678,1.8864691257476807
117,0.938626766204834,2.077113151550293,2.296980381011963,1.905556321144104
118,0.9232146143913269,2.0358376502990723,2.286235809326172,1.8906455039978027
119,0.9295355081558228,2.051858425140381,2.284472942352295,1.9123828411102295
120,0.9347742199897766,2.039008378982544,2.295809507369995,1.9079099893569946
121,0.9361401200294495,2.0831716060638428,2.2884528636932373,1.9205118417739868
122,0.9530205130577087,2.1280665397644043,2.2922043800354004,1.9288215637207031
123,0.9435321092605591,2.074367046356201,2.2898082733154297,1.9050875902175903
124,0.9445928335189819,2.061814546585083,2.280479669570923,1.8778784275054932
125,0.9460206627845764,2.0910747051239014,2.3109776973724365,1.9366313219070435
126,0.9350885152816772,2.082268476486206,2.292734384536743,1.9246952533721924
127,0.9554824829101562,2.042894124984741,2.3311550617218018,1.8780666589736938
128,0.9493229985237122,2.0800955295562744,2.3021419048309326,1.8922855854034424
129,0.9634201526641846,2.1219136714935303,2.3240253925323486,1.8980722427368164
130,0.9643944501876831,2.102762460708618,2.3406684398651123,1.9065160751342773
131,0.9673107266426086,2.0504276752471924,2.3454296588897705,1.8869572877883911
132,0.9701215028762817,2.081606149673462,2.3232369422912598,1.8921239376068115
133,0.9686273336410522,2.139519214630127,2.3178532123565674,1.9502265453338623
134,0.9776232838630676,2.126814126968384,2.3081352710723877,1.8887766599655151
135,0.9441904425621033,2.0787336826324463,2.2699027061462402,1.9021376371383667
136,0.9601391553878784,2.0670101642608643,2.309077739715576,1.8750311136245728
137,0.9660980701446533,2.096630334854126,2.342902421951294,1.9296622276306152
138,0.9665906429290771,2.1053502559661865,2.3340437412261963,1.929240107536316
139,0.9616883397102356,2.09552001953125,2.3185977935791016,1.912937879562378
140,0.9748245477676392,2.09106183052063,2.338899612426758,1.9099504947662354
141,0.9693678021430969,2.0968713760375977,2.3310370445251465,1.9124318361282349
142,0.9693154096603394,2.08341908454895,2.3410556316375732,1.92416512966156
143,0.9729005694389343,2.1005942821502686,2.332792282104492,1.9066250324249268
144,0.9980027079582214,2.259918212890625,2.3835930824279785,2.066408634185791
145,1.022605061531067,2.237107515335083,2.5071446895599365,2.0985801219940186
146,0.994008481502533,2.0965466499328613,2.510510206222534,2.1035759449005127
147,0.9435951113700867,1.9321379661560059,2.355018138885498,1.9241814613342285
148,0.9540857672691345,2.09371018409729,2.3517332077026367,2.0063464641571045
149,0.9385309219360352,2.0251569747924805,2.3448214530944824,1.9245543479919434
150,0.9769995808601379,2.165616989135742,2.3829736709594727,2.010120391845703
151,0.975538969039917,2.0966811180114746,2.4050681591033936,2.0043773651123047
152,0.9595271944999695,2.140181303024292,2.309635877609253,1.9690937995910645
153,0.9663565754890442,2.1465020179748535,2.2865700721740723,1.9268972873687744
154,1.1202718019485474,2.1371641159057617,2.3043949604034424,1.9167823791503906
155,1.159865140914917,2.169421911239624,2.3121836185455322,1.9209961891174316
156,1.147917628288269,2.187217950820923,2.303891181945801,1.9318161010742188
157,1.1540288925170898,2.1489925384521484,2.288799285888672,1.8936669826507568
158,1.1417181491851807,2.15748929977417,2.2956159114837646,1.8904359340667725
159,1.1795607805252075,2.160219669342041,2.3006513118743896,1.890392780303955
160,1.194398283958435,2.1614065170288086,2.304309368133545,1.8851182460784912
161,1.1896452903747559,2.180314064025879,2.321362018585205,1.914164662361145
162,1.2003661394119263,2.1806223392486572,2.3119170665740967,1.8987423181533813
163,1.0412650108337402,2.1797003746032715,2.317023277282715,1.8947370052337646
164,1.048136830329895,2.169980525970459,2.3032314777374268,1.8792673349380493
165,1.0956566333770752,2.2486612796783447,2.356412649154663,1.961266040802002
166,1.0917394161224365,2.1918580532073975,2.3304097652435303,1.8924521207809448
167,1.1114565134048462,2.1791961193084717,2.314687728881836,1.8638393878936768
168,1.1140731573104858,2.1649858951568604,2.319094657897949,1.8640377521514893
169,1.1242501735687256,2.1697983741760254,2.317568302154541,1.8649344444274902
170,1.1224581003189087,2.1878230571746826,2.2908194065093994,1.8596030473709106
171,1.159889817237854,2.3168442249298096,2.29217529296875,1.9278465509414673
172,1.141945719718933,2.2164382934570312,2.310842514038086,1.878731369972229
173,1.1274302005767822,2.226048231124878,2.2919914722442627,1.8777210712432861
174,1.126327395439148,2.226083278656006,2.2907252311706543,1.8708449602127075
175,1.1306636333465576,2.2561206817626953,2.305421829223633,1.8963117599487305
176,1.1433255672454834,2.2517805099487305,2.317474365234375,1.876137137413025
177,1.130906343460083,2.21431303024292,2.314329147338867,1.8528722524642944
178,1.1388757228851318,2.234816551208496,2.3235487937927246,1.8798314332962036
179,1.1402417421340942,2.23469614982605,2.316530466079712,1.8632973432540894
180,1.1449209451675415,2.274235725402832,2.2913177013397217,1.8753267526626587
181,1.1542129516601562,2.2684872150421143,2.325127124786377,1.8748048543930054
182,1.1478567123413086,2.258028745651245,2.3034160137176514,1.873949646949768
183,1.1593451499938965,2.2875449657440186,2.3110971450805664,1.8669887781143188
184,1.1731908321380615,2.2995336055755615,2.336275815963745,1.882361888885498
185,1.1608126163482666,2.2699923515319824,2.323385238647461,1.8622329235076904
186,1.1654947996139526,2.2913403511047363,2.311267852783203,1.8564494848251343
187,1.169305443763733,2.2941179275512695,2.3173086643218994,1.8659182786941528
188,1.1793849468231201,2.304058074951172,2.3201653957366943,1.8660145998001099
189,1.1850591897964478,2.345332384109497,2.3084704875946045,1.8804359436035156
190,1.1777232885360718,2.3057878017425537,2.3247737884521484,1.8622976541519165
191,1.1853630542755127,2.312786817550659,2.3414347171783447,1.882546067237854
192,1.189131498336792,2.319580554962158,2.338160514831543,1.873984694480896
193,1.185613751411438,2.3238673210144043,2.3246891498565674,1.871230959892273
194,1.1930564641952515,2.3356244564056396,2.3308498859405518,1.872117042541504
195,1.2032639980316162,2.3281826972961426,2.3496274948120117,1.8600893020629883
196,1.1930562257766724,2.3393185138702393,2.3165440559387207,1.8700014352798462
197,1.1968201398849487,2.337239980697632,2.333503007888794,1.873290777206421
198,1.2008131742477417,2.3328335285186768,2.3419816493988037,1.8636589050292969
199,1.1973562240600586,2.3279013633728027,2.3351407051086426,1.8553217649459839
200,1.2024112939834595,2.330660581588745,2.3399627208709717,1.8510372638702393
201,1.2071826457977295,2.3634908199310303,2.323044776916504,1.8657910823822021
202,1.2055994272232056,2.36574387550354,2.319429874420166,1.8663320541381836
203,1.212896704673767,2.370067834854126,2.3279974460601807,1.8600232601165771
204,1.2038291692733765,2.350731134414673,2.3227529525756836,1.8540185689926147
205,1.2149235010147095,2.36434006690979,2.324728488922119,1.8484373092651367
206,1.2131496667861938,2.342634439468384,2.336752414703369,1.8355064392089844
207,1.2186834812164307,2.3820338249206543,2.3361237049102783,1.8737152814865112
208,1.218508243560791,2.3757479190826416,2.3257360458374023,1.8503857851028442
209,1.2231225967407227,2.379041910171509,2.3367581367492676,1.8588536977767944
210,1.2233387231826782,2.3869810104370117,2.3356871604919434,1.8624452352523804
211,1.2363711595535278,2.413245677947998,2.34389066696167,1.8705990314483643
212,1.2303149700164795,2.388245105743408,2.333930492401123,1.8557552099227905
213,1.2260926961898804,2.381842851638794,2.3307435512542725,1.852347731590271
214,1.2263145446777344,2.3807711601257324,2.33412504196167,1.8521931171417236
215,1.23526930809021,2.3958349227905273,2.3384451866149902,1.853765606880188
216,1.2331109046936035,2.3935704231262207,2.3307077884674072,1.848860740661621
217,1.2427080869674683,2.424556016921997,2.344088554382324,1.8551465272903442
218,1.2282596826553345,2.4006576538085938,2.325728178024292,1.8554539680480957
219,1.234525203704834,2.4087131023406982,2.330456495285034,1.8651410341262817
220,1.2360796928405762,2.4098737239837646,2.3442726135253906,1.8660948276519775
221,1.2456815242767334,2.425682544708252,2.349001169204712,1.8644204139709473
222,1.2410684823989868,2.4239726066589355,2.3318727016448975,1.8563944101333618
223,1.2380074262619019,2.411118507385254,2.3392739295959473,1.8604395389556885
224,1.2426409721374512,2.4301838874816895,2.337151288986206,1.878729224205017
225,1.248388409614563,2.4393491744995117,2.3318779468536377,1.8601925373077393
226,1.2493231296539307,2.4435694217681885,2.3398420810699463,1.8623976707458496
227,1.2568020820617676,2.4405651092529297,2.3625359535217285,1.8620356321334839
228,1.2570111751556396,2.446017265319824,2.350552797317505,1.8510202169418335
229,1.2591016292572021,2.4375321865081787,2.3636677265167236,1.869608759880066
230,1.2704217433929443,2.421400547027588,2.3997840881347656,1.857290267944336
231,1.3089390993118286,2.5650088787078857,2.3929953575134277,1.9481016397476196
232,1.2772234678268433,2.466721773147583,2.3640568256378174,1.8889224529266357
233,1.3009796142578125,2.4717142581939697,2.405843496322632,1.8975735902786255
234,1.2996821403503418,2.4440884590148926,2.3687593936920166,1.853236198425293
235,1.2993383407592773,2.4506189823150635,2.3391976356506348,1.8524022102355957
236,1.312882900238037,2.4686167240142822,2.374380588531494,1.8806321620941162
237,1.317490577697754,2.4825210571289062,2.3622748851776123,1.8801316022872925
238,1.3072227239608765,2.4830310344696045,2.3377737998962402,1.8749085664749146
239,1.3077223300933838,2.4712371826171875,2.367234230041504,1.8695628643035889
240,1.3054277896881104,2.461441993713379,2.3598954677581787,1.8549208641052246
241,1.3121671676635742,2.495262384414673,2.3537981510162354,1.8754768371582031
242,1.3274548053741455,2.5292317867279053,2.3883633613586426,1.906002402305603
243,1.3072125911712646,2.470672369003296,2.3838984966278076,1.8704214096069336
244,1.3149741888046265,2.4887290000915527,2.36660099029541,1.868372917175293
245,1.310656189918518,2.4791665077209473,2.35530161857605,1.8594344854354858
246,1.3191444873809814,2.5003132820129395,2.3629026412963867,1.8694974184036255
247,1.323880672454834,2.5072667598724365,2.368051767349243,1.8665701150894165
248,1.3148874044418335,2.490859031677246,2.3556056022644043,1.862496018409729
249,1.323326826095581,2.499105930328369,2.363882303237915,1.8625881671905518
250,1.3245776891708374,2.5092968940734863,2.355234384536743,1.8690348863601685
251,1.3297630548477173,2.5209548473358154,2.364234209060669,1.8839243650436401
252,1.3251280784606934,2.495786666870117,2.362262487411499,1.8605830669403076
253,1.335495114326477,2.5120320320129395,2.368062734603882,1.862655758857727
254,1.3271675109863281,2.5057382583618164,2.361922264099121,1.8624193668365479
255,1.3290749788284302,2.522138833999634,2.3568925857543945,1.8720712661743164
256,1.343454360961914,2.5300190448760986,2.385650873184204,1.8697015047073364
257,1.3455207347869873,2.5508720874786377,2.3630571365356445,1.8704413175582886
258,1.3405044078826904,2.540005683898926,2.3578851222991943,1.8798788785934448
259,1.3430136442184448,2.538400888442993,2.3632240295410156,1.8762367963790894
260,1.3472543954849243,2.5253725051879883,2.3758111000061035,1.8558143377304077
261,1.3504520654678345,2.5483744144439697,2.371026039123535,1.8706294298171997
262,1.3464133739471436,2.539208173751831,2.362797737121582,1.8635483980178833
263,1.3504376411437988,2.5403711795806885,2.381488084793091,1.8763922452926636
264,1.3563374280929565,2.5684404373168945,2.377465009689331,1.881847620010376
265,1.3711780309677124,2.5877299308776855,2.3848161697387695,1.8846551179885864
266,1.3723957538604736,2.5802204608917236,2.3830649852752686,1.8699589967727661
267,1.351311206817627,2.5500271320343018,2.358827590942383,1.8678737878799438
268,1.3573577404022217,2.5598530769348145,2.3523857593536377,1.871155858039856
269,1.3532536029815674,2.557187080383301,2.3619959354400635,1.8735543489456177
270,1.359998106956482,2.572697162628174,2.3780291080474854,1.8826735019683838
271,1.3551337718963623,2.553215742111206,2.376465320587158,1.8781589269638062
272,1.3518733978271484,2.544466733932495,2.370542526245117,1.8608989715576172
273,1.3586260080337524,2.5634822845458984,2.3617136478424072,1.86697518825531
274,1.376226544380188,2.5969150066375732,2.384206533432007,1.8815580606460571
275,1.3634772300720215,2.585092067718506,2.3625648021698,1.8780910968780518
276,1.3649828433990479,2.56471848487854,2.3742482662200928,1.8659918308258057
277,1.3721777200698853,2.5773186683654785,2.397813558578491,1.8838390111923218
278,1.374470829963684,2.5787911415100098,2.3826873302459717,1.867146611213684
279,1.3710511922836304,2.5783133506774902,2.3717846870422363,1.8731871843338013
280,1.3765580654144287,2.5811562538146973,2.3824782371520996,1.8725395202636719
281,1.3777375221252441,2.5773894786834717,2.3913917541503906,1.8644441366195679
282,1.3693634271621704,2.582552671432495,2.373730182647705,1.864689826965332
283,1.3747944831848145,2.578416585922241,2.379389524459839,1.852710247039795
284,1.373451828956604,2.5816545486450195,2.3835866451263428,1.8729374408721924
285,1.3671008348464966,2.567970037460327,2.3667232990264893,1.853784203529358
286,1.372780680656433,2.590395927429199,2.3698720932006836,1.8678306341171265
287,1.3763402700424194,2.5797438621520996,2.3851771354675293,1.8644737005233765
288,1.3743205070495605,2.568406820297241,2.399393081665039,1.8660928010940552
289,1.481647253036499,2.5640182495117188,2.371598243713379,1.8699361085891724
290,1.5026153326034546,2.5543813705444336,2.4022881984710693,1.8794416189193726
291,1.4986070394515991,2.5597498416900635,2.396209716796875,1.8675506114959717
292,1.3856571912765503,2.592180013656616,2.383056879043579,1.8610174655914307
293,1.5003114938735962,2.5548574924468994,2.3940443992614746,1.882039189338684
294,1.3921467065811157,2.596912145614624,2.3843913078308105,1.8724948167800903
295,1.3919187784194946,2.588956594467163,2.372711420059204,1.8667806386947632
296,1.4044486284255981,2.615802526473999,2.388723850250244,1.873849868774414
297,1.384926199913025,2.5686681270599365,2.371225595474243,1.8533470630645752
298,1.4051755666732788,2.585669994354248,2.399139404296875,1.8556684255599976
299,1.4060053825378418,2.589304208755493,2.392594814300537,1.8518667221069336
300,1.4007713794708252,2.5770444869995117,2.3799147605895996,1.8529441356658936
301,1.4018855094909668,2.572535991668701,2.392717123031616,1.8641910552978516
302,1.4121465682983398,2.5863089561462402,2.397639274597168,1.8563003540039062
303,1.4123492240905762,2.601285696029663,2.388908624649048,1.8718924522399902
304,1.4080544710159302,2.5893330574035645,2.3843579292297363,1.8656522035598755
305,1.4073437452316284,2.5859322547912598,2.3888909816741943,1.8628093004226685
306,1.4157536029815674,2.6001415252685547,2.392641067504883,1.858555793762207
307,1.4133092164993286,2.602332353591919,2.3834004402160645,1.8573181629180908
308,1.407745122909546,2.5757482051849365,2.3965799808502197,1.8469558954238892
309,1.415360927581787,2.6072216033935547,2.3895158767700195,1.8632789850234985
310,1.4128831624984741,2.6022229194641113,2.3824503421783447,1.8562979698181152
311,1.419446349143982,2.6066832542419434,2.3883755207061768,1.8547683954238892
312,1.413956880569458,2.5958240032196045,2.386991262435913,1.8503559827804565
313,1.4146181344985962,2.6049304008483887,2.3810131549835205,1.8525547981262207
314,1.419702410697937,2.613182306289673,2.390831470489502,1.8625950813293457
315,1.405366063117981,2.5828921794891357,2.3724007606506348,1.8483682870864868
316,1.419729471206665,2.609636068344116,2.388707160949707,1.855320930480957
317,1.4156726598739624,2.6007330417633057,2.3830184936523438,1.8512365818023682
318,1.4208498001098633,2.6095757484436035,2.388916015625,1.8513035774230957
319,1.4124163389205933,2.611100673675537,2.3711202144622803,1.8632335662841797
320,1.4169774055480957,2.6063385009765625,2.3866124153137207,1.8583484888076782
321,1.4213213920593262,2.6086556911468506,2.3844974040985107,1.8422669172286987
322,1.4244999885559082,2.622856378555298,2.3895792961120605,1.858439326286316
323,1.4112393856048584,2.5854029655456543,2.3914008140563965,1.848718285560608
324,1.412173867225647,2.592472791671753,2.3897335529327393,1.8596893548965454
325,1.4195853471755981,2.6038970947265625,2.3928258419036865,1.85101318359375
326,1.4182825088500977,2.6067934036254883,2.3827877044677734,1.842504620552063
327,1.4115769863128662,2.5881407260894775,2.386964797973633,1.8461397886276245
328,1.414411187171936,2.6067652702331543,2.375006914138794,1.8517086505889893
329,1.513349175453186,2.5779922008514404,2.389502763748169,1.8582541942596436
330,1.4261544942855835,2.634448289871216,2.3779220581054688,1.8599294424057007
331,1.419687271118164,2.622642755508423,2.3759703636169434,1.8544020652770996
332,1.4221562147140503,2.6195170879364014,2.3811798095703125,1.8537408113479614
333,1.4200177192687988,2.6040453910827637,2.3878283500671387,1.8410378694534302
334,1.426830530166626,2.613415002822876,2.4029054641723633,1.8521859645843506
335,1.417914628982544,2.5979042053222656,2.3864035606384277,1.8436068296432495
336,1.4283044338226318,2.6446614265441895,2.3820149898529053,1.8709557056427002
337,1.4166213274002075,2.606942892074585,2.386626958847046,1.8535077571868896
338,1.4245989322662354,2.61953067779541,2.386777400970459,1.850520372390747
339,1.4180186986923218,2.6126012802124023,2.379209041595459,1.852770209312439
340,1.433142066001892,2.643704414367676,2.3857314586639404,1.8597185611724854
341,1.422723650932312,2.609121799468994,2.3923957347869873,1.8497462272644043
342,1.5278526544570923,2.590170383453369,2.3861377239227295,1.8542821407318115
343,1.523718237876892,2.575922966003418,2.3842382431030273,1.8503180742263794
344,1.4151718616485596,2.6031951904296875,2.3792660236358643,1.8450418710708618
345,1.4163804054260254,2.6036415100097656,2.3737502098083496,1.8448007106781006
346,1.5109752416610718,2.5673305988311768,2.378558874130249,1.8496078252792358
347,1.4298882484436035,2.628824472427368,2.396359443664551,1.8564397096633911
348,1.4284422397613525,2.625166416168213,2.3970754146575928,1.856476902961731
349,1.4175969362258911,2.6151440143585205,2.3752241134643555,1.855014681816101
350,1.4252946376800537,2.6289420127868652,2.386686086654663,1.8615659475326538
351,1.4236263036727905,2.6170520782470703,2.3910915851593018,1.8472317457199097
352,1.4304544925689697,2.6297922134399414,2.3954436779022217,1.8568851947784424
353,1.5260162353515625,2.5990841388702393,2.3876044750213623,1.8616106510162354
354,1.420503854751587,2.5966897010803223,2.387406349182129,1.8307663202285767
355,1.5183231830596924,2.569021463394165,2.380197286605835,1.843881368637085
356,1.5214972496032715,2.59635066986084,2.383113384246826,1.8632311820983887
357,1.5307021141052246,2.589820146560669,2.382077217102051,1.8553791046142578
358,1.5253815650939941,2.579671859741211,2.36753249168396,1.8508195877075195
359,1.4244227409362793,2.624459743499756,2.385504722595215,1.8498591184616089
360,1.5295805931091309,2.5981485843658447,2.3739328384399414,1.8519072532653809
