1,1.328627347946167,0.861083984375,2.8833584785461426,1.3671104907989502
2,1.249224305152893,0.8706960678100586,2.3803131580352783,1.3824511766433716
3,1.2306822538375854,0.8942686915397644,2.23721981048584,1.3559339046478271
4,1.082990050315857,0.8612812757492065,2.13590145111084,1.352980613708496
5,1.0433887243270874,0.8424437642097473,2.15728497505188,1.3212701082229614
6,1.0433887243270874,0.8424437642097473,2.15728497505188,1.3212701082229614
7,0.7349643707275391,0.7503784894943237,1.7807008028030396,1.5334700345993042
8,0.6952731609344482,0.7205735445022583,1.7511024475097656,1.5761388540267944
9,0.6771485209465027,0.7049393653869629,1.7620614767074585,1.601165771484375
10,0.6112901568412781,0.6470690965652466,1.7322638034820557,1.6112741231918335
11,0.5906717777252197,0.642473042011261,1.760481357574463,1.6632534265518188
12,0.5916327834129333,0.6294089555740356,1.7661957740783691,1.6460564136505127
13,0.602413535118103,0.6493045091629028,1.795974612236023,1.6810730695724487
14,0.5269742012023926,0.60173100233078,1.7299948930740356,1.676950454711914
15,0.48270586133003235,0.5778093934059143,1.732122778892517,1.6926991939544678
16,0.5319997668266296,0.6069579124450684,1.7557957172393799,1.694085717201233
17,0.48943349719047546,0.5989793539047241,1.7648580074310303,1.744429349899292
18,0.5243927836418152,0.6119301319122314,1.7670830488204956,1.7153390645980835
19,0.4907834529876709,0.5827901363372803,1.7383936643600464,1.7120798826217651
20,0.4836188554763794,0.5685245990753174,1.7643086910247803,1.7232835292816162
21,0.4594687223434448,0.5524052381515503,1.7580411434173584,1.7294237613677979
22,0.4857519865036011,0.5859010815620422,1.761782169342041,1.7306305170059204
23,0.4748899042606354,0.561859130859375,1.7417129278182983,1.7073009014129639
24,0.45436620712280273,0.5964608192443848,1.8412264585494995,1.8356419801712036
25,0.4611322283744812,0.5753275752067566,1.7697340250015259,1.7616807222366333
26,0.47807011008262634,0.5868017077445984,1.7738375663757324,1.7526618242263794
27,0.45523369312286377,0.5540176033973694,1.7850641012191772,1.7741838693618774
28,0.46409204602241516,0.5712748169898987,1.7467222213745117,1.737756371498108
29,0.4266383945941925,0.5534808039665222,1.750504970550537,1.7563610076904297
30,0.4410018026828766,0.536430299282074,1.7449029684066772,1.743759036064148
31,0.4465215802192688,0.5799623727798462,1.794480562210083,1.8030513525009155
32,0.3991248309612274,0.53446364402771,1.7423057556152344,1.7792203426361084
33,0.43413424491882324,0.5500929951667786,1.7794324159622192,1.7676944732666016
34,0.44528812170028687,0.5569566488265991,1.7580358982086182,1.7345150709152222
35,0.46901556849479675,0.5517958402633667,1.8388508558273315,1.7831060886383057
36,0.42886295914649963,0.5438781380653381,1.7968426942825317,1.7927024364471436
37,0.43657320737838745,0.5511026978492737,1.7614558935165405,1.7584725618362427
38,0.4350551664829254,0.5474197864532471,1.7695655822753906,1.76215660572052
39,0.4327217638492584,0.5741017460823059,1.7813869714736938,1.8098541498184204
40,0.41752803325653076,0.5374958515167236,1.7647660970687866,1.7722240686416626
41,0.4526187479496002,0.5788955092430115,1.7947410345077515,1.7761486768722534
42,0.4054938852787018,0.5627909898757935,1.794357180595398,1.8170759677886963
43,0.41777339577674866,0.544112503528595,1.7767597436904907,1.792847752571106
44,0.41110852360725403,0.5472620129585266,1.7474960088729858,1.7622296810150146
45,0.43577638268470764,0.5621615052223206,1.7780297994613647,1.7780742645263672
46,0.4214142858982086,0.5568585395812988,1.756860375404358,1.7750113010406494
47,0.40013426542282104,0.5588898062705994,1.7606582641601562,1.8130289316177368
48,0.44722476601600647,0.5901457667350769,1.7882583141326904,1.7905595302581787
49,0.42395851016044617,0.5490002036094666,1.7571861743927002,1.7632766962051392
50,0.4306928515434265,0.5676712989807129,1.7818524837493896,1.7986468076705933
51,0.38767024874687195,0.5561068058013916,1.7092247009277344,1.7853103876113892
52,0.37540122866630554,0.5622336864471436,1.7611454725265503,1.8361815214157104
53,0.41105031967163086,0.5657052993774414,1.7856855392456055,1.831712245941162
54,0.3834480941295624,0.534960925579071,1.7189345359802246,1.7589138746261597
55,0.407122939825058,0.5534771680831909,1.7262771129608154,1.7641955614089966
56,0.4366985559463501,0.5699971914291382,1.7709167003631592,1.771044373512268
57,0.3937365412712097,0.5454729795455933,1.7254488468170166,1.7818468809127808
58,0.37827828526496887,0.5501182079315186,1.7639776468276978,1.8234305381774902
59,0.3807080090045929,0.560011625289917,1.7720134258270264,1.835304617881775
60,0.4118766188621521,0.5723555088043213,1.7654961347579956,1.7927581071853638
61,0.42620477080345154,0.5548235177993774,1.7534453868865967,1.7714271545410156
62,0.4228817820549011,0.5512351989746094,1.7651594877243042,1.7962020635604858
63,0.4038883447647095,0.560114860534668,1.7476149797439575,1.7887767553329468
64,0.43394678831100464,0.5726959109306335,1.7854669094085693,1.8055386543273926
65,0.3778444826602936,0.5573834776878357,1.7165470123291016,1.8061449527740479
66,0.39106839895248413,0.5455944538116455,1.7504132986068726,1.8082423210144043
67,0.3794620633125305,0.5392122268676758,1.7220144271850586,1.7923967838287354
68,0.42230525612831116,0.593403697013855,1.8124092817306519,1.8613777160644531
69,0.4010717570781708,0.5651766657829285,1.7388428449630737,1.7908824682235718
70,0.4023488163948059,0.5676040649414062,1.7242931127548218,1.795351505279541
71,0.42757025361061096,0.5583287477493286,1.7912771701812744,1.800213098526001
72,0.41926339268684387,0.5875483751296997,1.8242161273956299,1.8716933727264404
73,0.378036230802536,0.570168137550354,1.7514865398406982,1.8409080505371094
74,0.40974459052085876,0.5621408224105835,1.7440000772476196,1.7995421886444092
75,0.38887345790863037,0.5521771311759949,1.7163848876953125,1.8060095310211182
76,0.41046881675720215,0.5646639466285706,1.742862582206726,1.7914807796478271
77,0.41879239678382874,0.5926786661148071,1.7582173347473145,1.8269062042236328
78,0.41332200169563293,0.5645483732223511,1.7653568983078003,1.8037513494491577
79,0.4032492935657501,0.5719854831695557,1.7626980543136597,1.8236325979232788
80,0.40941762924194336,0.5613856315612793,1.7563655376434326,1.8030047416687012
81,0.3921045958995819,0.5637354254722595,1.7374879121780396,1.808591604232788
82,0.37682244181632996,0.5605168342590332,1.7238744497299194,1.8215181827545166
83,0.3724624216556549,0.552701473236084,1.722139835357666,1.8232406377792358
84,0.40729647874832153,0.6125980019569397,1.760668396949768,1.860930323600769
85,0.3923126757144928,0.5636136531829834,1.7338590621948242,1.8090099096298218
86,0.406110942363739,0.5838534832000732,1.7594091892242432,1.8111721277236938
87,0.37833285331726074,0.5445665717124939,1.7098912000656128,1.7933191061019897
88,0.4240109622478485,0.5705482959747314,1.7620294094085693,1.791501522064209
89,0.42463263869285583,0.5936229825019836,1.76913321018219,1.820180892944336
90,0.3924809694290161,0.5845504999160767,1.7135878801345825,1.8110990524291992
91,0.3836538791656494,0.5577526688575745,1.7464613914489746,1.837995171546936
92,0.38929685950279236,0.5720146894454956,1.7408859729766846,1.8335049152374268
93,0.4003794491291046,0.5695759057998657,1.7357141971588135,1.8047748804092407
94,0.3796725571155548,0.5756610631942749,1.7256591320037842,1.8367469310760498
95,0.36426621675491333,0.5977327227592468,1.7866302728652954,1.9496617317199707
96,0.3784172534942627,0.5825482606887817,1.7162113189697266,1.8320693969726562
97,0.419636070728302,0.5778073668479919,1.7372099161148071,1.7844390869140625
98,0.3880266845226288,0.5633105039596558,1.730556845664978,1.8117218017578125
99,0.4248129725456238,0.606196403503418,1.8188556432724,1.8597480058670044
100,0.35269054770469666,0.5644907355308533,1.684655785560608,1.83053457736969
101,0.3875369727611542,0.582107663154602,1.7302961349487305,1.8382853269577026
102,0.3810748755931854,0.5680934190750122,1.7080199718475342,1.8043627738952637
103,0.39636605978012085,0.5766015648841858,1.738572597503662,1.819142460823059
104,0.3984370529651642,0.5770295858383179,1.7457927465438843,1.850492238998413
105,0.3884957730770111,0.595760703086853,1.719287395477295,1.8355096578598022
106,0.38254448771476746,0.5802126526832581,1.7416280508041382,1.8376731872558594
107,0.3854146897792816,0.5593207478523254,1.6952823400497437,1.7745071649551392
108,0.384122759103775,0.5734920501708984,1.6908117532730103,1.7968376874923706
109,0.4015122056007385,0.6086305379867554,1.7103439569473267,1.8255573511123657
110,0.36352211236953735,0.5863707065582275,1.6697636842727661,1.8373003005981445
111,0.38597074151039124,0.5843662023544312,1.7158359289169312,1.814194679260254
112,0.3693309724330902,0.5739136934280396,1.691171646118164,1.8081597089767456
113,0.3703934848308563,0.570268452167511,1.6915016174316406,1.8299133777618408
114,0.42945846915245056,0.6099399924278259,1.7619338035583496,1.823523759841919
115,0.4060765206813812,0.5839419960975647,1.7325340509414673,1.8174827098846436
116,0.41889438033103943,0.5827450752258301,1.718660831451416,1.7864738702774048
117,0.3827441334724426,0.5916864275932312,1.7236518859863281,1.8402003049850464
118,0.3852304518222809,0.5896677374839783,1.7049221992492676,1.8213063478469849
119,0.38331377506256104,0.5857003331184387,1.7193471193313599,1.840218186378479
120,0.40405914187431335,0.5890742540359497,1.7239640951156616,1.8189305067062378
121,0.40328583121299744,0.5864845514297485,1.7335904836654663,1.800953984260559
122,0.3772366940975189,0.5741387009620667,1.6814297437667847,1.7869499921798706
123,0.39261096715927124,0.5853610038757324,1.7412445545196533,1.8405349254608154
124,0.3773000240325928,0.5709310173988342,1.7061357498168945,1.810284972190857
125,0.44087615609169006,0.6249775886535645,1.778192400932312,1.8312493562698364
126,0.3550063371658325,0.5818079113960266,1.6788522005081177,1.8323534727096558
127,0.39820632338523865,0.5942250490188599,1.7166099548339844,1.8026822805404663
128,0.3624882698059082,0.5685941576957703,1.7109254598617554,1.8439204692840576
129,0.38869544863700867,0.5866255760192871,1.7235136032104492,1.8269680738449097
130,0.3736930787563324,0.5780100226402283,1.6996091604232788,1.831926941871643
131,0.40946200489997864,0.5951375365257263,1.7376048564910889,1.8244425058364868
132,0.3846171498298645,0.5753071308135986,1.713083028793335,1.8281608819961548
133,0.41876712441444397,0.6264986395835876,1.8040964603424072,1.9048789739608765
134,0.3879784643650055,0.5720490217208862,1.7045049667358398,1.817682147026062
135,0.3812858760356903,0.5847529172897339,1.6994140148162842,1.842613697052002
136,0.41924378275871277,0.6079354286193848,1.7432869672775269,1.8151099681854248
137,0.38519495725631714,0.5647672414779663,1.6954838037490845,1.8105967044830322
138,0.4129893481731415,0.5880993604660034,1.7162764072418213,1.7952370643615723
139,0.4226412773132324,0.5870935916900635,1.7152502536773682,1.7910027503967285
140,0.3752511441707611,0.5907953977584839,1.6843639612197876,1.847607135772705
141,0.396627277135849,0.5845925211906433,1.684196949005127,1.7834354639053345
142,0.3948175311088562,0.5912275314331055,1.6961508989334106,1.8064547777175903
143,0.3781599998474121,0.5780171751976013,1.6928993463516235,1.8265330791473389
144,0.3952989876270294,0.5890241265296936,1.7164703607559204,1.82314133644104
145,0.38428816199302673,0.5785984396934509,1.6721547842025757,1.7941169738769531
146,0.37197232246398926,0.5828472971916199,1.6658612489700317,1.8210676908493042
147,0.43109920620918274,0.5856353640556335,1.7479802370071411,1.8068593740463257
148,0.43629056215286255,0.6253934502601624,1.758467197418213,1.8458380699157715
149,0.4183010160923004,0.5955022573471069,1.7480387687683105,1.8381452560424805
150,0.39408355951309204,0.6019527316093445,1.709792971611023,1.8353055715560913
151,0.3916405141353607,0.5975690484046936,1.7086765766143799,1.854643702507019
152,0.30374255776405334,0.5633605122566223,1.567103385925293,1.7908618450164795
153,0.3005469739437103,0.574272632598877,1.5648704767227173,1.7950365543365479
154,0.29522937536239624,0.5754477977752686,1.5666066408157349,1.7910605669021606
155,0.28258460760116577,0.5741186738014221,1.5504900217056274,1.7864292860031128
156,0.2900935113430023,0.5954623818397522,1.556730031967163,1.7946802377700806
157,0.28889185190200806,0.5926453471183777,1.5658081769943237,1.8116027116775513
158,0.2921215891838074,0.5901006460189819,1.5507934093475342,1.7730344533920288
159,0.2706792950630188,0.5959702134132385,1.5392338037490845,1.7991113662719727
160,0.2776758372783661,0.5993267893791199,1.543359398841858,1.7867506742477417
161,0.2812369465827942,0.6053282022476196,1.551114797592163,1.7966350317001343
162,0.28626349568367004,0.6116398572921753,1.5526968240737915,1.7867597341537476
163,0.2771816849708557,0.6163383722305298,1.5571783781051636,1.8122299909591675
164,0.27437642216682434,0.6051372289657593,1.5421838760375977,1.7954100370407104
165,0.26968416571617126,0.6151817440986633,1.5455732345581055,1.8042162656784058
166,0.2748395502567291,0.6238717436790466,1.545470952987671,1.8003177642822266
167,0.2673743963241577,0.6041310429573059,1.53153395652771,1.7801761627197266
168,0.26945921778678894,0.6043222546577454,1.541750192642212,1.7856045961380005
169,0.28009650111198425,0.622852087020874,1.554215431213379,1.792385220527649
170,0.2729957103729248,0.6208215355873108,1.542146921157837,1.7956095933914185
171,0.2674676179885864,0.627208948135376,1.5465848445892334,1.808740496635437
172,0.2687026858329773,0.6299901604652405,1.5486595630645752,1.8064746856689453
173,0.276424765586853,0.6265135407447815,1.5524314641952515,1.7932687997817993
174,0.25985920429229736,0.6348220705986023,1.5336780548095703,1.8052763938903809
175,0.26853707432746887,0.6288426518440247,1.552831768989563,1.8073736429214478
176,0.26571884751319885,0.6291683316230774,1.5514758825302124,1.812644362449646
177,0.2738597095012665,0.6233111023902893,1.5518587827682495,1.794026255607605
178,0.2547983229160309,0.6303250193595886,1.5307295322418213,1.8053474426269531
179,0.2578413188457489,0.6438177824020386,1.5358833074569702,1.8267154693603516
180,0.2634808123111725,0.6358428001403809,1.5470902919769287,1.813941240310669
181,0.27154362201690674,0.6340776681900024,1.554276466369629,1.7995556592941284
182,0.2732669711112976,0.6351010203361511,1.5472912788391113,1.786292552947998
183,0.26556357741355896,0.645297646522522,1.5397944450378418,1.796460509300232
184,0.26992255449295044,0.648273766040802,1.5451124906539917,1.7969825267791748
185,0.26955005526542664,0.6517946124076843,1.5527042150497437,1.808599829673767
186,0.2866522967815399,0.6610051989555359,1.590509295463562,1.8343194723129272
187,0.2693499028682709,0.6533843874931335,1.5502164363861084,1.8051655292510986
188,0.27213039994239807,0.6727922558784485,1.5614439249038696,1.831740379333496
189,0.27092447876930237,0.6598589420318604,1.5451844930648804,1.799806833267212
190,0.275572806596756,0.6596531867980957,1.5742268562316895,1.822643518447876
191,0.26857638359069824,0.6529769897460938,1.5461533069610596,1.793207049369812
192,0.262469083070755,0.6551327109336853,1.5414317846298218,1.8048710823059082
193,0.27207040786743164,0.6489590406417847,1.552683711051941,1.7928297519683838
194,0.25498631596565247,0.6675368547439575,1.546779990196228,1.840980052947998
195,0.25702881813049316,0.6673122048377991,1.5444962978363037,1.8259888887405396
196,0.2772290110588074,0.6617401838302612,1.5557193756103516,1.7967054843902588
197,0.26969200372695923,0.6547427773475647,1.5554845333099365,1.8046033382415771
198,0.2691018283367157,0.6623346209526062,1.5398808717727661,1.79805588722229
199,0.2728379964828491,0.6674391627311707,1.5614906549453735,1.8172286748886108
200,0.27706342935562134,0.661594569683075,1.5501917600631714,1.7925915718078613
201,0.27450665831565857,0.6724180579185486,1.551605463027954,1.8109097480773926
202,0.2678695023059845,0.6651470065116882,1.5355193614959717,1.7890065908432007
203,0.2898149788379669,0.672600269317627,1.5730992555618286,1.797529697418213
204,0.28182753920555115,0.6782745122909546,1.5621235370635986,1.8010321855545044
205,0.26986929774284363,0.6921622157096863,1.5436711311340332,1.8129000663757324
206,0.2707354426383972,0.671432614326477,1.5379352569580078,1.794730544090271
207,0.2660180628299713,0.675432026386261,1.5455611944198608,1.8123570680618286
208,0.2630770802497864,0.6631970405578613,1.5438330173492432,1.8098136186599731
209,0.2673882246017456,0.6840812563896179,1.5425899028778076,1.7999718189239502
210,0.28032511472702026,0.690378725528717,1.5625638961791992,1.8261462450027466
211,0.2817329466342926,0.6825568079948425,1.5743361711502075,1.8255943059921265
212,0.26114752888679504,0.6832066178321838,1.5351355075836182,1.8067164421081543
213,0.2613897919654846,0.6773654818534851,1.5311518907546997,1.801013708114624
214,0.2608826458454132,0.6841951608657837,1.5365290641784668,1.8084111213684082
215,0.2738075256347656,0.6712933778762817,1.552785038948059,1.7973132133483887
216,0.26973679661750793,0.6839855313301086,1.5543720722198486,1.8046973943710327
217,0.2747896611690521,0.6831429600715637,1.549402117729187,1.7879564762115479
218,0.28041326999664307,0.6858487725257874,1.5742723941802979,1.8258131742477417
219,0.27833062410354614,0.6861231923103333,1.5506391525268555,1.7909008264541626
220,0.25707316398620605,0.6891595721244812,1.5320051908493042,1.8193528652191162
221,0.26236340403556824,0.6877834796905518,1.5374473333358765,1.80873703956604
222,0.2718212902545929,0.7017695307731628,1.5515244007110596,1.813519835472107
223,0.2682265341281891,0.6947380304336548,1.5494163036346436,1.8224812746047974
224,0.2660565674304962,0.700981080532074,1.5584584474563599,1.8309134244918823
225,0.27144426107406616,0.6989394426345825,1.5523803234100342,1.807958960533142
226,0.26023608446121216,0.6980623602867126,1.5455999374389648,1.8270888328552246
227,0.2685072422027588,0.6894420981407166,1.547231674194336,1.8027948141098022
228,0.2750268876552582,0.6888570189476013,1.5473564863204956,1.794925332069397
229,0.2724164128303528,0.6911572217941284,1.5588724613189697,1.8127193450927734
230,0.26583436131477356,0.6878217458724976,1.542271614074707,1.8073556423187256
231,0.2753663957118988,0.6928699016571045,1.5541828870773315,1.804585337638855
232,0.25488126277923584,0.7217161059379578,1.552520990371704,1.8658849000930786
233,0.26870372891426086,0.695379912853241,1.5463382005691528,1.8086206912994385
234,0.2769109904766083,0.7043666243553162,1.553856611251831,1.8001525402069092
235,0.26810044050216675,0.6925386786460876,1.5522667169570923,1.8185616731643677
236,0.2619524300098419,0.7039588689804077,1.55359947681427,1.8166974782943726
237,0.26021578907966614,0.7133488059043884,1.5324875116348267,1.8169163465499878
238,0.2574916481971741,0.7046340107917786,1.539260745048523,1.8312177658081055
239,0.27975189685821533,0.7142066359519958,1.5855599641799927,1.8348667621612549
240,0.2676241397857666,0.704418420791626,1.5555415153503418,1.8108726739883423
241,0.2692321240901947,0.7107350826263428,1.5527795553207397,1.8160490989685059
242,0.26754048466682434,0.715686023235321,1.538133144378662,1.809338927268982
243,0.267723023891449,0.7112034559249878,1.540945053100586,1.8144737482070923
244,0.27271780371665955,0.7132609486579895,1.5552507638931274,1.8258618116378784
245,0.2776245176792145,0.7144842743873596,1.5526254177093506,1.8031153678894043
246,0.2910236120223999,0.7133011817932129,1.5739474296569824,1.8027870655059814
247,0.2777017056941986,0.715293288230896,1.5600059032440186,1.8144779205322266
248,0.2674870789051056,0.7145857214927673,1.5440412759780884,1.8193403482437134
249,0.275444358587265,0.7147652506828308,1.554558277130127,1.806363821029663
250,0.2654831111431122,0.7107240557670593,1.5546356439590454,1.8230414390563965
251,0.2693042457103729,0.7200089693069458,1.5517573356628418,1.827743649482727
252,0.27191153168678284,0.714033842086792,1.5548712015151978,1.8191596269607544
253,0.2740958333015442,0.7051084041595459,1.5442817211151123,1.802417278289795
254,0.2728223502635956,0.7191588878631592,1.53795325756073,1.7990285158157349
255,0.27471956610679626,0.7058109641075134,1.5526913404464722,1.8051081895828247
256,0.2697414457798004,0.7210198044776917,1.5666091442108154,1.8504682779312134
257,0.27371442317962646,0.7418506741523743,1.5745559930801392,1.866679072380066
258,0.2773357331752777,0.7235649824142456,1.5680240392684937,1.8263769149780273
259,0.2769126892089844,0.7264021039009094,1.5665230751037598,1.8338156938552856
260,0.2703273892402649,0.7200630307197571,1.5460524559020996,1.823424220085144
261,0.2646043598651886,0.7158998250961304,1.5427429676055908,1.8232570886611938
262,0.26520422101020813,0.7296350598335266,1.5511215925216675,1.8468623161315918
263,0.2753719687461853,0.7264745235443115,1.5496820211410522,1.8179702758789062
264,0.27152755856513977,0.7480874061584473,1.557258129119873,1.8477795124053955
265,0.2661812901496887,0.7271267175674438,1.5491459369659424,1.8341476917266846
266,0.2666794955730438,0.733299195766449,1.538744330406189,1.8165878057479858
267,0.2637306749820709,0.7306522727012634,1.5405755043029785,1.8318077325820923
268,0.28045064210891724,0.745728075504303,1.5518863201141357,1.8143248558044434
269,0.2651621997356415,0.7606516480445862,1.5355916023254395,1.839568853378296
270,0.27874651551246643,0.7199083566665649,1.5462920665740967,1.7983523607254028
271,0.26709112524986267,0.7389184236526489,1.5377106666564941,1.8222154378890991
272,0.26916074752807617,0.7264819741249084,1.5328903198242188,1.8109086751937866
273,0.2716852128505707,0.7369391322135925,1.551051139831543,1.8197705745697021
274,0.26167577505111694,0.7397680282592773,1.5444161891937256,1.8475940227508545
275,0.25679144263267517,0.7391881942749023,1.5219364166259766,1.8214181661605835
276,0.2667601704597473,0.7550759315490723,1.5612132549285889,1.8627389669418335
277,0.2716168463230133,0.7273339033126831,1.5515505075454712,1.8205413818359375
278,0.25978073477745056,0.7440930604934692,1.5540149211883545,1.8581147193908691
279,0.2699195146560669,0.7327857613563538,1.5495704412460327,1.8397611379623413
280,0.27010101079940796,0.7353999614715576,1.5422414541244507,1.8144758939743042
281,0.2678154408931732,0.749570369720459,1.5375546216964722,1.8305310010910034
282,0.2694961726665497,0.7563600540161133,1.5507779121398926,1.8489755392074585
283,0.2774925231933594,0.7306334376335144,1.5516101121902466,1.810629963874817
284,0.2615664005279541,0.7459331154823303,1.5371081829071045,1.8441832065582275
285,0.2674659192562103,0.7505944967269897,1.5442053079605103,1.8319426774978638
286,0.27794939279556274,0.738984227180481,1.561293363571167,1.8317735195159912
287,0.2770806550979614,0.7481149435043335,1.56119966506958,1.8336249589920044
288,0.2715810239315033,0.7417190670967102,1.5392069816589355,1.8197541236877441
289,0.2717478573322296,0.7433965802192688,1.5397306680679321,1.8293391466140747
290,0.27116629481315613,0.7471566796302795,1.5316534042358398,1.8186336755752563
291,0.2689434885978699,0.7486084699630737,1.538225531578064,1.8226348161697388
292,0.27679935097694397,0.7406737804412842,1.5612401962280273,1.8219237327575684
293,0.26444342732429504,0.7426472902297974,1.5312799215316772,1.8284046649932861
294,0.2549492120742798,0.7459529042243958,1.508763313293457,1.8206400871276855
295,0.26975566148757935,0.7503201961517334,1.53600013256073,1.8132610321044922
296,0.2816470265388489,0.7412812113761902,1.5600155591964722,1.8284587860107422
297,0.2749791443347931,0.7676088809967041,1.5654675960540771,1.859395146369934
298,0.27049943804740906,0.7386597990989685,1.5384548902511597,1.830241322517395
299,0.27164915204048157,0.7440898418426514,1.524469017982483,1.803356647491455
300,0.2739454507827759,0.7762930989265442,1.5763176679611206,1.8962565660476685
301,0.27883273363113403,0.7632501721382141,1.5542579889297485,1.8370906114578247
302,0.2714042067527771,0.7686875462532043,1.5398377180099487,1.8311593532562256
303,0.26620060205459595,0.764295756816864,1.5305349826812744,1.8211554288864136
304,0.2612043619155884,0.7576548457145691,1.5152279138565063,1.810015320777893
305,0.2722066640853882,0.7731082439422607,1.5364948511123657,1.8162089586257935
306,0.2636025846004486,0.7768322825431824,1.523984432220459,1.8315614461898804
307,0.25776466727256775,0.768643856048584,1.5139096975326538,1.8192448616027832
308,0.2598341107368469,0.775158166885376,1.5135583877563477,1.8191499710083008
309,0.26016467809677124,0.7842720150947571,1.5259310007095337,1.8361159563064575
310,0.24957549571990967,0.7638188004493713,1.5120139122009277,1.8363392353057861
311,0.2691228985786438,0.7743369936943054,1.5206295251846313,1.8021479845046997
312,0.25813791155815125,0.7767511606216431,1.529809594154358,1.8344488143920898
313,0.2643013596534729,0.7685664296150208,1.5264899730682373,1.8129973411560059
314,0.26036033034324646,0.7690107226371765,1.5053290128707886,1.7938162088394165
315,0.266549676656723,0.7705578207969666,1.5266401767730713,1.8121107816696167
316,0.263698548078537,0.7768033742904663,1.5180002450942993,1.8152118921279907
317,0.26064333319664,0.7741383910179138,1.5209287405014038,1.8222519159317017
318,0.2582530677318573,0.7782607078552246,1.5237963199615479,1.8286436796188354
319,0.2514970302581787,0.7736260294914246,1.5100126266479492,1.820780634880066
320,0.2672669589519501,0.775022566318512,1.5344891548156738,1.8213534355163574
321,0.2568453252315521,0.7767566442489624,1.5179675817489624,1.82326340675354
322,0.2597675919532776,0.7792344093322754,1.5157792568206787,1.8164379596710205
323,0.2503533661365509,0.7813953161239624,1.5046358108520508,1.8234854936599731
324,0.2655870318412781,0.7734145522117615,1.5306124687194824,1.819050669670105
325,0.2589530646800995,0.7840157747268677,1.526676058769226,1.8296637535095215
326,0.26429158449172974,0.7727561593055725,1.5258474349975586,1.8112742900848389
327,0.25636357069015503,0.7844110727310181,1.5138617753982544,1.823720097541809
328,0.2579592764377594,0.784856379032135,1.512433409690857,1.8167020082473755
329,0.2519676387310028,0.7791461944580078,1.5083444118499756,1.8244253396987915
330,0.2515411972999573,0.7878882884979248,1.5100421905517578,1.829431176185608
331,0.2495831549167633,0.7870324850082397,1.50722074508667,1.8345338106155396
332,0.2589508593082428,0.7859755754470825,1.5191066265106201,1.8234431743621826
333,0.26045113801956177,0.7827402949333191,1.5206807851791382,1.818352460861206
334,0.25076615810394287,0.7939606308937073,1.5037775039672852,1.8267608880996704
335,0.2596605718135834,0.7786324620246887,1.512505292892456,1.8053455352783203
336,0.2571982741355896,0.7759345769882202,1.511160969734192,1.8129316568374634
337,0.2538190186023712,0.7765845656394958,1.501415729522705,1.8137332201004028
338,0.26084208488464355,0.779670238494873,1.5301166772842407,1.8199219703674316
339,0.25597819685935974,0.792499303817749,1.5242162942886353,1.8334189653396606
340,0.26518911123275757,0.7731627225875854,1.5295265913009644,1.8089101314544678
341,0.2556542456150055,0.7775402665138245,1.5134731531143188,1.8208309412002563
342,0.2561599910259247,0.7826220989227295,1.5081673860549927,1.808443307876587
343,0.25700682401657104,0.7865529656410217,1.5037134885787964,1.8060284852981567
344,0.2593229413032532,0.7818689346313477,1.5191309452056885,1.814751386642456
345,0.25428351759910583,0.7806816101074219,1.5133074522018433,1.8170822858810425
346,0.26488181948661804,0.7838121652603149,1.5178256034851074,1.797248363494873
347,0.25706398487091064,0.786234974861145,1.5168266296386719,1.8206682205200195
348,0.25533998012542725,0.7853749990463257,1.516502022743225,1.8226580619812012
349,0.2573550045490265,0.7816570401191711,1.5129600763320923,1.8108500242233276
350,0.25759440660476685,0.7830077409744263,1.5189893245697021,1.816570520401001
351,0.2575967311859131,0.7840664386749268,1.5105268955230713,1.8114511966705322
352,0.25382566452026367,0.7828980684280396,1.503840446472168,1.8104878664016724
353,0.2621895670890808,0.779224693775177,1.5162343978881836,1.803979516029358
354,0.2575047016143799,0.7880666851997375,1.510892391204834,1.8127338886260986
355,0.25650444626808167,0.7938275933265686,1.5171858072280884,1.8243460655212402
356,0.251269668340683,0.7910722494125366,1.5020300149917603,1.8175462484359741
357,0.25716373324394226,0.7860371470451355,1.5091221332550049,1.8117200136184692
358,0.25340932607650757,0.7866840958595276,1.507538080215454,1.8174903392791748
359,0.2536509335041046,0.7838781476020813,1.5123319625854492,1.82188880443573
360,0.2535354197025299,0.784784197807312,1.503498911857605,1.8114233016967773
