1,3.5419869422912598,0.5825933218002319,4.323585510253906,0.37334752082824707
2,2.784407615661621,0.8124855160713196,3.948556900024414,0.7193737626075745
3,2.501574993133545,0.8250012397766113,3.6880781650543213,0.8551518321037292
4,2.247898578643799,0.8764500617980957,3.5278966426849365,0.9307866096496582
5,2.0102014541625977,0.9670263528823853,3.4239611625671387,0.9943708777427673
6,2.0797834396362305,0.9771990180015564,3.426185369491577,0.995786726474762
7,1.2336426973342896,1.153759241104126,2.7868101596832275,1.5433505773544312
8,0.7576133608818054,1.136387586593628,2.3581929206848145,1.8272926807403564
9,0.7791146636009216,0.9642274975776672,2.352379560470581,1.6747967004776
10,0.6738730669021606,0.9260749220848083,2.2807748317718506,1.6780906915664673
11,0.6072317957878113,0.9616111516952515,2.2245006561279297,1.7196048498153687
12,1.4312063455581665,0.9529590010643005,2.71269154548645,1.2867265939712524
13,1.4632319211959839,1.0432612895965576,2.661341428756714,1.3361016511917114
14,1.375360369682312,1.1597925424575806,2.5330207347869873,1.4425429105758667
15,1.0743998289108276,1.3630403280258179,2.1704483032226562,1.731832504272461
16,1.0300885438919067,1.4650843143463135,2.118379831314087,1.844774603843689
17,0.9928503036499023,1.3974897861480713,2.118507146835327,1.7966914176940918
18,0.9264295101165771,1.3695034980773926,2.113771915435791,1.7886333465576172
19,0.860012412071228,1.3381081819534302,2.0895309448242188,1.787617564201355
20,0.8246695399284363,1.3831875324249268,2.079331874847412,1.8388110399246216
21,0.8400923013687134,1.430266261100769,2.0809929370880127,1.8469042778015137
22,0.7915201783180237,1.371195673942566,2.0831408500671387,1.8084330558776855
23,0.801673412322998,1.400166630744934,2.102609634399414,1.8084769248962402
24,0.8032347559928894,1.4602713584899902,2.1051809787750244,1.840153455734253
25,0.8174680471420288,1.4722585678100586,2.116955041885376,1.830025553703308
26,0.816475510597229,1.4852229356765747,2.114842653274536,1.832477331161499
27,0.8231137990951538,1.5048532485961914,2.1178834438323975,1.8162328004837036
28,0.8232729434967041,1.5731748342514038,2.1089837551116943,1.8427696228027344
29,0.8388447761535645,1.572851538658142,2.1358981132507324,1.8242828845977783
30,0.8163600564002991,1.5806695222854614,2.135234832763672,1.8467129468917847
31,0.819622814655304,1.6053123474121094,2.1294071674346924,1.8566876649856567
32,0.8197753429412842,1.6274006366729736,2.123220205307007,1.8511255979537964
33,0.8226134777069092,1.6354937553405762,2.117339611053467,1.8343720436096191
34,0.831640362739563,1.651789903640747,2.1342272758483887,1.8334861993789673
35,0.8376161456108093,1.6743632555007935,2.1623611450195312,1.8558355569839478
36,0.8326893448829651,1.6649054288864136,2.1353046894073486,1.8247610330581665
37,0.8556300401687622,1.6647183895111084,2.166459083557129,1.8242669105529785
38,0.8459426760673523,1.74131178855896,2.1478259563446045,1.8623046875
39,0.8606382012367249,1.7036032676696777,2.1667685508728027,1.8311721086502075
40,0.8758238554000854,1.7412714958190918,2.192394256591797,1.8440289497375488
41,0.873725950717926,1.7468053102493286,2.1827754974365234,1.8564174175262451
42,0.8593571782112122,1.7832814455032349,2.163203239440918,1.8821147680282593
43,0.8654661774635315,1.8340144157409668,2.1682801246643066,1.911934733390808
44,0.8639044165611267,1.8529990911483765,2.1741042137145996,1.9089860916137695
45,0.8679791688919067,1.7404861450195312,2.207002878189087,1.8797543048858643
46,0.8816055059432983,1.7762964963912964,2.199354410171509,1.8445533514022827
47,0.8779496550559998,1.8380383253097534,2.18283748626709,1.8903731107711792
48,0.9016846418380737,1.8291420936584473,2.2439422607421875,1.9155203104019165
49,0.8678181767463684,1.8298039436340332,2.1816272735595703,1.905938982963562
50,0.8856710195541382,1.8511050939559937,2.1767995357513428,1.879321575164795
51,0.892691969871521,1.8558645248413086,2.193789005279541,1.9022088050842285
52,0.879437267780304,1.8648970127105713,2.162698268890381,1.8655487298965454
53,0.8991276025772095,1.8632794618606567,2.2213754653930664,1.8891518115997314
54,0.8828587532043457,1.899593710899353,2.1608328819274902,1.8826217651367188
55,0.902630627155304,1.899450421333313,2.192222833633423,1.8780241012573242
56,0.9141129851341248,1.8526309728622437,2.2154653072357178,1.8257603645324707
57,0.9016210436820984,1.9265118837356567,2.21112060546875,1.896384835243225
58,0.9025563597679138,1.9146071672439575,2.192256450653076,1.8895660638809204
59,0.9186862707138062,1.9386283159255981,2.2084591388702393,1.8759831190109253
60,0.9320088624954224,1.9330805540084839,2.2455010414123535,1.8695605993270874
61,0.9203369617462158,1.9054373502731323,2.2096564769744873,1.8325845003128052
62,0.9323813915252686,1.974871277809143,2.242220878601074,1.9290740489959717
63,0.9220024943351746,1.9173001050949097,2.230391263961792,1.8664159774780273
64,0.9371609091758728,1.936896562576294,2.235701084136963,1.8690505027770996
65,0.9301338195800781,1.9337401390075684,2.250136375427246,1.8747289180755615
66,0.9282727837562561,1.9363610744476318,2.231574535369873,1.8594800233840942
67,0.9450597763061523,1.9545822143554688,2.233886480331421,1.8500585556030273
68,0.9386197924613953,2.004030227661133,2.219681978225708,1.8671129941940308
69,0.9494062066078186,1.980435848236084,2.244065284729004,1.8704187870025635
70,0.9319761991500854,1.9883880615234375,2.222475290298462,1.9018568992614746
71,0.951386570930481,2.020026445388794,2.2479307651519775,1.8909376859664917
72,0.9427378177642822,2.003314256668091,2.2323436737060547,1.8703246116638184
73,0.9530892968177795,1.9750282764434814,2.2556803226470947,1.8473985195159912
74,0.9406163692474365,2.0030667781829834,2.239130973815918,1.8757985830307007
75,0.9569647312164307,2.006181240081787,2.2587716579437256,1.8717284202575684
76,0.9616001844406128,2.043390989303589,2.2499618530273438,1.8853586912155151
77,0.9478033185005188,1.9806021451950073,2.255852699279785,1.8643006086349487
78,0.9457273483276367,2.011396884918213,2.2319767475128174,1.8679863214492798
79,0.9599407911300659,2.048126220703125,2.2611818313598633,1.8868457078933716
80,0.9609162211418152,1.9902950525283813,2.2696547508239746,1.8788710832595825
81,0.9642096161842346,2.00014591217041,2.2688677310943604,1.8613325357437134
82,0.9623121619224548,2.0263593196868896,2.276616334915161,1.8929240703582764
83,0.9511016011238098,2.0162601470947266,2.238037109375,1.8794224262237549
84,0.961126446723938,2.0103697776794434,2.259539842605591,1.8692717552185059
85,0.9421404004096985,2.004835367202759,2.2381131649017334,1.8630454540252686
86,0.9704700708389282,2.0508246421813965,2.272005796432495,1.8874531984329224
87,0.9835524559020996,2.056182861328125,2.287773609161377,1.8553379774093628
88,0.9782547354698181,2.091160774230957,2.2637100219726562,1.9046413898468018
89,0.9621039628982544,2.038876533508301,2.2552833557128906,1.8910855054855347
90,0.9975014925003052,2.0707874298095703,2.329618215560913,1.9221175909042358
91,0.9687278270721436,2.0543735027313232,2.266160726547241,1.9053022861480713
92,0.979664146900177,2.070185661315918,2.282179832458496,1.8998796939849854
93,0.9719130992889404,2.0580825805664062,2.2716784477233887,1.8846766948699951
94,0.9821491241455078,2.0858371257781982,2.2808802127838135,1.894176959991455
95,0.9624143838882446,2.043304204940796,2.253390312194824,1.8918142318725586
96,0.981387734413147,2.079016923904419,2.295919179916382,1.9118444919586182
97,0.9840600490570068,2.0825610160827637,2.260382652282715,1.8802446126937866
98,0.9761343002319336,2.0313773155212402,2.2763895988464355,1.8464436531066895
99,0.9878048896789551,2.0843989849090576,2.2655601501464844,1.8832513093948364
100,0.9894320964813232,2.0645127296447754,2.296372175216675,1.888325810432434
101,1.0209252834320068,2.220241069793701,2.334980010986328,2.002007484436035
102,1.0347466468811035,2.2544777393341064,2.360757350921631,2.054737091064453
103,0.9767757058143616,2.072174310684204,2.2853429317474365,1.9172515869140625
104,1.0423026084899902,2.1324644088745117,2.451890468597412,2.024907112121582
105,1.0393149852752686,2.2662110328674316,2.4180257320404053,2.1031107902526855
106,0.9928621649742126,2.1346275806427,2.3007731437683105,1.9509042501449585
107,0.9718359112739563,2.088395833969116,2.322035312652588,1.9537246227264404
108,0.9915823936462402,2.108114004135132,2.3148300647735596,1.9486167430877686
109,0.9822081327438354,2.103769302368164,2.3021082878112793,1.9135545492172241
110,0.9905446767807007,2.102586030960083,2.295686960220337,1.9172172546386719
111,1.0015279054641724,2.099384069442749,2.320176362991333,1.9055918455123901
112,0.9956473112106323,2.0971574783325195,2.317441463470459,1.8918263912200928
113,0.9956332445144653,2.131183385848999,2.3133859634399414,1.933581829071045
114,1.0027217864990234,2.14168119430542,2.305669069290161,1.921815037727356
115,1.004724144935608,2.1805171966552734,2.3118019104003906,1.9628710746765137
116,0.9965471625328064,2.1157846450805664,2.29762864112854,1.8975987434387207
117,0.9883788228034973,2.1317672729492188,2.277672052383423,1.9018160104751587
118,0.9910913705825806,2.1128106117248535,2.288668394088745,1.9099500179290771
119,1.0063313245773315,2.1227991580963135,2.304574489593506,1.8975043296813965
120,0.9922313094139099,2.098296642303467,2.294755458831787,1.8871874809265137
121,0.9991064667701721,2.112830877304077,2.3057191371917725,1.9082461595535278
122,1.010738730430603,2.1749980449676514,2.3228514194488525,1.9633790254592896
123,1.0044522285461426,2.1095213890075684,2.299039840698242,1.8697367906570435
124,1.012402892112732,2.135216474533081,2.323889970779419,1.8988804817199707
125,1.009706974029541,2.142651319503784,2.310757637023926,1.9023391008377075
126,1.0210797786712646,2.1475093364715576,2.3300743103027344,1.8884384632110596
127,0.9964048862457275,2.1377789974212646,2.287808418273926,1.8846068382263184
128,1.013173222541809,2.2037887573242188,2.286533832550049,1.9218652248382568
129,1.028344988822937,2.189497709274292,2.3012359142303467,1.8934894800186157
130,1.0233911275863647,2.170461893081665,2.292029857635498,1.886932134628296
131,1.028351068496704,2.147733449935913,2.319014072418213,1.8838359117507935
132,1.0151177644729614,2.168013572692871,2.3061258792877197,1.9056248664855957
133,1.0323469638824463,2.170656681060791,2.327857732772827,1.8871521949768066
134,1.0137451887130737,2.158367872238159,2.282874584197998,1.8834749460220337
135,1.019625186920166,2.1408169269561768,2.3295140266418457,1.9105805158615112
136,1.0197136402130127,2.1785213947296143,2.303044557571411,1.9044370651245117
137,1.0228923559188843,2.203011989593506,2.291815757751465,1.9089399576187134
138,1.0328940153121948,2.201857089996338,2.298696279525757,1.8918323516845703
139,1.049088954925537,2.2122745513916016,2.3386569023132324,1.8892147541046143
140,1.0372703075408936,2.177280902862549,2.3521440029144287,1.89815354347229
141,1.0387907028198242,2.1980273723602295,2.3262245655059814,1.9046763181686401
142,1.0232592821121216,2.170778274536133,2.2950899600982666,1.8934142589569092
143,1.0232765674591064,2.1744422912597656,2.332523822784424,1.9189152717590332
144,1.036006212234497,2.183600425720215,2.328097105026245,1.8964107036590576
145,1.01651930809021,2.1732428073883057,2.3219401836395264,1.9378561973571777
146,1.0286939144134521,2.1995835304260254,2.328436851501465,1.9158217906951904
147,1.036643624305725,2.1681277751922607,2.32946515083313,1.8919124603271484
148,1.0244907140731812,2.192363739013672,2.3243913650512695,1.91851007938385
149,1.0186491012573242,2.162344455718994,2.307032585144043,1.9008958339691162
150,1.0326757431030273,2.22149920463562,2.3471553325653076,1.9414653778076172
151,1.037674903869629,2.184831142425537,2.3483471870422363,1.8951778411865234
152,1.0240545272827148,2.1974713802337646,2.291344165802002,1.8692607879638672
153,1.0291452407836914,2.2507383823394775,2.2681519985198975,1.8898223638534546
154,1.0388964414596558,2.266315460205078,2.262176752090454,1.871185541152954
155,1.0407463312149048,2.2486329078674316,2.2872045040130615,1.8798491954803467
156,1.0539116859436035,2.285954713821411,2.277160167694092,1.8719826936721802
157,1.0446475744247437,2.2603025436401367,2.274219274520874,1.8656777143478394
158,1.0432146787643433,2.2486019134521484,2.268918752670288,1.8512394428253174
159,1.042008876800537,2.2548975944519043,2.272000551223755,1.865216851234436
160,1.0519622564315796,2.2832911014556885,2.2663984298706055,1.866288185119629
161,1.1810410022735596,2.290398120880127,2.257650375366211,1.8701976537704468
162,1.1822259426116943,2.2787458896636963,2.263258457183838,1.8591527938842773
163,1.1979273557662964,2.2971303462982178,2.26189923286438,1.8540068864822388
164,1.052644968032837,2.2702088356018066,2.263817548751831,1.843677282333374
165,1.217736005783081,2.3659701347351074,2.267700672149658,1.9056007862091064
166,1.0736676454544067,2.3259081840515137,2.2821359634399414,1.8800692558288574
167,1.1910593509674072,2.273618221282959,2.273972988128662,1.8448230028152466
168,1.2020130157470703,2.310210704803467,2.274643659591675,1.8478740453720093
169,1.200677514076233,2.325174331665039,2.2628936767578125,1.8622698783874512
170,1.0803829431533813,2.327796459197998,2.2804806232452393,1.8563584089279175
171,1.0735950469970703,2.2997853755950928,2.2860865592956543,1.8565208911895752
172,1.2050490379333496,2.314236640930176,2.2754616737365723,1.848852276802063
173,1.1001423597335815,2.3658411502838135,2.2872138023376465,1.88546884059906
174,1.2067774534225464,2.325404405593872,2.2934679985046387,1.8715404272079468
175,1.1012669801712036,2.3337385654449463,2.2820661067962646,1.8448811769485474
176,1.098740816116333,2.3241024017333984,2.2735018730163574,1.837154746055603
177,1.1083412170410156,2.3546829223632812,2.2907748222351074,1.8719319105148315
178,1.1023986339569092,2.3142828941345215,2.2804465293884277,1.8406134843826294
179,1.1100776195526123,2.3382012844085693,2.275482654571533,1.8609539270401
180,1.1174709796905518,2.3337199687957764,2.2875101566314697,1.8489892482757568
181,1.1194348335266113,2.330136299133301,2.285738945007324,1.8427420854568481
182,1.119422435760498,2.3354780673980713,2.288792371749878,1.8576750755310059
183,1.1229575872421265,2.3394274711608887,2.298186779022217,1.8586164712905884
184,1.1303085088729858,2.361494541168213,2.292884111404419,1.861722707748413
185,1.1353070735931396,2.3747777938842773,2.2842698097229004,1.857752799987793
186,1.1344749927520752,2.3655998706817627,2.288682222366333,1.8576184511184692
187,1.1305638551712036,2.3380796909332275,2.305112600326538,1.8511828184127808
188,1.144420862197876,2.359247922897339,2.302870273590088,1.8389637470245361
189,1.1342395544052124,2.3454201221466064,2.2933528423309326,1.8432273864746094
190,1.1360026597976685,2.341003894805908,2.296276569366455,1.8335610628128052
191,1.1417075395584106,2.344261407852173,2.3075079917907715,1.8254441022872925
192,1.1454108953475952,2.379045248031616,2.2955029010772705,1.8456546068191528
193,1.1389579772949219,2.358346700668335,2.2934155464172363,1.843645691871643
194,1.1423680782318115,2.3849754333496094,2.294649839401245,1.8679744005203247
195,1.1427804231643677,2.349442958831787,2.3043062686920166,1.8360543251037598
196,1.1521552801132202,2.397254467010498,2.2976181507110596,1.851070761680603
197,1.2528043985366821,2.356590986251831,2.2933194637298584,1.8408352136611938
198,1.1531089544296265,2.3858749866485596,2.302445888519287,1.8469833135604858
199,1.1519347429275513,2.37424635887146,2.3060927391052246,1.8339488506317139
200,1.2527697086334229,2.3481154441833496,2.3088648319244385,1.8492045402526855
201,1.2615736722946167,2.3844454288482666,2.3103623390197754,1.8498929738998413
202,1.2627321481704712,2.38468337059021,2.3172550201416016,1.8465083837509155
203,1.1600457429885864,2.3940746784210205,2.30369234085083,1.8326220512390137
204,1.2718874216079712,2.4385342597961426,2.3081228733062744,1.8800517320632935
205,1.2590203285217285,2.392139434814453,2.3236961364746094,1.862624168395996
206,1.2645490169525146,2.3906090259552,2.3012988567352295,1.860539436340332
207,1.1695302724838257,2.409428358078003,2.3091535568237305,1.84160315990448
208,1.2139376401901245,2.5554628372192383,2.378026008605957,2.001497268676758
209,1.1823307275772095,2.451202869415283,2.315094470977783,1.8924713134765625
210,1.1872098445892334,2.4307162761688232,2.3226218223571777,1.8530354499816895
211,1.1865464448928833,2.4358417987823486,2.320615768432617,1.8643499612808228
212,1.1928815841674805,2.4272868633270264,2.3244571685791016,1.8599759340286255
213,1.2641520500183105,2.691051721572876,2.3553340435028076,2.059617042541504
214,1.1858949661254883,2.4065685272216797,2.314371347427368,1.8466997146606445
215,1.1879549026489258,2.3923962116241455,2.320026397705078,1.848996877670288
216,1.194380760192871,2.4095726013183594,2.323887825012207,1.8481940031051636
217,1.1948821544647217,2.4060423374176025,2.324185371398926,1.8422709703445435
218,1.2018014192581177,2.433765411376953,2.3161890506744385,1.850775957107544
219,1.1944953203201294,2.3976993560791016,2.3206183910369873,1.8417738676071167
220,1.2849843502044678,2.4153687953948975,2.3125083446502686,1.8513295650482178
221,1.1946545839309692,2.3977277278900146,2.319119691848755,1.83220636844635
222,1.2037553787231445,2.430053234100342,2.3199498653411865,1.851155400276184
223,1.31857430934906,2.5138299465179443,2.331385374069214,1.9188041687011719
224,1.3192757368087769,2.477583885192871,2.33726167678833,1.8962780237197876
225,1.3237923383712769,2.4468679428100586,2.339723587036133,1.8696597814559937
226,1.2961419820785522,2.424294948577881,2.326233386993408,1.855594277381897
227,1.3187978267669678,2.424797534942627,2.3210692405700684,1.839640498161316
228,1.2175123691558838,2.451457977294922,2.3250889778137207,1.8422002792358398
229,1.3259236812591553,2.465484142303467,2.332415819168091,1.8668129444122314
230,1.2300920486450195,2.450122117996216,2.340777635574341,1.847525715827942
231,1.2312747240066528,2.441075086593628,2.3388211727142334,1.8431146144866943
232,1.2310236692428589,2.4290077686309814,2.342996597290039,1.8369344472885132
233,1.2437126636505127,2.4581410884857178,2.3278250694274902,1.841367244720459
234,1.2529747486114502,2.472731113433838,2.3239152431488037,1.850382685661316
235,1.2636905908584595,2.4690685272216797,2.343719005584717,1.842588186264038
236,1.2625021934509277,2.4687001705169678,2.3336963653564453,1.8530833721160889
237,1.2769156694412231,2.477602243423462,2.3540422916412354,1.8521337509155273
238,1.2685352563858032,2.4809117317199707,2.351688861846924,1.869446039199829
239,1.2679848670959473,2.4758667945861816,2.3280882835388184,1.840258240699768
240,1.288920521736145,2.5234780311584473,2.3517634868621826,1.8599122762680054
241,1.2870233058929443,2.5074102878570557,2.3572442531585693,1.8539769649505615
242,1.2805025577545166,2.4897472858428955,2.3439157009124756,1.839060664176941
243,1.2891347408294678,2.5120673179626465,2.332400321960449,1.854681134223938
244,1.2890756130218506,2.493743658065796,2.3538012504577637,1.8421127796173096
245,1.2833975553512573,2.496922016143799,2.3369789123535156,1.8439449071884155
246,1.2830405235290527,2.4891111850738525,2.3292171955108643,1.8386324644088745
247,1.2889955043792725,2.5168490409851074,2.314509153366089,1.8521312475204468
248,1.2898591756820679,2.50787353515625,2.32472562789917,1.8421863317489624
249,1.2912172079086304,2.490393877029419,2.3478286266326904,1.8421891927719116
250,1.3043544292449951,2.5416345596313477,2.326719284057617,1.8504868745803833
251,1.312625765800476,2.542788505554199,2.3440773487091064,1.850412368774414
252,1.3008548021316528,2.5294785499572754,2.348109006881714,1.8576174974441528
253,1.2909517288208008,2.5046331882476807,2.3392107486724854,1.846850872039795
254,1.297486662864685,2.5238685607910156,2.331724166870117,1.8481091260910034
255,1.3020950555801392,2.5179660320281982,2.342392683029175,1.8386167287826538
256,1.3072997331619263,2.54136323928833,2.3474931716918945,1.8560316562652588
257,1.3072446584701538,2.5371055603027344,2.3444631099700928,1.8550752401351929
258,1.3135569095611572,2.5412049293518066,2.352257490158081,1.85737144947052
259,1.3119235038757324,2.5351064205169678,2.353761672973633,1.8514575958251953
260,1.3081104755401611,2.526545286178589,2.3453714847564697,1.8506909608840942
261,1.3041374683380127,2.4967188835144043,2.3563296794891357,1.8236863613128662
262,1.3755966424942017,2.5169570446014404,2.3319296836853027,1.850022792816162
263,1.3143742084503174,2.523345947265625,2.373792886734009,1.8439221382141113
264,1.30900239944458,2.5268774032592773,2.3522579669952393,1.843312382698059
265,1.3196642398834229,2.5372965335845947,2.349405288696289,1.8235729932785034
266,1.3177626132965088,2.532695770263672,2.357361078262329,1.8247570991516113
267,1.3136088848114014,2.5179007053375244,2.3558411598205566,1.82526695728302
268,1.3229089975357056,2.5363752841949463,2.3726274967193604,1.8351826667785645
269,1.3123151063919067,2.5154571533203125,2.360194444656372,1.8334428071975708
270,1.3218574523925781,2.549168825149536,2.342302083969116,1.8406882286071777
271,1.3305954933166504,2.5376689434051514,2.354409694671631,1.8134734630584717
272,1.3321276903152466,2.5533840656280518,2.358412265777588,1.8424606323242188
273,1.3278206586837769,2.5567781925201416,2.345754384994507,1.8337997198104858
274,1.3278348445892334,2.5630991458892822,2.341352701187134,1.838155746459961
275,1.3325475454330444,2.5480360984802246,2.3642184734344482,1.8335614204406738
276,1.3367968797683716,2.5693345069885254,2.3627421855926514,1.8377368450164795
277,1.3255363702774048,2.540208339691162,2.3603243827819824,1.837371826171875
278,1.3304760456085205,2.5637710094451904,2.3462440967559814,1.845188856124878
279,1.332105040550232,2.5753118991851807,2.3470427989959717,1.8578834533691406
280,1.3265012502670288,2.548447370529175,2.3587875366210938,1.8476961851119995
281,1.3312917947769165,2.569819450378418,2.3358237743377686,1.8445212841033936
282,1.3321655988693237,2.562727689743042,2.345543384552002,1.8369662761688232
283,1.343410611152649,2.588991165161133,2.3599250316619873,1.8559796810150146
284,1.337537407875061,2.5778558254241943,2.3443875312805176,1.8446060419082642
285,1.4259812831878662,2.5596494674682617,2.3501155376434326,1.8393791913986206
286,1.4395408630371094,2.575971841812134,2.3566086292266846,1.858276128768921
287,1.3394874334335327,2.5445632934570312,2.3803937435150146,1.827996850013733
288,1.4244499206542969,2.545775890350342,2.359119176864624,1.8486435413360596
289,1.3452156782150269,2.5579965114593506,2.3861098289489746,1.840962529182434
290,1.3481184244155884,2.5792837142944336,2.3609635829925537,1.8294332027435303
291,1.4469270706176758,2.577542543411255,2.3393349647521973,1.8643091917037964
292,1.3708384037017822,2.6444435119628906,2.367805242538452,1.8651151657104492
293,1.3628754615783691,2.61236572265625,2.3729031085968018,1.8590221405029297
294,1.3636589050292969,2.618044376373291,2.368288278579712,1.8540114164352417
295,1.3604413270950317,2.6004087924957275,2.3572018146514893,1.83701491355896
296,1.3651925325393677,2.6100358963012695,2.3678083419799805,1.8523428440093994
297,1.4541288614273071,2.5632498264312744,2.355250120162964,1.8445236682891846
298,1.4641693830490112,2.5896036624908447,2.3468425273895264,1.8512210845947266
299,1.3646923303604126,2.6033902168273926,2.3516685962677,1.8411476612091064
300,1.3720285892486572,2.624462842941284,2.361794948577881,1.857662320137024
301,1.3620613813400269,2.5981242656707764,2.360119104385376,1.8462947607040405
302,1.3878085613250732,2.662447929382324,2.378155469894409,1.8907287120819092
303,1.37240469455719,2.6199257373809814,2.370777130126953,1.863864541053772
304,1.4831708669662476,2.595010280609131,2.394225597381592,1.8585745096206665
305,1.4961061477661133,2.601576089859009,2.3803467750549316,1.8833566904067993
306,1.4902294874191284,2.6004865169525146,2.3737757205963135,1.8459125757217407
307,1.4713813066482544,2.5682971477508545,2.372654676437378,1.854897141456604
308,1.4775364398956299,2.562708854675293,2.381240129470825,1.824083685874939
309,1.3833130598068237,2.626833438873291,2.368373155593872,1.8463716506958008
310,1.383241891860962,2.6135823726654053,2.3720524311065674,1.8416029214859009
311,1.474795937538147,2.5606648921966553,2.3720176219940186,1.8306949138641357
312,1.4724141359329224,2.5619711875915527,2.3627164363861084,1.8251891136169434
313,1.3883136510849,2.615501642227173,2.3994710445404053,1.8516489267349243
314,1.380203366279602,2.609579086303711,2.363442897796631,1.8312369585037231
315,1.468824863433838,2.565145969390869,2.369610548019409,1.8293012380599976
316,1.4916142225265503,2.5904769897460938,2.3791840076446533,1.8455612659454346
317,1.480828046798706,2.5685055255889893,2.3738715648651123,1.832118034362793
318,1.4814878702163696,2.5841801166534424,2.371504545211792,1.8436635732650757
319,1.4812604188919067,2.5644400119781494,2.3817830085754395,1.8357030153274536
320,1.5007842779159546,2.6514732837677,2.3673791885375977,1.8764071464538574
321,1.4057459831237793,2.641766309738159,2.398449182510376,1.856001377105713
322,1.397841453552246,2.639558792114258,2.3807787895202637,1.8490349054336548
323,1.4067715406417847,2.6606345176696777,2.379749059677124,1.859519600868225
324,1.3991502523422241,2.650542974472046,2.3620073795318604,1.8628602027893066
325,1.410015344619751,2.6505119800567627,2.3908562660217285,1.8364335298538208
326,1.480560064315796,2.583343982696533,2.3808062076568604,1.8347055912017822
327,1.389086127281189,2.6050753593444824,2.3858015537261963,1.8483338356018066
328,1.3990212678909302,2.6266956329345703,2.381289482116699,1.8479063510894775
329,1.4032230377197266,2.6262106895446777,2.381844997406006,1.8339102268218994
330,1.3985882997512817,2.6252901554107666,2.377639055252075,1.853119969367981
331,1.4016579389572144,2.6192667484283447,2.3861732482910156,1.8425428867340088
332,1.4162734746932983,2.658761978149414,2.386080265045166,1.8480916023254395
333,1.4149563312530518,2.6473870277404785,2.3968164920806885,1.8535175323486328
334,1.4146078824996948,2.6685080528259277,2.3679580688476562,1.8608602285385132
335,1.4209651947021484,2.6629068851470947,2.4025073051452637,1.8581701517105103
336,1.4335378408432007,2.72078275680542,2.3804538249969482,1.8874331712722778
337,1.3948560953140259,2.5923986434936523,2.381516456604004,1.820769190788269
338,1.46953284740448,2.8196051120758057,2.4234509468078613,2.008345603942871
339,1.399129033088684,2.597522020339966,2.381359100341797,1.8238803148269653
340,1.4041590690612793,2.599012851715088,2.3918068408966064,1.8240183591842651
341,1.404794692993164,2.622819662094116,2.3791308403015137,1.8415740728378296
342,1.4047389030456543,2.596402168273926,2.3992035388946533,1.82623291015625
343,1.4863835573196411,2.5960681438446045,2.368067741394043,1.8390017747879028
344,1.4019091129302979,2.610962152481079,2.387615203857422,1.8329228162765503
345,1.402708888053894,2.605839967727661,2.3799209594726562,1.826911211013794
346,1.3992923498153687,2.6117630004882812,2.374765634536743,1.836424469947815
347,1.4076988697052002,2.623143196105957,2.390742301940918,1.8438042402267456
348,1.3999665975570679,2.5974104404449463,2.3825736045837402,1.8267865180969238
349,1.407597303390503,2.615365505218506,2.3881444931030273,1.8361306190490723
350,1.4058847427368164,2.615292549133301,2.391439199447632,1.8396583795547485
351,1.4024286270141602,2.6176199913024902,2.371028184890747,1.8427908420562744
352,1.4048330783843994,2.6045379638671875,2.393190622329712,1.8345597982406616
353,1.4098589420318604,2.6213319301605225,2.3799421787261963,1.8332041501998901
354,1.4096853733062744,2.622009515762329,2.3759005069732666,1.8350105285644531
355,1.4042154550552368,2.609431028366089,2.3715078830718994,1.8192397356033325
356,1.4099147319793701,2.610356330871582,2.3946802616119385,1.830942988395691
357,1.406927227973938,2.6136057376861572,2.38193941116333,1.8357172012329102
358,1.410951852798462,2.6172239780426025,2.37967586517334,1.830778956413269
359,1.3997596502304077,2.588967800140381,2.3792407512664795,1.8266303539276123
360,1.409505009651184,2.601412296295166,2.389375686645508,1.8217288255691528
