1,0.9821637272834778,0.8416945934295654,2.858912467956543,1.466551423072815
2,0.9516361355781555,0.8975933790206909,2.305790424346924,1.6084764003753662
3,0.8282518982887268,0.842257559299469,2.1165947914123535,1.5898975133895874
4,0.6655094623565674,0.7085613012313843,2.0593340396881104,1.509360432624817
5,0.6180199384689331,0.6710827350616455,2.051098346710205,1.4530035257339478
6,0.6179682612419128,0.6710211038589478,2.0511269569396973,1.4529569149017334
7,0.8176172971725464,0.7876614332199097,2.159820318222046,1.6493126153945923
8,0.6571003198623657,0.6477091908454895,2.2115883827209473,1.6590657234191895
9,0.6395573616027832,0.6086215376853943,2.215203046798706,1.6526962518692017
10,0.5971981883049011,0.5884217619895935,2.2495458126068115,1.7004852294921875
11,0.5423479080200195,0.5234375596046448,2.2757976055145264,1.7061628103256226
12,0.5292215347290039,0.5180801153182983,2.30814266204834,1.7458468675613403
13,0.5046668648719788,0.4922899901866913,2.275481700897217,1.7263346910476685
14,0.47592270374298096,0.4833105504512787,2.263026714324951,1.7723281383514404
15,0.5098485350608826,0.5119491219520569,2.3610055446624756,1.8084203004837036
16,0.46111243963241577,0.4533332884311676,2.2862656116485596,1.7466998100280762
17,0.5181083083152771,0.49173009395599365,2.3618531227111816,1.7918416261672974
18,0.482413113117218,0.4715231955051422,2.3462185859680176,1.780155897140503
19,0.4508143365383148,0.4530334770679474,2.313751697540283,1.7955697774887085
20,0.47034212946891785,0.460760235786438,2.336613416671753,1.799439787864685
21,0.46624720096588135,0.45982810854911804,2.3744800090789795,1.8073841333389282
22,0.46218329668045044,0.44299474358558655,2.340019464492798,1.7990164756774902
23,0.4572882652282715,0.4472409188747406,2.3566575050354004,1.7907328605651855
24,0.4224603772163391,0.433954656124115,2.3258097171783447,1.8296042680740356
25,0.4704602062702179,0.45258086919784546,2.365999937057495,1.8006434440612793
26,0.4453887939453125,0.43148043751716614,2.3683855533599854,1.8198989629745483
27,0.42058056592941284,0.4223431348800659,2.3527894020080566,1.841583013534546
28,0.4650125801563263,0.4573138654232025,2.379754066467285,1.8405380249023438
29,0.4249577820301056,0.4192434251308441,2.3751285076141357,1.8462668657302856
30,0.4296477437019348,0.42638400197029114,2.36570405960083,1.8331191539764404
31,0.430242121219635,0.4289831221103668,2.358107089996338,1.8311256170272827
32,0.41681623458862305,0.42237192392349243,2.357795238494873,1.8618342876434326
33,0.4004996418952942,0.4116060137748718,2.356396198272705,1.887945294380188
34,0.44049352407455444,0.43070608377456665,2.35491943359375,1.8293306827545166
35,0.43550634384155273,0.4278374910354614,2.3609938621520996,1.8363401889801025
36,0.4268079698085785,0.4238912761211395,2.384058713912964,1.8758000135421753
37,0.4545135796070099,0.44463619589805603,2.396662712097168,1.8624151945114136
38,0.41041088104248047,0.4107978940010071,2.3474435806274414,1.8411921262741089
39,0.430979460477829,0.43170255422592163,2.4016873836517334,1.9024749994277954
40,0.3975127637386322,0.40517815947532654,2.3357174396514893,1.8790184259414673
41,0.3950914442539215,0.3909823000431061,2.347667694091797,1.8707884550094604
42,0.37741583585739136,0.44353625178337097,2.5578126907348633,2.0775561332702637
43,0.41551125049591064,0.4278895854949951,2.404322624206543,1.9147083759307861
44,0.40458112955093384,0.3970189690589905,2.3362796306610107,1.8602639436721802
45,0.36881211400032043,0.37747639417648315,2.295776128768921,1.8644263744354248
46,0.4490318298339844,0.43983733654022217,2.3734073638916016,1.8978829383850098
47,0.42455482482910156,0.4145358204841614,2.382364273071289,1.910560965538025
48,0.40383532643318176,0.3929240107536316,2.3148624897003174,1.8787376880645752
49,0.40948987007141113,0.41346925497055054,2.3682732582092285,1.9483909606933594
50,0.40702760219573975,0.4074295461177826,2.351994276046753,1.8957219123840332
51,0.4073013961315155,0.4020710587501526,2.362785816192627,1.9096522331237793
52,0.3837011158466339,0.3884012997150421,2.383348226547241,1.9397631883621216
53,0.37942174077033997,0.3911418914794922,2.309931755065918,1.8913202285766602
54,0.4160658121109009,0.40263718366622925,2.3923490047454834,1.9102588891983032
55,0.3830830156803131,0.3967578411102295,2.3483381271362305,1.936814308166504
56,0.44802433252334595,0.4405094087123871,2.4457521438598633,1.9576658010482788
57,0.39634624123573303,0.3956739008426666,2.328765869140625,1.8961694240570068
58,0.40397435426712036,0.39439958333969116,2.363534450531006,1.9328349828720093
59,0.4438655972480774,0.4515005648136139,2.4292733669281006,1.982558012008667
60,0.3814889192581177,0.37407639622688293,2.3388073444366455,1.9095531702041626
61,0.38634318113327026,0.37111929059028625,2.3146233558654785,1.8827153444290161
62,0.4366444945335388,0.4169718027114868,2.357903242111206,1.899198293685913
63,0.38463878631591797,0.3940185308456421,2.3308866024017334,1.9184043407440186
64,0.40731215476989746,0.3936477601528168,2.32439923286438,1.8979014158248901
65,0.38534125685691833,0.37186917662620544,2.3267905712127686,1.898140549659729
66,0.42517170310020447,0.40857699513435364,2.4061460494995117,1.9446290731430054
67,0.38734978437423706,0.4044174551963806,2.318629503250122,1.947737693786621
68,0.36756035685539246,0.3803013861179352,2.3349907398223877,1.9635448455810547
69,0.426166296005249,0.4094832241535187,2.375917911529541,1.9571940898895264
70,0.38112080097198486,0.3893789052963257,2.3324146270751953,1.9487731456756592
71,0.38740214705467224,0.3942316472530365,2.324763059616089,1.941794991493225
72,0.40156716108322144,0.3921457827091217,2.341338634490967,1.9381135702133179
73,0.41724127531051636,0.40167561173439026,2.3840909004211426,1.9523497819900513
74,0.39273712038993835,0.38246846199035645,2.3195950984954834,1.9194176197052002
75,0.41406455636024475,0.38835835456848145,2.3138256072998047,1.9038840532302856
76,0.40868258476257324,0.4192374348640442,2.3374369144439697,1.9786802530288696
77,0.36391371488571167,0.4047306478023529,2.305112600326538,1.982768177986145
78,0.4354036748409271,0.4187735915184021,2.388183832168579,1.9764503240585327
79,0.41335946321487427,0.4032159149646759,2.334587574005127,1.940779209136963
80,0.37894541025161743,0.3749615550041199,2.3172390460968018,1.9496705532073975
81,0.39433586597442627,0.3820755183696747,2.3383281230926514,1.9403549432754517
82,0.37617629766464233,0.36658304929733276,2.2677223682403564,1.9137557744979858
83,0.3855662941932678,0.3705306947231293,2.313776969909668,1.9392586946487427
84,0.4131906032562256,0.3871108293533325,2.3280344009399414,1.9287989139556885
85,0.3852432370185852,0.3794439136981964,2.333083391189575,1.9473267793655396
86,0.3882238566875458,0.37623175978660583,2.3434154987335205,1.960150957107544
87,0.43210479617118835,0.41641613841056824,2.335029363632202,1.952743411064148
88,0.40730592608451843,0.3824244737625122,2.325345993041992,1.921499490737915
89,0.43604445457458496,0.4106106460094452,2.3668243885040283,1.9250233173370361
90,0.4265749752521515,0.40733087062835693,2.3432371616363525,1.943008303642273
91,0.3915601074695587,0.39164164662361145,2.341689348220825,1.9782227277755737
92,0.41332828998565674,0.41875654458999634,2.3147177696228027,1.9694892168045044
93,0.4147666096687317,0.3957996666431427,2.3645405769348145,1.9689909219741821
94,0.4165593385696411,0.4108934998512268,2.3554890155792236,1.9684367179870605
95,0.37558290362358093,0.3636322617530823,2.306131362915039,1.9342422485351562
96,0.43981918692588806,0.4433244466781616,2.358532428741455,1.9944782257080078
97,0.37119823694229126,0.381145179271698,2.2705886363983154,1.954466462135315
98,0.4361024498939514,0.40860188007354736,2.3146047592163086,1.9261269569396973
99,0.42674896121025085,0.4007854759693146,2.314729690551758,1.9400842189788818
100,0.37833893299102783,0.3953804671764374,2.3600046634674072,2.01318621635437
101,0.3846862316131592,0.3778957724571228,2.288506507873535,1.942716121673584
102,0.44063955545425415,0.43553707003593445,2.3202617168426514,1.972663164138794
103,0.3919089436531067,0.37502390146255493,2.3374927043914795,1.9614287614822388
104,0.41966691613197327,0.4009391665458679,2.331597328186035,1.9886548519134521
105,0.3563258945941925,0.36225858330726624,2.259521961212158,1.965664029121399
106,0.37552115321159363,0.3728712797164917,2.297187566757202,1.965336561203003
107,0.3787592947483063,0.3602522909641266,2.2360711097717285,1.914595603942871
108,0.4106576144695282,0.4057633578777313,2.356173515319824,2.0024704933166504
109,0.42865386605262756,0.409943163394928,2.409939765930176,1.9920575618743896
110,0.3791882395744324,0.38534408807754517,2.2776246070861816,1.9598758220672607
111,0.3889716565608978,0.3989536166191101,2.2966458797454834,1.99625563621521
112,0.371817409992218,0.3665447235107422,2.277726650238037,1.9665387868881226
113,0.3856760263442993,0.36416783928871155,2.2817323207855225,1.9469696283340454
114,0.41210028529167175,0.3797496557235718,2.2966957092285156,1.9278115034103394
115,0.38435980677604675,0.37334829568862915,2.2781898975372314,1.9465669393539429
116,0.3790748715400696,0.3763277232646942,2.3175113201141357,1.979697823524475
117,0.3862890601158142,0.38328737020492554,2.291255474090576,1.9515677690505981
118,0.41455143690109253,0.38735464215278625,2.2804014682769775,1.9184139966964722
119,0.37887588143348694,0.3802080452442169,2.2642199993133545,1.9640192985534668
120,0.38452017307281494,0.3843550384044647,2.2478835582733154,1.936591625213623
121,0.3709217607975006,0.37607890367507935,2.2518093585968018,1.9562523365020752
122,0.4184432029724121,0.40062254667282104,2.2709786891937256,1.9232004880905151
123,0.3675464689731598,0.36206763982772827,2.255491018295288,1.9669548273086548
124,0.42660248279571533,0.40731531381607056,2.323560953140259,1.9805575609207153
125,0.3744879364967346,0.3822132647037506,2.2555806636810303,1.9517536163330078
126,0.4202066659927368,0.4101707935333252,2.293802261352539,1.9750367403030396
127,0.3997052311897278,0.39570096135139465,2.258185386657715,1.9666364192962646
128,0.40702295303344727,0.38635385036468506,2.29131817817688,1.952012300491333
129,0.395281583070755,0.38045504689216614,2.2562549114227295,1.9233375787734985
130,0.41270676255226135,0.38283348083496094,2.283396005630493,1.946323037147522
131,0.37939929962158203,0.3772702217102051,2.235060453414917,1.9679721593856812
132,0.42991259694099426,0.4537419378757477,2.295748233795166,2.0336830615997314
133,0.3879677355289459,0.36495116353034973,2.2508904933929443,1.9546794891357422
134,0.4095650017261505,0.3792547881603241,2.2322428226470947,1.9067329168319702
135,0.38690632581710815,0.3958968222141266,2.2796287536621094,1.974263310432434
136,0.40437909960746765,0.40378445386886597,2.322181463241577,2.008493661880493
137,0.38894200325012207,0.3929091989994049,2.2456777095794678,1.9691624641418457
138,0.4131431579589844,0.4037450850009918,2.2779526710510254,1.9611409902572632
139,0.3900187611579895,0.3848724663257599,2.2540907859802246,1.9761089086532593
140,0.3761228024959564,0.3932921588420868,2.265937328338623,2.0124499797821045
141,0.37741366028785706,0.3844572603702545,2.268768548965454,1.9898043870925903
142,0.36779212951660156,0.3539011478424072,2.2428371906280518,1.9709081649780273
143,0.38877058029174805,0.38856446743011475,2.3162543773651123,2.0143210887908936
144,0.36106210947036743,0.3562670052051544,2.212601661682129,1.9734528064727783
145,0.3904723525047302,0.39963147044181824,2.256974220275879,1.9858683347702026
146,0.36089396476745605,0.3672085106372833,2.2518813610076904,1.9913440942764282
147,0.3976096510887146,0.4061892032623291,2.2977287769317627,2.0141096115112305
148,0.3879329264163971,0.369992196559906,2.2644152641296387,1.983378291130066
149,0.42953866720199585,0.41832005977630615,2.2730231285095215,2.0051307678222656
150,0.39863455295562744,0.4004957675933838,2.2598137855529785,1.987167239189148
151,0.4112194776535034,0.3905338644981384,2.2682642936706543,1.965417504310608
152,0.28508418798446655,0.31271111965179443,2.1239078044891357,2.0125958919525146
153,0.2683529257774353,0.29238712787628174,2.112107038497925,2.0114078521728516
154,0.26819583773612976,0.3004190921783447,2.1517179012298584,2.061267614364624
155,0.25607526302337646,0.28490909934043884,2.083115577697754,2.0135223865509033
156,0.25891682505607605,0.2926577031612396,2.0821070671081543,2.012479066848755
157,0.2587628960609436,0.28943806886672974,2.0993216037750244,2.0454859733581543
158,0.24984018504619598,0.2833256423473358,2.1109659671783447,2.0525028705596924
159,0.24456065893173218,0.27280181646347046,2.075082540512085,2.0243031978607178
160,0.2327280193567276,0.26950550079345703,2.061441659927368,2.036189556121826
161,0.23989897966384888,0.2899317145347595,2.0947930812835693,2.0734200477600098
162,0.23635470867156982,0.27727892994880676,2.06882381439209,2.047762632369995
163,0.22880063951015472,0.26566457748413086,2.080223798751831,2.05525279045105
164,0.23142403364181519,0.2697860896587372,2.0797626972198486,2.066344738006592
165,0.23463155329227448,0.26988205313682556,2.0692830085754395,2.0494375228881836
166,0.2459554672241211,0.2720690071582794,2.066131591796875,2.035480499267578
167,0.25091034173965454,0.2869064509868622,2.0896897315979004,2.069329261779785
168,0.23908716440200806,0.2718384265899658,2.0543951988220215,2.0344150066375732
169,0.2258903682231903,0.25956133008003235,2.0598185062408447,2.0472583770751953
170,0.22474613785743713,0.26377204060554504,2.0550851821899414,2.044341564178467
171,0.22909697890281677,0.27904728055000305,2.0872673988342285,2.077624559402466
172,0.22019356489181519,0.26464176177978516,2.0385308265686035,2.044965982437134
173,0.23631297051906586,0.26439428329467773,2.0674736499786377,2.0444536209106445
174,0.22634553909301758,0.2819371819496155,2.077526569366455,2.092999219894409
175,0.21693632006645203,0.2608986794948578,2.0493252277374268,2.063227653503418
176,0.21801163256168365,0.27091020345687866,2.0583157539367676,2.091390609741211
177,0.22074005007743835,0.25839963555336,2.0472679138183594,2.0546669960021973
178,0.21657945215702057,0.2616880238056183,2.0514774322509766,2.0655295848846436
179,0.22830359637737274,0.26598599553108215,2.0479705333709717,2.0552139282226562
180,0.2092246562242508,0.25772884488105774,2.0521576404571533,2.083333969116211
181,0.21077820658683777,0.261705607175827,2.0539793968200684,2.0835821628570557
182,0.22498926520347595,0.2620660364627838,2.0519585609436035,2.0630242824554443
183,0.2108812779188156,0.26190483570098877,2.0499422550201416,2.083979845046997
184,0.23103739321231842,0.25954920053482056,2.075208902359009,2.0807106494903564
185,0.22346003353595734,0.2554868459701538,2.0642802715301514,2.0756845474243164
186,0.2087470144033432,0.2549813389778137,2.054553985595703,2.0908687114715576
187,0.22053281962871552,0.26114940643310547,2.055953025817871,2.080796957015991
188,0.20573222637176514,0.2519916594028473,2.0437464714050293,2.086500406265259
189,0.2089589238166809,0.2628724277019501,2.068570852279663,2.1126821041107178
190,0.2213563621044159,0.2752034068107605,2.0850026607513428,2.1218678951263428
191,0.21724273264408112,0.2991518974304199,2.1066999435424805,2.1640005111694336
192,0.20587538182735443,0.2740185260772705,2.0875399112701416,2.1602299213409424
193,0.21610409021377563,0.2697486877441406,2.0570085048675537,2.087646484375
194,0.20233289897441864,0.2693716287612915,2.044891357421875,2.1037535667419434
195,0.1989789605140686,0.262549489736557,2.0366787910461426,2.1064703464508057
196,0.19822834432125092,0.2676646113395691,2.0605597496032715,2.1375954151153564
197,0.20815891027450562,0.27309879660606384,2.0661001205444336,2.1132211685180664
198,0.21269828081130981,0.2665424346923828,2.0606274604797363,2.1108756065368652
199,0.20830561220645905,0.2642631530761719,2.053128480911255,2.1035385131835938
200,0.21129783987998962,0.26765114068984985,2.055510997772217,2.108642339706421
201,0.20705999433994293,0.25981849431991577,2.0362389087677,2.081758737564087
202,0.20109142363071442,0.26212021708488464,2.045044422149658,2.1050117015838623
203,0.20115144550800323,0.2658695578575134,2.0546393394470215,2.1261494159698486
204,0.18956756591796875,0.2595394551753998,2.029407024383545,2.1092047691345215
205,0.18911665678024292,0.26258641481399536,2.0402843952178955,2.1329500675201416
206,0.20253099501132965,0.2636045217514038,2.0241570472717285,2.093876361846924
207,0.19193516671657562,0.25735151767730713,2.044066905975342,2.1279067993164062
208,0.19718621671199799,0.2583043575286865,2.035855770111084,2.1095430850982666
209,0.1942034214735031,0.26294901967048645,2.0549259185791016,2.141880989074707
210,0.20261573791503906,0.2742827236652374,2.098881721496582,2.188110589981079
211,0.1971311867237091,0.257908433675766,2.03920316696167,2.116314649581909
212,0.19963526725769043,0.2688480615615845,2.0730032920837402,2.1535801887512207
213,0.20575816929340363,0.2587395906448364,2.029369354248047,2.0887959003448486
214,0.2002260684967041,0.2618870735168457,2.0418426990509033,2.1217172145843506
215,0.19897976517677307,0.27141788601875305,2.0581140518188477,2.1462926864624023
216,0.18808220326900482,0.26533204317092896,2.0521228313446045,2.1463117599487305
217,0.20136599242687225,0.2660088539123535,2.0480763912200928,2.1272261142730713
218,0.2165442854166031,0.27297019958496094,2.0625720024108887,2.129197835922241
219,0.2024974226951599,0.2631930410861969,2.036699056625366,2.1153619289398193
220,0.20107010006904602,0.26895833015441895,2.0387237071990967,2.128170967102051
221,0.20243516564369202,0.2658630907535553,2.050957441329956,2.1300556659698486
222,0.19338363409042358,0.26749879121780396,2.0414249897003174,2.1458396911621094
223,0.19822600483894348,0.2713477909564972,2.050740957260132,2.152514696121216
224,0.19353370368480682,0.27874618768692017,2.0827150344848633,2.201862096786499
225,0.18717658519744873,0.27779531478881836,2.0737617015838623,2.2129251956939697
226,0.2004322111606598,0.27269574999809265,2.04927659034729,2.145275831222534
227,0.20246559381484985,0.2779441475868225,2.055866003036499,2.1487739086151123
228,0.19184964895248413,0.26733213663101196,2.0420522689819336,2.144843339920044
229,0.20932424068450928,0.27275845408439636,2.052555799484253,2.119022846221924
230,0.19918255507946014,0.26182976365089417,2.014563798904419,2.0978212356567383
231,0.20358042418956757,0.2825489640235901,2.0723512172698975,2.167893886566162
232,0.18711714446544647,0.27074629068374634,2.070711135864258,2.1896352767944336
233,0.1873912215232849,0.2704348564147949,2.0435659885406494,2.1523497104644775
234,0.19123342633247375,0.2721770107746124,2.0277292728424072,2.143422842025757
235,0.18402116000652313,0.29931825399398804,2.0651614665985107,2.211320400238037
236,0.1926804929971695,0.2661076784133911,2.004254102706909,2.1123571395874023
237,0.19461101293563843,0.2774532735347748,2.0606601238250732,2.1871559619903564
238,0.19421428442001343,0.26847776770591736,2.0467395782470703,2.1589457988739014
239,0.2085428088903427,0.2745842933654785,2.052212953567505,2.1398251056671143
240,0.2014789879322052,0.2865968942642212,2.054701566696167,2.170539617538452
241,0.21488408744335175,0.28058093786239624,2.037421226501465,2.1207315921783447
242,0.1907339245080948,0.28314295411109924,2.036134958267212,2.1616506576538086
243,0.19019748270511627,0.28622177243232727,2.045358180999756,2.174379825592041
244,0.20265433192253113,0.2954198718070984,2.0532870292663574,2.16208815574646
245,0.1878732591867447,0.28702980279922485,2.061941623687744,2.2183334827423096
246,0.1884596049785614,0.3159547448158264,2.1921916007995605,2.385965347290039
247,0.21132078766822815,0.2769480347633362,2.0444958209991455,2.1312592029571533
248,0.21127203106880188,0.28056803345680237,2.0567636489868164,2.1509273052215576
249,0.19347862899303436,0.2830141484737396,2.036628246307373,2.1728949546813965
250,0.2076696902513504,0.2761542797088623,2.0539839267730713,2.1382386684417725
251,0.1979396641254425,0.2787941098213196,2.0488181114196777,2.1644859313964844
252,0.21226970851421356,0.2697751224040985,2.063072681427002,2.1538403034210205
253,0.18088889122009277,0.27636829018592834,2.0454275608062744,2.189918041229248
254,0.2013658881187439,0.292056679725647,2.0645666122436523,2.1953301429748535
255,0.20851664245128632,0.2798648476600647,2.0235211849212646,2.1291472911834717
256,0.18855825066566467,0.2756003141403198,2.029761552810669,2.163449764251709
257,0.1942412555217743,0.28165870904922485,2.023078441619873,2.1623282432556152
258,0.186600923538208,0.2822670042514801,2.0453813076019287,2.1997385025024414
259,0.1933702826499939,0.27485644817352295,2.0524163246154785,2.1889004707336426
260,0.1903611570596695,0.2824418544769287,2.059832811355591,2.199777841567993
261,0.18902727961540222,0.2799637019634247,2.0348458290100098,2.1709885597229004
262,0.19739031791687012,0.2808224558830261,2.052767038345337,2.169804811477661
263,0.1966056525707245,0.28714683651924133,2.0469491481781006,2.171496868133545
264,0.18519097566604614,0.2936226725578308,2.056514024734497,2.210662841796875
265,0.18444891273975372,0.28423163294792175,2.0217950344085693,2.1688709259033203
266,0.20452876389026642,0.28478655219078064,2.033607244491577,2.1544923782348633
267,0.19159024953842163,0.2982468903064728,2.067737102508545,2.2290635108947754
268,0.1783130019903183,0.3070879280567169,2.068175792694092,2.263031482696533
269,0.1918269395828247,0.2908138334751129,2.061187267303467,2.21232271194458
270,0.1860811859369278,0.27350109815597534,2.0070505142211914,2.1586456298828125
271,0.19691155850887299,0.28048640489578247,2.0422592163085938,2.1788525581359863
272,0.19919319450855255,0.3001905083656311,2.075284004211426,2.2215688228607178
273,0.19506072998046875,0.287520170211792,2.0482537746429443,2.1883137226104736
274,0.20578792691230774,0.2837274670600891,2.070666790008545,2.1876676082611084
275,0.2135574072599411,0.2849627733230591,2.0388760566711426,2.1446163654327393
276,0.2044311761856079,0.2821737825870514,2.0403318405151367,2.161893367767334
277,0.19182369112968445,0.276178240776062,2.0313527584075928,2.177436590194702
278,0.2151608020067215,0.2812512218952179,2.0352067947387695,2.14422345161438
279,0.19668877124786377,0.283149778842926,2.024200439453125,2.1703977584838867
280,0.18904443085193634,0.27674776315689087,2.0255565643310547,2.172563314437866
281,0.18527203798294067,0.2847658097743988,2.024714469909668,2.1896915435791016
282,0.19730554521083832,0.27683138847351074,2.017350196838379,2.1514461040496826
283,0.19187861680984497,0.2806732654571533,2.0347113609313965,2.1877753734588623
284,0.18719781935214996,0.2849416732788086,2.0318896770477295,2.18617844581604
285,0.20518581569194794,0.2853735387325287,2.010894775390625,2.149059534072876
286,0.19307179749011993,0.2934211790561676,2.0282294750213623,2.193934917449951
287,0.20310021936893463,0.29427462816238403,2.0389351844787598,2.1843130588531494
288,0.19637219607830048,0.29320210218429565,2.0390145778656006,2.190497398376465
289,0.19254551827907562,0.2970413267612457,2.04469633102417,2.203857421875
290,0.18589818477630615,0.29374271631240845,2.0426828861236572,2.2089943885803223
291,0.18732137978076935,0.2960566580295563,2.0410678386688232,2.191659927368164
292,0.20218904316425323,0.29602476954460144,2.0299627780914307,2.1641242504119873
293,0.1947517842054367,0.29936426877975464,2.0342845916748047,2.1911942958831787
294,0.20200270414352417,0.29888716340065,2.0438616275787354,2.185499429702759
295,0.1828858107328415,0.30075719952583313,2.01724910736084,2.196155309677124
296,0.19581034779548645,0.2914201021194458,2.028200387954712,2.1849923133850098
297,0.2014065384864807,0.28567394614219666,2.023993492126465,2.1666765213012695
298,0.18448449671268463,0.28236472606658936,2.0133371353149414,2.1970386505126953
299,0.18792416155338287,0.2840314507484436,2.0091145038604736,2.177255630493164
300,0.1939835250377655,0.28026479482650757,2.0150954723358154,2.1802728176116943
301,0.20899565517902374,0.29572638869285583,2.030454397201538,2.1814846992492676
302,0.17433664202690125,0.28367793560028076,2.0058112144470215,2.195511817932129
303,0.16549740731716156,0.2837296426296234,2.0156726837158203,2.2165591716766357
304,0.16442619264125824,0.27965855598449707,1.9938610792160034,2.1965126991271973
305,0.16794927418231964,0.2776552736759186,1.9894951581954956,2.1793875694274902
306,0.1575775146484375,0.275402307510376,1.9865710735321045,2.1906235218048096
307,0.15933005511760712,0.2786198556423187,1.9884556531906128,2.1959376335144043
308,0.15585274994373322,0.2847645580768585,2.0051076412200928,2.2244181632995605
309,0.1638541966676712,0.2849638760089874,2.013023853302002,2.2223687171936035
310,0.15696966648101807,0.2892281413078308,2.0245895385742188,2.250790596008301
311,0.15925689041614532,0.2769325077533722,1.9918718338012695,2.189835548400879
312,0.1483028382062912,0.2803269624710083,1.998686671257019,2.224607467651367
313,0.14513270556926727,0.28104519844055176,1.9840221405029297,2.214831829071045
314,0.1508999764919281,0.2772921323776245,1.9866269826889038,2.2005627155303955
315,0.1533125340938568,0.2787952423095703,1.9858663082122803,2.2009551525115967
316,0.16044116020202637,0.28340914845466614,1.9997236728668213,2.2012219429016113
317,0.1625313013792038,0.28274860978126526,1.9982740879058838,2.1936473846435547
318,0.15633615851402283,0.2814064025878906,1.992516040802002,2.197603940963745
319,0.14603669941425323,0.2777348756790161,1.9844746589660645,2.2078516483306885
320,0.15081924200057983,0.2806216776371002,1.995535969734192,2.2081966400146484
321,0.1564711332321167,0.28072911500930786,1.9993259906768799,2.2046022415161133
322,0.14891108870506287,0.281151682138443,1.9920932054519653,2.2130656242370605
323,0.15075978636741638,0.2844538986682892,1.9893910884857178,2.205763339996338
324,0.1618395447731018,0.28727588057518005,2.0073134899139404,2.2111587524414062
325,0.14926740527153015,0.2802351415157318,2.00295352935791,2.2216031551361084
326,0.15374939143657684,0.28231731057167053,2.0008113384246826,2.214171886444092
327,0.16034655272960663,0.27646544575691223,1.985581874847412,2.1810717582702637
328,0.1544996052980423,0.2831674814224243,1.9945752620697021,2.2025444507598877
329,0.1498459130525589,0.2828640937805176,1.993892788887024,2.2115259170532227
330,0.1528984159231186,0.28104329109191895,1.9904133081436157,2.19976544380188
331,0.1493731141090393,0.2847186326980591,1.9952389001846313,2.2144739627838135
332,0.14837493002414703,0.2857080399990082,2.010347604751587,2.2397148609161377
333,0.15607523918151855,0.2866049110889435,2.0139169692993164,2.2221462726593018
334,0.1464640349149704,0.28850802779197693,1.9997512102127075,2.237624406814575
335,0.1502862125635147,0.2918897867202759,2.003636121749878,2.2273411750793457
336,0.1499510407447815,0.288138210773468,2.000828981399536,2.2332234382629395
337,0.14966395497322083,0.2966707944869995,2.0473825931549072,2.2929470539093018
338,0.1492597758769989,0.28407829999923706,2.003499984741211,2.2262678146362305
339,0.14971864223480225,0.28129154443740845,1.9997239112854004,2.2185287475585938
340,0.14294908940792084,0.2822878062725067,1.998720407485962,2.234001398086548
341,0.14785435795783997,0.285290390253067,1.9823169708251953,2.2110185623168945
342,0.14481239020824432,0.2817738950252533,1.9933497905731201,2.2297561168670654
343,0.14515259861946106,0.2879732549190521,2.008472204208374,2.2373287677764893
344,0.15318819880485535,0.28405246138572693,2.01220440864563,2.225533962249756
345,0.15201020240783691,0.2850095331668854,1.990258812904358,2.201788902282715
346,0.13792124390602112,0.28698140382766724,1.9918826818466187,2.236602306365967
347,0.14707818627357483,0.28215858340263367,1.9947313070297241,2.2152516841888428
348,0.14667344093322754,0.2858366072177887,2.001316547393799,2.222698211669922
349,0.14234225451946259,0.28322359919548035,1.991566777229309,2.222716808319092
350,0.13918368518352509,0.2861185073852539,1.9962106943130493,2.238105058670044
351,0.15430159866809845,0.28161683678627014,1.9873801469802856,2.2004573345184326
352,0.15004047751426697,0.2846985161304474,2.00065541267395,2.2233188152313232
353,0.1438807249069214,0.2870147228240967,1.9855703115463257,2.219309091567993
354,0.14964166283607483,0.28741344809532166,2.011356830596924,2.227473497390747
355,0.14109492301940918,0.2822117507457733,1.9800740480422974,2.2130489349365234
356,0.14480186998844147,0.28685587644577026,1.99256432056427,2.2280466556549072
357,0.15055401623249054,0.2808774411678314,1.9905216693878174,2.19994854927063
358,0.14400793612003326,0.28146135807037354,1.9987095594406128,2.2207539081573486
359,0.14798232913017273,0.2864730656147003,2.0002763271331787,2.2262213230133057
360,0.1431037187576294,0.29096582531929016,2.002311944961548,2.2282285690307617
