1,0.9836951494216919,0.841827392578125,2.858091115951538,1.4658502340316772
2,0.9591326713562012,0.9048386216163635,2.2987008094787598,1.613537311553955
3,0.8311769366264343,0.8445026874542236,2.1170873641967773,1.591645359992981
4,0.6670321226119995,0.7110377550125122,2.0588297843933105,1.5109169483184814
5,0.6192868947982788,0.6743671894073486,2.048551321029663,1.4599778652191162
6,0.6189743280410767,0.6739921569824219,2.0487334728240967,1.4596978425979614
7,0.7663681507110596,0.7469702959060669,2.167086362838745,1.6279170513153076
8,0.6820695400238037,0.6558533310890198,2.2278952598571777,1.6405987739562988
9,0.6436218619346619,0.627720832824707,2.198301315307617,1.6786876916885376
10,0.6044269800186157,0.5670598149299622,2.2722346782684326,1.6703071594238281
11,0.5822729468345642,0.5570582747459412,2.275921583175659,1.6911137104034424
12,0.54694002866745,0.562574565410614,2.3057303428649902,1.7773001194000244
13,0.5190042853355408,0.5038133859634399,2.2962357997894287,1.7207083702087402
14,0.5461425185203552,0.5298035144805908,2.320751428604126,1.7549548149108887
15,0.48889049887657166,0.47874388098716736,2.294781446456909,1.7395663261413574
16,0.47007498145103455,0.46635547280311584,2.277134418487549,1.7464916706085205
17,0.46532949805259705,0.4577956795692444,2.2961785793304443,1.7680343389511108
18,0.4625687897205353,0.4602605998516083,2.3447957038879395,1.782580852508545
19,0.44949230551719666,0.45242318511009216,2.294718027114868,1.7999660968780518
20,0.458497554063797,0.4555990993976593,2.34816837310791,1.8122762441635132
21,0.4574141800403595,0.4720723032951355,2.493192672729492,1.9209818840026855
22,0.46583887934684753,0.46362391114234924,2.3439719676971436,1.8198113441467285
23,0.4587041437625885,0.4424419403076172,2.356130599975586,1.8150821924209595
24,0.47106119990348816,0.44664791226387024,2.3229005336761475,1.7738667726516724
25,0.48353391885757446,0.4629661440849304,2.3931596279144287,1.8160431385040283
26,0.44508612155914307,0.4499441981315613,2.383690357208252,1.8554322719573975
27,0.41366663575172424,0.43533703684806824,2.3395843505859375,1.8578636646270752
28,0.3893904983997345,0.425628662109375,2.3518970012664795,1.8931530714035034
29,0.4089297354221344,0.4212167263031006,2.351067066192627,1.852686882019043
30,0.4438990354537964,0.4552708566188812,2.3820292949676514,1.8803564310073853
31,0.4210652709007263,0.41422387957572937,2.3368520736694336,1.8052177429199219
32,0.4388298988342285,0.42854633927345276,2.3428890705108643,1.8287276029586792
33,0.4178837537765503,0.4250567853450775,2.357964277267456,1.8460726737976074
34,0.3963007926940918,0.40211546421051025,2.3068649768829346,1.8394598960876465
35,0.434100478887558,0.4236399233341217,2.350799560546875,1.8331873416900635
36,0.4721498489379883,0.4284745156764984,2.418809652328491,1.8320271968841553
37,0.4357162415981293,0.4323217570781708,2.4243011474609375,1.8994427919387817
38,0.4049432575702667,0.3956018090248108,2.3586647510528564,1.8800630569458008
39,0.44340983033180237,0.42046454548835754,2.366419792175293,1.8436543941497803
40,0.41681626439094543,0.43605655431747437,2.3713901042938232,1.8968127965927124
41,0.42026928067207336,0.41213884949684143,2.3644702434539795,1.8708107471466064
42,0.4374352693557739,0.4430190622806549,2.375847101211548,1.8826634883880615
43,0.38958048820495605,0.4141217768192291,2.3272929191589355,1.9014915227890015
44,0.42656177282333374,0.4203082323074341,2.365654468536377,1.8784061670303345
45,0.39001134037971497,0.3999316692352295,2.333462953567505,1.9029008150100708
46,0.37802404165267944,0.3879293203353882,2.331031322479248,1.9022012948989868
47,0.3753040134906769,0.3939804434776306,2.3308651447296143,1.9001288414001465
48,0.4247477352619171,0.4164457619190216,2.3726556301116943,1.8998242616653442
49,0.3876286447048187,0.40450701117515564,2.3532233238220215,1.932207465171814
50,0.4224160313606262,0.45023083686828613,2.550363779067993,2.0596261024475098
51,0.43485161662101746,0.43011534214019775,2.4107518196105957,1.928512454032898
52,0.4567110240459442,0.43931999802589417,2.3996245861053467,1.9066424369812012
53,0.409789502620697,0.42290574312210083,2.3899357318878174,1.9600632190704346
54,0.36338600516319275,0.37038323283195496,2.3138279914855957,1.9032559394836426
55,0.40746423602104187,0.3957343101501465,2.3512356281280518,1.876477837562561
56,0.43368062376976013,0.40525880455970764,2.343379497528076,1.870539903640747
57,0.37505781650543213,0.3723706901073456,2.331216335296631,1.9012231826782227
58,0.4185970723628998,0.41107574105262756,2.371689558029175,1.9349497556686401
59,0.38979336619377136,0.37932804226875305,2.3527631759643555,1.916829228401184
60,0.4222484827041626,0.4085451364517212,2.361302614212036,1.9079468250274658
61,0.3709067404270172,0.38045674562454224,2.3686702251434326,1.9499346017837524
62,0.3751535415649414,0.37861791253089905,2.3362555503845215,1.9259512424468994
63,0.3933367431163788,0.3991464674472809,2.3570470809936523,1.93897545337677
64,0.38236185908317566,0.38797223567962646,2.3609981536865234,1.9462769031524658
65,0.4009152352809906,0.39465418457984924,2.3570146560668945,1.9347538948059082
66,0.39340776205062866,0.3823285698890686,2.3549978733062744,1.9319868087768555
67,0.3934187591075897,0.38134607672691345,2.359584331512451,1.9126359224319458
68,0.4296770691871643,0.3999881148338318,2.4550130367279053,1.9677602052688599
69,0.3976731300354004,0.3998807370662689,2.3490636348724365,1.9653841257095337
70,0.3782291114330292,0.37592563033103943,2.3268935680389404,1.9078774452209473
71,0.41790279746055603,0.40310901403427124,2.4082489013671875,1.9514902830123901
72,0.4003084599971771,0.3793605864048004,2.293337106704712,1.8834792375564575
73,0.3831217885017395,0.3771117329597473,2.3092875480651855,1.9264748096466064
74,0.3940782845020294,0.37652289867401123,2.305938243865967,1.923020839691162
75,0.3956805467605591,0.3814736604690552,2.347775459289551,1.9354047775268555
76,0.38047850131988525,0.38507840037345886,2.3060710430145264,1.938372254371643
77,0.38262951374053955,0.379378080368042,2.3280067443847656,1.9726470708847046
78,0.3873647451400757,0.3734687268733978,2.31947660446167,1.9559727907180786
79,0.42610615491867065,0.39413607120513916,2.3259527683258057,1.8839993476867676
80,0.3734395205974579,0.3738163709640503,2.2962727546691895,1.932007074356079
81,0.39736059308052063,0.3946966528892517,2.397327423095703,1.9900864362716675
82,0.39137789607048035,0.36726224422454834,2.2852532863616943,1.907292366027832
83,0.39750492572784424,0.385743647813797,2.3212990760803223,1.935742974281311
84,0.36446669697761536,0.3685570955276489,2.2927935123443604,1.9482275247573853
85,0.3923355042934418,0.3968837559223175,2.3267154693603516,1.9505759477615356
86,0.3681698441505432,0.36727750301361084,2.342566728591919,1.9628219604492188
87,0.37648332118988037,0.37395864725112915,2.2945871353149414,1.9492484331130981
88,0.3625970482826233,0.380344033241272,2.274573802947998,1.9535068273544312
89,0.3724547028541565,0.3602026402950287,2.299020767211914,1.9600895643234253
90,0.3996656537055969,0.3960234522819519,2.304431200027466,1.9612699747085571
91,0.4671724736690521,0.4918164610862732,2.588268995285034,2.1150245666503906
92,0.4070471525192261,0.38230109214782715,2.3275065422058105,1.9365934133529663
93,0.3842638432979584,0.3853965997695923,2.2979559898376465,1.954153299331665
94,0.3440246880054474,0.36512744426727295,2.291320323944092,1.9813209772109985
95,0.40577706694602966,0.3697594404220581,2.2833168506622314,1.913869857788086
96,0.3896460235118866,0.41909539699554443,2.2914934158325195,1.9702738523483276
97,0.3759249448776245,0.36086827516555786,2.241023063659668,1.9000787734985352
98,0.399515837430954,0.37597236037254333,2.271090507507324,1.9086394309997559
99,0.36205580830574036,0.37445446848869324,2.2790119647979736,1.9702067375183105
100,0.403812438249588,0.4039287567138672,2.3515841960906982,2.000821352005005
101,0.40579986572265625,0.38727301359176636,2.331420660018921,1.9469943046569824
102,0.38379964232444763,0.39585554599761963,2.3158223628997803,1.9918773174285889
103,0.3869951367378235,0.36405423283576965,2.3311967849731445,1.943613886833191
104,0.3994939923286438,0.3841102719306946,2.3176767826080322,1.9547539949417114
105,0.3830356299877167,0.37803879380226135,2.268857717514038,1.9707657098770142
106,0.3886777460575104,0.38007768988609314,2.30064058303833,1.963383674621582
107,0.3814835548400879,0.3793351352214813,2.289977550506592,1.982582926750183
108,0.4087889492511749,0.3808712363243103,2.3226988315582275,1.962080955505371
109,0.36567237973213196,0.38256484270095825,2.2732017040252686,1.9840956926345825
110,0.3817879855632782,0.37398403882980347,2.2758162021636963,1.9636062383651733
111,0.3640565872192383,0.3700878918170929,2.2793691158294678,1.9613655805587769
112,0.3873097002506256,0.42275121808052063,2.3057873249053955,2.0153019428253174
113,0.3808819353580475,0.37569618225097656,2.256171703338623,1.9347598552703857
114,0.36791926622390747,0.3807162940502167,2.2379181385040283,1.9492324590682983
115,0.5146982073783875,0.6038232445716858,3.7835099697113037,3.2461347579956055
116,0.42676496505737305,0.40462738275527954,2.3052875995635986,1.9374607801437378
117,0.4009016156196594,0.3780331015586853,2.276303291320801,1.934700846672058
118,0.3992044925689697,0.4089861512184143,2.28798246383667,1.9769741296768188
119,0.35872718691825867,0.35335323214530945,2.235318422317505,1.922073245048523
120,0.4219493567943573,0.39873093366622925,2.3403797149658203,1.9683386087417603
121,0.3980591893196106,0.37168794870376587,2.290795087814331,1.960686206817627
122,0.39247047901153564,0.36757874488830566,2.2688710689544678,1.944331169128418
123,0.41559916734695435,0.38748079538345337,2.2966465950012207,1.9175407886505127
124,0.3919132351875305,0.366156667470932,2.273638963699341,1.9335179328918457
125,0.42399126291275024,0.37826699018478394,2.322436809539795,1.9389708042144775
126,0.40222302079200745,0.3909980356693268,2.2913894653320312,1.9709641933441162
127,0.3748338520526886,0.40182340145111084,2.30248761177063,2.0429606437683105
128,0.3618203401565552,0.3561338186264038,2.2663280963897705,1.940308928489685
129,0.4031141400337219,0.3820149898529053,2.2821218967437744,1.9498484134674072
130,0.41343048214912415,0.3855127990245819,2.2916009426116943,1.970191240310669
131,0.439272940158844,0.42462512850761414,2.4177441596984863,2.0682811737060547
132,0.3882150650024414,0.35332244634628296,2.2402260303497314,1.9166499376296997
133,0.3723064959049225,0.38149216771125793,2.313525438308716,2.017387628555298
134,0.3734687566757202,0.3736933171749115,2.2973287105560303,2.002020835876465
135,0.4268040060997009,0.38777562975883484,2.305403470993042,1.9592671394348145
136,0.4332427978515625,0.4069489538669586,2.3236823081970215,1.9707324504852295
137,0.38566380739212036,0.40868687629699707,2.3837435245513916,2.062537908554077
138,0.40206679701805115,0.41809481382369995,2.277845859527588,2.009843111038208
139,0.4036240577697754,0.37664878368377686,2.3293404579162598,1.9916239976882935
140,0.39336222410202026,0.38265588879585266,2.2569119930267334,1.9525834321975708
141,0.3912050426006317,0.3653700351715088,2.3004446029663086,1.9812887907028198
142,0.38059407472610474,0.39170652627944946,2.29722261428833,2.0333471298217773
143,0.39085114002227783,0.36910662055015564,2.2681901454925537,1.962066888809204
144,0.38903629779815674,0.3910452425479889,2.2978034019470215,2.015939235687256
145,0.38464587926864624,0.37036359310150146,2.289266347885132,1.9775861501693726
146,0.40362298488616943,0.4155143201351166,2.2766895294189453,1.9827865362167358
147,0.3656579256057739,0.37391397356987,2.237534761428833,1.997557520866394
148,0.3954487144947052,0.3932189643383026,2.302480459213257,2.015371561050415
149,0.3521963655948639,0.4031529724597931,2.3646297454833984,2.1297428607940674
150,0.3791496455669403,0.36484402418136597,2.2649476528167725,1.9960120916366577
151,0.41551169753074646,0.3931354284286499,2.280195474624634,1.9857712984085083
152,0.3265635073184967,0.3610813617706299,2.1806979179382324,2.042935371398926
153,0.2731735408306122,0.3062780797481537,2.1244566440582275,2.0381691455841064
154,0.26330599188804626,0.3007330894470215,2.1247355937957764,2.0565452575683594
155,0.27172112464904785,0.30107390880584717,2.114431858062744,2.039444923400879
156,0.2687099277973175,0.2925964593887329,2.105339765548706,2.0230894088745117
157,0.2643900513648987,0.28221240639686584,2.090416431427002,2.020139694213867
158,0.2448708862066269,0.2738666832447052,2.07503342628479,2.019512891769409
159,0.2619377672672272,0.2958994209766388,2.1170499324798584,2.0646650791168213
160,0.2358277589082718,0.27410873770713806,2.077146291732788,2.0426058769226074
161,0.24760422110557556,0.27090662717819214,2.080671548843384,2.032482862472534
162,0.2453123927116394,0.2858161926269531,2.1078615188598633,2.0735464096069336
163,0.24975290894508362,0.2806103825569153,2.091977119445801,2.0493218898773193
164,0.24060510098934174,0.2752472162246704,2.081761598587036,2.0669896602630615
165,0.24000120162963867,0.2748364210128784,2.0854361057281494,2.0650699138641357
166,0.2342606484889984,0.27565449476242065,2.0705370903015137,2.064040422439575
167,0.2377810776233673,0.26493752002716064,2.062999725341797,2.040548324584961
168,0.23723037540912628,0.2703744173049927,2.065634250640869,2.0559682846069336
169,0.24023741483688354,0.2735811769962311,2.0696871280670166,2.055964708328247
170,0.2298528254032135,0.26102909445762634,2.0559656620025635,2.0421926975250244
171,0.22985967993736267,0.2736832797527313,2.086366891860962,2.0841543674468994
172,0.24965545535087585,0.28347063064575195,2.0757172107696533,2.06266188621521
173,0.19811514019966125,0.28197863698005676,2.154059410095215,2.246319055557251
174,0.23269884288311005,0.26986023783683777,2.0653789043426514,2.0674197673797607
175,0.22498051822185516,0.2700730860233307,2.056954860687256,2.0801825523376465
176,0.23203979432582855,0.2732444405555725,2.066887378692627,2.072977066040039
177,0.22784852981567383,0.26252809166908264,2.064511299133301,2.074739933013916
178,0.21687999367713928,0.26505187153816223,2.0359482765197754,2.070733070373535
179,0.2350919544696808,0.278234601020813,2.0827863216400146,2.0843703746795654
180,0.22423380613327026,0.2695695161819458,2.064938545227051,2.0829648971557617
181,0.22488388419151306,0.2722294330596924,2.0736770629882812,2.1046080589294434
182,0.2295774668455124,0.2693737745285034,2.0584418773651123,2.0756595134735107
183,0.22967614233493805,0.2807179391384125,2.089317560195923,2.120666742324829
184,0.22343158721923828,0.2641347050666809,2.0528337955474854,2.0816383361816406
185,0.2063477337360382,0.25605982542037964,2.03649640083313,2.086298942565918
186,0.21730932593345642,0.2573145031929016,2.0482261180877686,2.0943615436553955
187,0.2113209217786789,0.2562238574028015,2.0615103244781494,2.0965399742126465
188,0.2274039089679718,0.26570191979408264,2.0728979110717773,2.099717617034912
189,0.218863382935524,0.25964248180389404,2.0345585346221924,2.0664210319519043
190,0.21457234025001526,0.26349422335624695,2.067152261734009,2.118262529373169
191,0.20497557520866394,0.2494145631790161,2.0377275943756104,2.088207960128784
192,0.2095148116350174,0.25479069352149963,2.05344820022583,2.1126811504364014
193,0.20447291433811188,0.2717982232570648,2.0841329097747803,2.1479709148406982
194,0.22285562753677368,0.25873246788978577,2.064748525619507,2.0948262214660645
195,0.21130575239658356,0.2634560167789459,2.0630178451538086,2.1179065704345703
196,0.21678540110588074,0.26042452454566956,2.0665814876556396,2.1174793243408203
197,0.21935449540615082,0.25546994805336,2.0553736686706543,2.0858259201049805
198,0.20376212894916534,0.24819691479206085,2.0390965938568115,2.0981831550598145
199,0.20976917445659637,0.25308749079704285,2.0611956119537354,2.111867666244507
200,0.22303439676761627,0.2678077816963196,2.0505309104919434,2.0974557399749756
201,0.19703450798988342,0.28151771426200867,2.077631950378418,2.1918482780456543
202,0.20156198740005493,0.25533366203308105,2.0369772911071777,2.114138126373291
203,0.20906329154968262,0.2587379515171051,2.0431272983551025,2.1074371337890625
204,0.2023511677980423,0.2625656723976135,2.0385031700134277,2.1249759197235107
205,0.19643062353134155,0.2688045799732208,2.0673017501831055,2.165142774581909
206,0.2004982829093933,0.2679821848869324,2.062053680419922,2.1487479209899902
207,0.20688709616661072,0.2590528130531311,2.0462684631347656,2.128645896911621
208,0.21695619821548462,0.26326504349708557,2.0375986099243164,2.097960948944092
209,0.1961827129125595,0.26211389899253845,2.0251970291137695,2.1146180629730225
210,0.21947038173675537,0.2622034549713135,2.055558681488037,2.1137518882751465
211,0.21752884984016418,0.26380255818367004,2.054395914077759,2.1150238513946533
212,0.2143103927373886,0.27404651045799255,2.0574467182159424,2.130354881286621
213,0.20700430870056152,0.2684546113014221,2.0418758392333984,2.1270692348480225
214,0.20535147190093994,0.2601132094860077,2.051279306411743,2.12599778175354
215,0.1978132575750351,0.2597714960575104,2.0470776557922363,2.1398160457611084
216,0.19471736252307892,0.2509187161922455,2.0358691215515137,2.146085739135742
217,0.1956118792295456,0.2705426812171936,2.044926166534424,2.1529154777526855
218,0.19764944911003113,0.2592126131057739,2.054560899734497,2.158229112625122
219,0.19963233172893524,0.28007036447525024,2.0798771381378174,2.1856486797332764
220,0.1975288689136505,0.25960785150527954,2.02934193611145,2.1293680667877197
221,0.20478756725788116,0.25410088896751404,2.041382312774658,2.12790846824646
222,0.19665488600730896,0.263237863779068,2.067530870437622,2.1730825901031494
223,0.21198062598705292,0.26418784260749817,2.034348487854004,2.126132011413574
224,0.19878923892974854,0.2594364583492279,2.0481815338134766,2.150827646255493
225,0.20485304296016693,0.2676908075809479,2.0714128017425537,2.157399892807007
226,0.18378768861293793,0.2771034836769104,2.088946580886841,2.2456300258636475
227,0.19953934848308563,0.25443267822265625,2.026963233947754,2.123171329498291
228,0.1990932673215866,0.2847490906715393,2.11423659324646,2.223065137863159
229,0.2073998749256134,0.2582661807537079,2.0431020259857178,2.1314878463745117
230,0.18873272836208344,0.2618921101093292,2.034461498260498,2.153621196746826
231,0.20800423622131348,0.2665368318557739,2.048395872116089,2.1451547145843506
232,0.21044273674488068,0.26108673214912415,2.0464210510253906,2.134504795074463
233,0.20089274644851685,0.2681862711906433,2.0492146015167236,2.166715145111084
234,0.2054065763950348,0.2767336964607239,2.0520644187927246,2.160796642303467
235,0.19258375465869904,0.26517364382743835,2.0441792011260986,2.1789543628692627
236,0.2056593894958496,0.26826080679893494,2.0365757942199707,2.1367502212524414
237,0.21003685891628265,0.26776811480522156,2.061119556427002,2.1601526737213135
238,0.20695318281650543,0.28632140159606934,2.114823579788208,2.22587251663208
239,0.20233000814914703,0.27699097990989685,2.0738155841827393,2.1860430240631104
240,0.19796082377433777,0.26506584882736206,2.037991762161255,2.1614902019500732
241,0.2106369137763977,0.2719815671443939,2.0532798767089844,2.15505051612854
242,0.22494666278362274,0.2787139117717743,2.066263198852539,2.144165515899658
243,0.200446218252182,0.27169090509414673,2.0439608097076416,2.167198657989502
244,0.19142597913742065,0.2692168354988098,2.041151285171509,2.1726620197296143
245,0.21098592877388,0.27641311287879944,2.043879270553589,2.1505842208862305
246,0.18925847113132477,0.26592180132865906,2.032806396484375,2.1842517852783203
247,0.2021888941526413,0.2717611789703369,2.0428402423858643,2.1492273807525635
248,0.20265425741672516,0.26302847266197205,2.0239944458007812,2.140047311782837
249,0.17809760570526123,0.2842094302177429,2.0822296142578125,2.2874653339385986
250,0.1847115457057953,0.2648034691810608,2.0165414810180664,2.1616175174713135
251,0.19820603728294373,0.26303738355636597,2.027160882949829,2.140317678451538
252,0.1940866857767105,0.27602922916412354,2.061123847961426,2.191692352294922
253,0.18871557712554932,0.280918151140213,2.072006940841675,2.2275400161743164
254,0.21019771695137024,0.2728220820426941,2.0293447971343994,2.14463472366333
255,0.19206930696964264,0.2702673077583313,2.0278127193450928,2.165219783782959
256,0.19979286193847656,0.2788240611553192,2.045105218887329,2.1730449199676514
257,0.19183677434921265,0.27382034063339233,2.0267155170440674,2.173095464706421
258,0.1988409012556076,0.263322114944458,2.0241665840148926,2.158153533935547
259,0.20541070401668549,0.27578604221343994,2.034851312637329,2.1609036922454834
260,0.18414846062660217,0.28193214535713196,2.035074472427368,2.1999521255493164
261,0.20633120834827423,0.27053922414779663,2.0480709075927734,2.168647527694702
262,0.19497914612293243,0.26963096857070923,2.026013135910034,2.155014991760254
263,0.19513587653636932,0.28465667366981506,2.076219320297241,2.2317521572113037
264,0.21059703826904297,0.27050989866256714,2.0529532432556152,2.162999153137207
265,0.20782306790351868,0.2809563875198364,2.0382795333862305,2.158928155899048
266,0.19954809546470642,0.2697509229183197,2.0178258419036865,2.1518516540527344
267,0.1945902705192566,0.2671748995780945,2.0381276607513428,2.189099073410034
268,0.21825872361660004,0.26635050773620605,2.039757251739502,2.1406707763671875
269,0.19711139798164368,0.2677536606788635,2.0289275646209717,2.163353204727173
270,0.19990821182727814,0.26648664474487305,2.0310022830963135,2.167708396911621
271,0.22284157574176788,0.2719660997390747,2.0424227714538574,2.14180326461792
272,0.20470494031906128,0.2770073413848877,2.0387277603149414,2.1714744567871094
273,0.20727939903736115,0.2783864140510559,2.031122922897339,2.1658976078033447
274,0.2021820992231369,0.27340424060821533,2.0305662155151367,2.1681244373321533
275,0.2082992047071457,0.27858445048332214,2.050729274749756,2.178210735321045
276,0.21748191118240356,0.2820766568183899,2.0373220443725586,2.182138204574585
277,0.20896320044994354,0.2726798355579376,2.0241990089416504,2.1475086212158203
278,0.19195371866226196,0.27456265687942505,2.0259697437286377,2.1983323097229004
279,0.1899728775024414,0.2691253423690796,2.0364432334899902,2.2105023860931396
280,0.21426977217197418,0.2733222246170044,2.0369534492492676,2.159480333328247
281,0.19569088518619537,0.26921212673187256,2.0211946964263916,2.181140422821045
282,0.19297529757022858,0.27920135855674744,2.0411696434020996,2.2055935859680176
283,0.19544900953769684,0.2689356803894043,2.0204546451568604,2.1888980865478516
284,0.21144616603851318,0.2727619409561157,2.037985324859619,2.1696550846099854
285,0.20487387478351593,0.2693807780742645,2.0366621017456055,2.187415599822998
286,0.19857066869735718,0.2715258300304413,2.028210401535034,2.1838865280151367
287,0.20747627317905426,0.2657838463783264,2.0339717864990234,2.163827419281006
288,0.1997576206922531,0.2642848789691925,2.0252535343170166,2.1709213256835938
289,0.17670774459838867,0.2762589156627655,2.0362708568573,2.234848976135254
290,0.20823653042316437,0.2776350975036621,2.0287387371063232,2.1662328243255615
291,0.19661647081375122,0.2744515836238861,2.0326757431030273,2.195455551147461
292,0.20543500781059265,0.27970102429389954,2.0263421535491943,2.1852612495422363
293,0.18883514404296875,0.28265896439552307,2.022043466567993,2.217510223388672
294,0.1782459318637848,0.2794560194015503,2.0128893852233887,2.208425283432007
295,0.20506791770458221,0.29115286469459534,2.0840766429901123,2.2504799365997314
296,0.20269785821437836,0.2732222378253937,2.0141677856445312,2.174785852432251
297,0.19697248935699463,0.2753642499446869,2.0108423233032227,2.1808831691741943
298,0.1799505352973938,0.2690662741661072,1.9995521306991577,2.1989219188690186
299,0.22166389226913452,0.28387391567230225,2.0439891815185547,2.1852328777313232
300,0.21335048973560333,0.2765757441520691,2.039278268814087,2.1750760078430176
301,0.19359877705574036,0.27423855662345886,2.0178136825561523,2.1893117427825928
302,0.18881013989448547,0.27699440717697144,2.009877920150757,2.1843953132629395
303,0.18255792558193207,0.27134013175964355,2.0122814178466797,2.191697835922241
304,0.17796820402145386,0.27008622884750366,2.006537675857544,2.190768241882324
305,0.17155547440052032,0.27154824137687683,2.0082833766937256,2.197502851486206
306,0.16028401255607605,0.26778876781463623,1.9885003566741943,2.210580587387085
307,0.166317418217659,0.2680615186691284,1.9911693334579468,2.196512460708618
308,0.13008524477481842,0.2926565408706665,2.098388195037842,2.41752552986145
309,0.14084380865097046,0.2901235818862915,2.0905590057373047,2.400477886199951
310,0.16310115158557892,0.2805570363998413,2.030336380004883,2.2580795288085938
311,0.15579292178153992,0.2691120505332947,2.000744342803955,2.222895383834839
312,0.16031384468078613,0.2905665934085846,2.0417613983154297,2.2810163497924805
313,0.16126121580600739,0.2721744179725647,2.0034091472625732,2.215059280395508
314,0.16142971813678741,0.2750331461429596,2.0100607872009277,2.227799892425537
315,0.1591409593820572,0.28857752680778503,2.0195510387420654,2.249962329864502
316,0.1355448067188263,0.2972108721733093,2.097886085510254,2.3936288356781006
317,0.13706478476524353,0.2978326678276062,2.068638801574707,2.3996593952178955
318,0.1560787409543991,0.2711940109729767,1.9949097633361816,2.214836597442627
319,0.1574985682964325,0.27994948625564575,2.016439437866211,2.251311779022217
320,0.15931031107902527,0.2754785716533661,1.998679280281067,2.2161879539489746
321,0.1576097160577774,0.29646244645118713,2.0514779090881348,2.2983264923095703
322,0.1577194184064865,0.27494996786117554,2.003750801086426,2.226661205291748
323,0.1519860327243805,0.27297425270080566,1.9982507228851318,2.2396624088287354
324,0.15875902771949768,0.27722033858299255,2.0038299560546875,2.2254018783569336
325,0.15903544425964355,0.27212801575660706,1.9970334768295288,2.2220749855041504
326,0.1499205231666565,0.2786220908164978,2.0083425045013428,2.252676010131836
327,0.15247246623039246,0.2796975076198578,2.0143606662750244,2.2585792541503906
328,0.15618294477462769,0.27077630162239075,1.9959875345230103,2.2225754261016846
329,0.15526404976844788,0.2725156843662262,2.0101277828216553,2.2381155490875244
330,0.14850442111492157,0.27663320302963257,2.01440167427063,2.2557356357574463
331,0.15180103480815887,0.2701165974140167,2.002901792526245,2.2344698905944824
332,0.1485564112663269,0.27452415227890015,1.9913173913955688,2.234052896499634
333,0.15919283032417297,0.27755653858184814,2.001206159591675,2.223604917526245
334,0.1496368944644928,0.2758892774581909,2.0002939701080322,2.2347252368927
335,0.16077487170696259,0.2768959403038025,2.0061285495758057,2.2292990684509277
336,0.16050487756729126,0.27711188793182373,2.0131092071533203,2.222256898880005
337,0.15936800837516785,0.27693668007850647,2.0197267532348633,2.243010997772217
338,0.16069933772087097,0.27471429109573364,2.000096082687378,2.2137451171875
339,0.15338735282421112,0.2725577652454376,2.0080716609954834,2.238288640975952
340,0.1517004668712616,0.271610826253891,2.0121171474456787,2.246368408203125
341,0.15286755561828613,0.27702218294143677,2.01645827293396,2.2424509525299072
342,0.14902135729789734,0.2767416536808014,2.0067994594573975,2.2493081092834473
343,0.1511523574590683,0.27028796076774597,2.003842353820801,2.2323992252349854
344,0.15007752180099487,0.2763317823410034,2.021472215652466,2.256916046142578
345,0.1528782844543457,0.27678680419921875,2.001713991165161,2.2346999645233154
346,0.15178582072257996,0.2758494019508362,2.00750994682312,2.239366292953491
347,0.1460755467414856,0.27376317977905273,1.9989597797393799,2.238311767578125
348,0.15031588077545166,0.2769949734210968,2.001967668533325,2.2358341217041016
349,0.15474358201026917,0.27887779474258423,2.0170905590057373,2.242488145828247
350,0.14694491028785706,0.27183669805526733,2.0029454231262207,2.2439472675323486
351,0.14387109875679016,0.27755236625671387,2.0036253929138184,2.26002836227417
352,0.15211324393749237,0.27494898438453674,1.994606614112854,2.2292861938476562
353,0.15316136181354523,0.2760998010635376,2.0024173259735107,2.22475004196167
354,0.14915640652179718,0.2734816074371338,1.99130117893219,2.230381488800049
355,0.14296087622642517,0.2754485607147217,2.003355026245117,2.2533810138702393
356,0.15067078173160553,0.27544113993644714,2.0076181888580322,2.2384212017059326
357,0.14728589355945587,0.2736431658267975,2.0036821365356445,2.240382432937622
358,0.14919035136699677,0.27657628059387207,2.007213592529297,2.2461962699890137
359,0.1470748484134674,0.27548345923423767,2.0064473152160645,2.243103265762329
360,0.1474660187959671,0.27559658885002136,2.00470232963562,2.2496373653411865
