1,1.3300904035568237,0.8613051176071167,2.8850343227386475,1.3662145137786865
2,1.2552772760391235,0.8731666207313538,2.3802764415740967,1.381658911705017
3,1.2336552143096924,0.8953832387924194,2.2409021854400635,1.3551304340362549
4,1.0810550451278687,0.8588131666183472,2.1394660472869873,1.3529657125473022
5,1.0461229085922241,0.8456048965454102,2.152311086654663,1.3225606679916382
6,1.0452008247375488,0.8448055982589722,2.152604579925537,1.3223826885223389
7,0.7738106846809387,0.7840952277183533,1.763433575630188,1.5435917377471924
8,0.6975205540657043,0.7123310565948486,1.7696342468261719,1.5718363523483276
9,0.6411921381950378,0.6780484914779663,1.725055456161499,1.5953049659729004
10,0.6518021821975708,0.660865306854248,1.7710070610046387,1.6084818840026855
11,0.6073228120803833,0.6691158413887024,1.7406193017959595,1.6652971506118774
12,0.5841233730316162,0.632477343082428,1.7269459962844849,1.6472095251083374
13,0.5950246453285217,0.6521870493888855,1.7620866298675537,1.6773732900619507
14,0.5382311344146729,0.6083038449287415,1.7215925455093384,1.6710180044174194
15,0.5213490724563599,0.5920527577400208,1.7110954523086548,1.67076575756073
16,0.5295025110244751,0.5867372751235962,1.762747883796692,1.6864343881607056
17,0.49680808186531067,0.5661393404006958,1.7236844301223755,1.6882680654525757
18,0.49342674016952515,0.5698440670967102,1.767004370689392,1.7273889780044556
19,0.4271377921104431,0.5375866293907166,1.716339349746704,1.7259252071380615
20,0.4614434540271759,0.5430610179901123,1.748961091041565,1.707862377166748
21,0.4371183216571808,0.5443572998046875,1.7226035594940186,1.7275196313858032
22,0.4551231563091278,0.5550128817558289,1.7536733150482178,1.7472039461135864
23,0.44799670577049255,0.5413272380828857,1.7600159645080566,1.746430516242981
24,0.4458431303501129,0.5313984155654907,1.7774983644485474,1.7388808727264404
25,0.4184249937534332,0.5320472121238708,1.7754786014556885,1.7903374433517456
26,0.4558351933956146,0.5485199093818665,1.7920719385147095,1.7521604299545288
27,0.4264463186264038,0.5463894605636597,1.7741458415985107,1.7756788730621338
28,0.46529698371887207,0.5779880881309509,1.7883695363998413,1.747018814086914
29,0.4734981954097748,0.5514498353004456,1.8083035945892334,1.7616182565689087
30,0.44518882036209106,0.5335105657577515,1.7789461612701416,1.7433072328567505
31,0.45899856090545654,0.5700283646583557,1.7841365337371826,1.7575684785842896
32,0.4450437128543854,0.5655463337898254,1.79074227809906,1.7759090662002563
33,0.425367534160614,0.52276211977005,1.7447391748428345,1.730751395225525
34,0.44659101963043213,0.5578118562698364,1.7833172082901,1.7556781768798828
35,0.45066434144973755,0.5465095639228821,1.8164119720458984,1.7686845064163208
36,0.43251127004623413,0.5508971810340881,1.7926139831542969,1.7995156049728394
37,0.41859763860702515,0.5309250950813293,1.7615516185760498,1.7670884132385254
38,0.4237724840641022,0.551607608795166,1.8183006048202515,1.8286212682724
39,0.42094576358795166,0.534292459487915,1.775617241859436,1.7588859796524048
40,0.4426797926425934,0.5350052118301392,1.7772843837738037,1.7426047325134277
41,0.43207451701164246,0.5532156229019165,1.7845743894577026,1.7847709655761719
42,0.4122839570045471,0.5551329255104065,1.7796248197555542,1.8128114938735962
43,0.4241774082183838,0.5449426770210266,1.784460186958313,1.7895911931991577
44,0.4253605902194977,0.553931713104248,1.7951797246932983,1.8157685995101929
45,0.41507282853126526,0.5450946092605591,1.749194622039795,1.776120662689209
46,0.4424068033695221,0.5656041502952576,1.806536316871643,1.8097131252288818
47,0.4060956537723541,0.5319192409515381,1.7750283479690552,1.7825897932052612
48,0.39448484778404236,0.5343601107597351,1.765405297279358,1.8122828006744385
49,0.4096975326538086,0.538556694984436,1.7601318359375,1.8003658056259155
50,0.4258829951286316,0.5667761564254761,1.7901816368103027,1.8073484897613525
51,0.41863593459129333,0.5619922876358032,1.756610631942749,1.8002419471740723
52,0.42045578360557556,0.5427767038345337,1.7703132629394531,1.7708250284194946
53,0.390657901763916,0.5529412031173706,1.744034767150879,1.8032875061035156
54,0.4040474593639374,0.5452583432197571,1.7569297552108765,1.7802029848098755
55,0.3881480097770691,0.5482840538024902,1.803887128829956,1.8565646409988403
56,0.44353729486465454,0.5771201252937317,1.8128412961959839,1.838462233543396
57,0.42715343832969666,0.5540841817855835,1.7991279363632202,1.8012326955795288
58,0.44409045577049255,0.5521106719970703,1.817088007926941,1.805655837059021
59,0.39186716079711914,0.5467489361763,1.7474911212921143,1.7992916107177734
60,0.3670153319835663,0.5464975237846375,1.7276700735092163,1.8217272758483887
61,0.42079442739486694,0.5498522520065308,1.7720386981964111,1.785671591758728
62,0.4239288866519928,0.5706557631492615,1.7769182920455933,1.8131457567214966
63,0.37997716665267944,0.5557664632797241,1.7532416582107544,1.8282203674316406
64,0.43918660283088684,0.5682697296142578,1.7979888916015625,1.7889999151229858
65,0.42126786708831787,0.5803576707839966,1.7731013298034668,1.8448046445846558
66,0.3933360278606415,0.5582204461097717,1.7314637899398804,1.7995163202285767
67,0.4065399467945099,0.5571004152297974,1.7606438398361206,1.8117676973342896
68,0.39718660712242126,0.5374306440353394,1.725037932395935,1.7867076396942139
69,0.42315730452537537,0.5651270151138306,1.7645587921142578,1.7855716943740845
70,0.40822938084602356,0.5630735158920288,1.7582567930221558,1.8110383749008179
71,0.4069247841835022,0.5504674911499023,1.7559664249420166,1.7951711416244507
72,0.4422967731952667,0.5725043416023254,1.7860196828842163,1.7924333810806274
73,0.42552655935287476,0.5570769906044006,1.7934027910232544,1.8042675256729126
74,0.40071776509284973,0.5487489700317383,1.7343401908874512,1.7871637344360352
75,0.39805346727371216,0.5558990240097046,1.7464895248413086,1.7992457151412964
76,0.3823321759700775,0.5708537697792053,1.7168432474136353,1.8203920125961304
77,0.3728947937488556,0.5877869725227356,1.7267979383468628,1.8463809490203857
78,0.38260507583618164,0.5445549488067627,1.7330225706100464,1.8167728185653687
79,0.39128178358078003,0.5420456528663635,1.737697958946228,1.8025449514389038
80,0.37073561549186707,0.5321280360221863,1.7075575590133667,1.8089905977249146
81,0.3971233665943146,0.544992983341217,1.7414169311523438,1.8006279468536377
82,0.37381309270858765,0.5581556558609009,1.6963034868240356,1.8071948289871216
83,0.381746381521225,0.5594717860221863,1.7203826904296875,1.8007707595825195
84,0.3834264874458313,0.5642712712287903,1.728356122970581,1.8169482946395874
85,0.41698500514030457,0.5783770680427551,1.7688484191894531,1.841890811920166
86,0.4221174120903015,0.5667524933815002,1.7679651975631714,1.8070369958877563
87,0.3715762495994568,0.5658966302871704,1.7295103073120117,1.840056300163269
88,0.371631920337677,0.5678214430809021,1.7135120630264282,1.8322678804397583
89,0.40529313683509827,0.5643919706344604,1.7216688394546509,1.7913894653320312
90,0.41933926939964294,0.5832051634788513,1.7731060981750488,1.8231315612792969
91,0.3854578733444214,0.5678895711898804,1.71445631980896,1.8197853565216064
92,0.39692026376724243,0.5861460566520691,1.7368249893188477,1.8299530744552612
93,0.3733799159526825,0.5742495059967041,1.7140560150146484,1.8240994215011597
94,0.39518117904663086,0.5579686760902405,1.743939757347107,1.813442587852478
95,0.378470242023468,0.5595144629478455,1.7178877592086792,1.8024853467941284
96,0.34612828493118286,0.6040753126144409,1.783226490020752,1.9922513961791992
97,0.38109108805656433,0.5478621125221252,1.7128571271896362,1.801187515258789
98,0.4082567095756531,0.5767164826393127,1.7612797021865845,1.8387383222579956
99,0.37774670124053955,0.563473105430603,1.7237143516540527,1.821894645690918
100,0.3710238039493561,0.5586549639701843,1.717095971107483,1.8150981664657593
101,0.4244486689567566,0.5879468321800232,1.7647942304611206,1.8087375164031982
102,0.38772302865982056,0.5904143452644348,1.7299530506134033,1.8364671468734741
103,0.41070491075515747,0.5783603191375732,1.742861270904541,1.8055757284164429
104,0.3996105194091797,0.5830597877502441,1.7225935459136963,1.8077517747879028
105,0.4171338975429535,0.5606578588485718,1.752981185913086,1.7993900775909424
106,0.3730893135070801,0.583119809627533,1.708142876625061,1.8417294025421143
107,0.36668986082077026,0.5797443389892578,1.7023452520370483,1.8627755641937256
108,0.4286290109157562,0.5788580775260925,1.7467130422592163,1.7944121360778809
109,0.4043011963367462,0.5795415043830872,1.7377492189407349,1.8338255882263184
110,0.38113322854042053,0.5748735070228577,1.7076750993728638,1.830896019935608
111,0.42514893412590027,0.5865054130554199,1.7577626705169678,1.8145259618759155
112,0.38048824667930603,0.5757946968078613,1.7007635831832886,1.8288943767547607
113,0.38245782256126404,0.566022515296936,1.7095115184783936,1.834637999534607
114,0.3997980058193207,0.5775656700134277,1.7096047401428223,1.8016914129257202
115,0.4025472402572632,0.5973842144012451,1.7748692035675049,1.8743582963943481
116,0.39265286922454834,0.5970064401626587,1.7860931158065796,1.8872182369232178
117,0.37862274050712585,0.575567364692688,1.699008584022522,1.8258854150772095
118,0.4096613824367523,0.6001391410827637,1.7982679605484009,1.8921451568603516
119,0.4142964482307434,0.5623282790184021,1.7297325134277344,1.781036615371704
120,0.3637658357620239,0.5594170689582825,1.6763430833816528,1.825927495956421
121,0.38913196325302124,0.6026777625083923,1.772565484046936,1.9030253887176514
122,0.41225048899650574,0.591491162776947,1.723299264907837,1.7900184392929077
123,0.40702325105667114,0.5789755582809448,1.7131538391113281,1.8063509464263916
124,0.395027756690979,0.5801400542259216,1.7383537292480469,1.8472206592559814
125,0.4066823720932007,0.5836477875709534,1.7347891330718994,1.8305023908615112
126,0.37383466958999634,0.5820181369781494,1.6999049186706543,1.8587645292282104
127,0.38738057017326355,0.5737857818603516,1.6973828077316284,1.8010640144348145
128,0.3877813518047333,0.5857279896736145,1.7127916812896729,1.8373318910598755
129,0.38974785804748535,0.5949048399925232,1.7126591205596924,1.8386335372924805
130,0.35785290598869324,0.5741003155708313,1.6892967224121094,1.8469164371490479
131,0.3586374521255493,0.5811998844146729,1.686608910560608,1.8487579822540283
132,0.40610170364379883,0.5895368456840515,1.7241716384887695,1.828121304512024
133,0.41804179549217224,0.6064344644546509,1.7659471035003662,1.8476232290267944
134,0.38285502791404724,0.5678250193595886,1.7137819528579712,1.8316963911056519
135,0.3909766376018524,0.5756063461303711,1.6877098083496094,1.8169007301330566
136,0.4151434004306793,0.5959599018096924,1.7372099161148071,1.813888430595398
137,0.4436769485473633,0.6568101048469543,1.9020788669586182,2.007946014404297
138,0.4212706685066223,0.5877081751823425,1.7181881666183472,1.814592957496643
139,0.4069923460483551,0.6094106435775757,1.7251574993133545,1.8401774168014526
140,0.41360169649124146,0.5888201594352722,1.733464241027832,1.8246824741363525
141,0.38255277276039124,0.5712077021598816,1.689086675643921,1.809919834136963
142,0.3815736472606659,0.5657697319984436,1.691704273223877,1.811195969581604
143,0.36523619294166565,0.5706852078437805,1.6676188707351685,1.8193994760513306
144,0.40415409207344055,0.5819069743156433,1.7172210216522217,1.8237594366073608
145,0.38054347038269043,0.5794946551322937,1.6767677068710327,1.8082959651947021
146,0.3676872253417969,0.5966572165489197,1.6729604005813599,1.8451141119003296
147,0.39001184701919556,0.6033918261528015,1.7089297771453857,1.844875693321228
148,0.3865625560283661,0.5779310464859009,1.6904135942459106,1.8292940855026245
149,0.40599873661994934,0.6073794960975647,1.7164772748947144,1.8363953828811646
150,0.4773032069206238,0.6819771528244019,1.9616620540618896,2.0257999897003174
151,0.39680278301239014,0.5901564955711365,1.7037365436553955,1.8080655336380005
152,0.3116360604763031,0.5767684578895569,1.5993866920471191,1.808786153793335
153,0.2646842300891876,0.6026812195777893,1.5816521644592285,1.8914533853530884
154,0.29074379801750183,0.5879366397857666,1.5607492923736572,1.7868984937667847
155,0.2832302153110504,0.5762719511985779,1.5536984205245972,1.779028058052063
156,0.28958871960639954,0.5831254720687866,1.5495660305023193,1.7701799869537354
157,0.2792836129665375,0.5990686416625977,1.5594710111618042,1.796929121017456
158,0.28535762429237366,0.5911837816238403,1.5564823150634766,1.7855172157287598
159,0.2780958414077759,0.5944007039070129,1.5514883995056152,1.7868512868881226
160,0.290056973695755,0.6029415130615234,1.5731834173202515,1.7863798141479492
161,0.27615371346473694,0.5931785106658936,1.5501799583435059,1.7823528051376343
162,0.2705147862434387,0.607718288898468,1.536175012588501,1.7842931747436523
163,0.27722233533859253,0.6100033521652222,1.5510190725326538,1.7825686931610107
164,0.27359434962272644,0.610728919506073,1.5477346181869507,1.7896783351898193
165,0.2778257429599762,0.615410327911377,1.5577746629714966,1.7907902002334595
166,0.2673688232898712,0.6138882637023926,1.538393497467041,1.7846416234970093
167,0.27336961030960083,0.6288202404975891,1.5695693492889404,1.8375355005264282
168,0.2714781165122986,0.6258034110069275,1.5485538244247437,1.7942699193954468
169,0.2649301588535309,0.6184344291687012,1.5380685329437256,1.7911882400512695
170,0.28324317932128906,0.6278147101402283,1.5682488679885864,1.801937460899353
171,0.27319297194480896,0.6147849559783936,1.5463814735412598,1.7862292528152466
172,0.2680233418941498,0.6193404793739319,1.542877197265625,1.7918998003005981
173,0.28163111209869385,0.618146538734436,1.5649290084838867,1.7931523323059082
174,0.2643912434577942,0.6192392110824585,1.543286681175232,1.7928152084350586
175,0.2618613541126251,0.6358855962753296,1.5414632558822632,1.8056564331054688
176,0.27188387513160706,0.6341244578361511,1.5566517114639282,1.8003227710723877
177,0.2743009924888611,0.645253598690033,1.5608081817626953,1.8116992712020874
178,0.25941044092178345,0.6279990673065186,1.5379866361618042,1.7950325012207031
179,0.26850801706314087,0.6586431860923767,1.5686343908309937,1.843483567237854
180,0.2695188522338867,0.6532758474349976,1.5632983446121216,1.821998119354248
181,0.26346075534820557,0.6374020576477051,1.551443099975586,1.810239553451538
182,0.2636916935443878,0.6260430216789246,1.5454473495483398,1.793906807899475
183,0.2613702416419983,0.6408273577690125,1.5287609100341797,1.7840595245361328
184,0.2674909830093384,0.6388605833053589,1.5534895658493042,1.8013501167297363
185,0.2718312442302704,0.6452427506446838,1.5617769956588745,1.812840223312378
186,0.2639267146587372,0.6356731057167053,1.5503138303756714,1.800746202468872
187,0.27388831973075867,0.6404938101768494,1.5569138526916504,1.7956095933914185
188,0.2662036716938019,0.6387117505073547,1.5362764596939087,1.7786521911621094
189,0.2648676335811615,0.6379571557044983,1.5373319387435913,1.7783164978027344
190,0.2705324590206146,0.6425480246543884,1.552192211151123,1.79301917552948
191,0.2631123661994934,0.6537256240844727,1.5500836372375488,1.8135954141616821
192,0.2768808603286743,0.6640621423721313,1.5741496086120605,1.827711582183838
193,0.27467504143714905,0.6636245250701904,1.5527591705322266,1.7988524436950684
194,0.27139735221862793,0.6885340213775635,1.5976170301437378,1.8952780961990356
195,0.2591090202331543,0.6581790447235107,1.5487552881240845,1.8231492042541504
196,0.2609022557735443,0.6504991054534912,1.5409554243087769,1.8103182315826416
197,0.26121634244918823,0.6502693295478821,1.5354218482971191,1.7972657680511475
198,0.25802040100097656,0.6504846215248108,1.5296118259429932,1.8025290966033936
199,0.2647709250450134,0.6477067470550537,1.5355156660079956,1.7851754426956177
200,0.2633129954338074,0.6594193577766418,1.5386029481887817,1.7983479499816895
201,0.2631862163543701,0.664207935333252,1.5429459810256958,1.8075106143951416
202,0.2679719626903534,0.6577621698379517,1.532456874847412,1.7822855710983276
203,0.2678142488002777,0.661507248878479,1.5432132482528687,1.7932806015014648
204,0.26219016313552856,0.6563238501548767,1.5420441627502441,1.800065517425537
205,0.26116451621055603,0.6564601063728333,1.5255122184753418,1.787034273147583
206,0.2631535828113556,0.6669613718986511,1.5470178127288818,1.809377908706665
207,0.2702881693840027,0.6741214394569397,1.549041509628296,1.8063466548919678
208,0.25277671217918396,0.6932572722434998,1.5347182750701904,1.8386541604995728
209,0.2745617628097534,0.6759403347969055,1.5518715381622314,1.8042819499969482
210,0.27049070596694946,0.6730301976203918,1.5587841272354126,1.7985626459121704
211,0.25624364614486694,0.6698430776596069,1.5317842960357666,1.8095884323120117
212,0.2737068235874176,0.6777085065841675,1.551639437675476,1.8055909872055054
213,0.2700151801109314,0.6794096231460571,1.5467758178710938,1.805450201034546
214,0.2639569938182831,0.665931224822998,1.553125262260437,1.8123372793197632
215,0.2688809335231781,0.6761482954025269,1.5504026412963867,1.8034038543701172
216,0.26409658789634705,0.6722843050956726,1.5387135744094849,1.8058907985687256
217,0.27030059695243835,0.6797080039978027,1.5544116497039795,1.8164695501327515
218,0.2733095586299896,0.6756753921508789,1.5561569929122925,1.804730772972107
219,0.2502143085002899,0.6725779175758362,1.524092197418213,1.8157559633255005
220,0.2658277451992035,0.6957811117172241,1.566505789756775,1.849197268486023
221,0.2590401768684387,0.6729533076286316,1.5266025066375732,1.8017383813858032
222,0.257850706577301,0.6752691864967346,1.5366337299346924,1.8076056241989136
223,0.2637954354286194,0.6867762804031372,1.5429248809814453,1.8047850131988525
224,0.2690607011318207,0.7158021926879883,1.5916303396224976,1.8827025890350342
225,0.2685251533985138,0.6837291121482849,1.5436445474624634,1.7911139726638794
226,0.27239593863487244,0.7051267623901367,1.5573546886444092,1.824306845664978
227,0.2600792646408081,0.696264386177063,1.5376625061035156,1.8138508796691895
228,0.2656113803386688,0.7024483680725098,1.5493967533111572,1.81332528591156
229,0.2634527385234833,0.710475504398346,1.5475831031799316,1.8249621391296387
230,0.27023282647132874,0.690128743648529,1.5513851642608643,1.8021938800811768
231,0.26207706332206726,0.6971372961997986,1.5427446365356445,1.8076847791671753
232,0.2565329968929291,0.707629919052124,1.5369086265563965,1.829309344291687
233,0.2704368829727173,0.7022055387496948,1.5450077056884766,1.8036320209503174
234,0.26463061571121216,0.712089478969574,1.5422534942626953,1.8158308267593384
235,0.27572110295295715,0.698745846748352,1.5607281923294067,1.808952808380127
236,0.2686004936695099,0.6876455545425415,1.5348610877990723,1.7930727005004883
237,0.2563663423061371,0.6885076761245728,1.5279289484024048,1.80324387550354
238,0.26939257979393005,0.6919655203819275,1.5396356582641602,1.7989835739135742
239,0.2623223662376404,0.6961513161659241,1.5427228212356567,1.8163033723831177
240,0.2571955621242523,0.688752293586731,1.5258764028549194,1.7989693880081177
241,0.2632562518119812,0.6835971474647522,1.533231496810913,1.8061630725860596
242,0.27879834175109863,0.6981608271598816,1.561421513557434,1.800458312034607
243,0.2674506902694702,0.6934399008750916,1.5420787334442139,1.8074705600738525
244,0.2580850422382355,0.7070844173431396,1.5381683111190796,1.8314909934997559
245,0.28873905539512634,0.7134706377983093,1.579571008682251,1.8094885349273682
246,0.2665560245513916,0.7248775959014893,1.549389362335205,1.841639757156372
247,0.2528385519981384,0.7105943560600281,1.5341856479644775,1.8324474096298218
248,0.2711952328681946,0.6981569528579712,1.5431349277496338,1.8051626682281494
249,0.2744695544242859,0.6958386898040771,1.5540783405303955,1.8038944005966187
250,0.2570365369319916,0.7155311107635498,1.558023452758789,1.8475943803787231
251,0.2550063133239746,0.7062861323356628,1.5297622680664062,1.8214051723480225
252,0.2687915861606598,0.7094606161117554,1.5433963537216187,1.8052219152450562
253,0.27687162160873413,0.6982520222663879,1.5518758296966553,1.7929068803787231
254,0.25729241967201233,0.7166873812675476,1.5238014459609985,1.8054757118225098
255,0.27143344283103943,0.7078415751457214,1.542704701423645,1.8074662685394287
256,0.28389281034469604,0.711496114730835,1.5504753589630127,1.788984775543213
257,0.2639419436454773,0.7272899150848389,1.5335898399353027,1.810020923614502
258,0.26592469215393066,0.725766658782959,1.5469297170639038,1.8270504474639893
259,0.25839561223983765,0.7201575636863708,1.524199366569519,1.8063788414001465
260,0.26798850297927856,0.7155149579048157,1.540060043334961,1.8020309209823608
261,0.2702440321445465,0.7199318408966064,1.548710823059082,1.8081763982772827
262,0.255134642124176,0.7684094905853271,1.6002891063690186,1.953342080116272
263,0.2571761906147003,0.7344574928283691,1.5276498794555664,1.8327761888504028
264,0.274890661239624,0.7357236742973328,1.5477439165115356,1.8249578475952148
265,0.25664523243904114,0.7423906326293945,1.5444847345352173,1.8635873794555664
266,0.26753801107406616,0.7363865971565247,1.542161464691162,1.8269367218017578
267,0.27229321002960205,0.72612464427948,1.548291802406311,1.8191640377044678
268,0.27037715911865234,0.7115800976753235,1.5359773635864258,1.7988553047180176
269,0.2706011235713959,0.7319206595420837,1.5272605419158936,1.7940483093261719
270,0.26851677894592285,0.7239483594894409,1.535125970840454,1.8046221733093262
271,0.2588683068752289,0.7236865758895874,1.52727210521698,1.8141828775405884
272,0.2714861035346985,0.745578944683075,1.536281704902649,1.8081222772598267
273,0.27491673827171326,0.7159023880958557,1.5396054983139038,1.7947629690170288
274,0.2750203311443329,0.7336941957473755,1.5460240840911865,1.8107147216796875
275,0.26778480410575867,0.7142369151115417,1.5219626426696777,1.7868366241455078
276,0.2532345652580261,0.7778661251068115,1.5810469388961792,1.9538038969039917
277,0.270460307598114,0.7331231832504272,1.544792890548706,1.825484275817871
278,0.2843632996082306,0.7315192818641663,1.545273780822754,1.788128137588501
279,0.2772291302680969,0.727092444896698,1.5374997854232788,1.7917840480804443
280,0.26508787274360657,0.7367778420448303,1.5280306339263916,1.8173727989196777
281,0.26864093542099,0.7391173839569092,1.5416988134384155,1.813715934753418
282,0.27131325006484985,0.733325719833374,1.5517010688781738,1.8280185461044312
283,0.2565782964229584,0.7410115003585815,1.5147980451583862,1.8221014738082886
284,0.28176426887512207,0.7402004599571228,1.5539393424987793,1.8033167123794556
285,0.27839866280555725,0.7552713751792908,1.5566556453704834,1.8364628553390503
286,0.26994192600250244,0.7309867739677429,1.5330374240875244,1.8055468797683716
287,0.27947166562080383,0.7355415225028992,1.5437712669372559,1.8048081398010254
288,0.27157947421073914,0.7288473844528198,1.5314171314239502,1.7985403537750244
289,0.27121877670288086,0.7328872680664062,1.5386826992034912,1.8076273202896118
290,0.2754593789577484,0.741218626499176,1.5336600542068481,1.7989095449447632
291,0.26799991726875305,0.7413580417633057,1.524852991104126,1.8091539144515991
292,0.27770179510116577,0.735450267791748,1.5494427680969238,1.816004991531372
293,0.2714785635471344,0.7335625886917114,1.5321686267852783,1.7970284223556519
294,0.27829045057296753,0.7259649634361267,1.534867525100708,1.7862735986709595
295,0.26735591888427734,0.7508553266525269,1.5305627584457397,1.8153563737869263
296,0.28104114532470703,0.7308606505393982,1.538132905960083,1.7872920036315918
297,0.2792832553386688,0.7396717071533203,1.5560296773910522,1.8068488836288452
298,0.26573145389556885,0.7445486187934875,1.5275741815567017,1.807654619216919
299,0.2690871059894562,0.7540918588638306,1.5444157123565674,1.8219578266143799
300,0.2684232294559479,0.7426915168762207,1.5386565923690796,1.8061802387237549
301,0.26932427287101746,0.7469707727432251,1.5371631383895874,1.8244844675064087
302,0.2577027678489685,0.7489637136459351,1.504223108291626,1.8014237880706787
303,0.2588396668434143,0.7490161657333374,1.5029857158660889,1.7915995121002197
304,0.2631434202194214,0.7605244517326355,1.5183186531066895,1.7989234924316406
305,0.25782307982444763,0.7514707446098328,1.5003187656402588,1.7893707752227783
306,0.2563655972480774,0.7527249455451965,1.5005220174789429,1.7927989959716797
307,0.2514609098434448,0.7648023962974548,1.5096569061279297,1.8195210695266724
308,0.2547135353088379,0.762395441532135,1.5106090307235718,1.8048049211502075
309,0.2600688338279724,0.7589742541313171,1.5090566873550415,1.789711833000183
310,0.25938689708709717,0.7558205723762512,1.5085474252700806,1.79090416431427
311,0.25615817308425903,0.7588707804679871,1.5119481086730957,1.8027952909469604
312,0.2543770968914032,0.7498961091041565,1.5075122117996216,1.7985010147094727
313,0.25999677181243896,0.7574225068092346,1.5078974962234497,1.7885199785232544
314,0.24954216182231903,0.7666654586791992,1.5028830766677856,1.8070987462997437
315,0.2575187683105469,0.7642995119094849,1.5077288150787354,1.795168161392212
316,0.2608712911605835,0.7616029977798462,1.5088764429092407,1.7876276969909668
317,0.25657927989959717,0.7620104551315308,1.5120716094970703,1.8038513660430908
318,0.2540603280067444,0.7899630665779114,1.5228101015090942,1.8447399139404297
319,0.2543577551841736,0.7654143571853638,1.4952893257141113,1.7898945808410645
320,0.26277580857276917,0.7659580707550049,1.5106890201568604,1.7830387353897095
321,0.25523483753204346,0.7627899646759033,1.503348469734192,1.794740080833435
322,0.25148966908454895,0.7678183913230896,1.509167194366455,1.810508370399475
323,0.24956530332565308,0.771234929561615,1.5021405220031738,1.8067132234573364
324,0.2531706988811493,0.7652449011802673,1.508333683013916,1.8060262203216553
325,0.2585984170436859,0.7911216616630554,1.5429307222366333,1.8737342357635498
326,0.25165224075317383,0.7640097141265869,1.4958171844482422,1.795461654663086
327,0.26186224818229675,0.7573925256729126,1.510682225227356,1.7850946187973022
328,0.2497093826532364,0.7991992831230164,1.5309168100357056,1.8896763324737549
329,0.25492140650749207,0.7873099446296692,1.530585527420044,1.856656551361084
330,0.25455090403556824,0.7709836363792419,1.5070524215698242,1.8037320375442505
331,0.23767180740833282,0.8108515739440918,1.528722882270813,1.9033313989639282
332,0.2498006373643875,0.7658819556236267,1.506605625152588,1.807026982307434
333,0.2172877937555313,0.810029149055481,1.507844090461731,1.9376503229141235
334,0.22478187084197998,0.8281867504119873,1.5338056087493896,1.965433120727539
335,0.25129032135009766,0.7725168466567993,1.505326509475708,1.805075764656067
336,0.2501130700111389,0.7706416249275208,1.4970463514328003,1.7981263399124146
337,0.2562911808490753,0.7823753356933594,1.526853084564209,1.8406306505203247
338,0.2506295442581177,0.7884523868560791,1.5100661516189575,1.835161566734314
339,0.2552895247936249,0.7808663845062256,1.503756046295166,1.8064802885055542
340,0.24911952018737793,0.7808653116226196,1.4890974760055542,1.797507405281067
341,0.25924885272979736,0.7851048111915588,1.5417171716690063,1.854996681213379
342,0.24835942685604095,0.7847521305084229,1.5058766603469849,1.8250359296798706
343,0.26045987010002136,0.784336268901825,1.5163731575012207,1.815822720527649
344,0.24998971819877625,0.7818624973297119,1.4956432580947876,1.801200270652771
345,0.2509855329990387,0.7915368676185608,1.5210332870483398,1.8393479585647583
346,0.24778114259243011,0.795654833316803,1.5098679065704346,1.836495041847229
347,0.2554450035095215,0.7872734069824219,1.5058317184448242,1.7992366552352905
348,0.2334420531988144,0.8386894464492798,1.5393513441085815,1.9537736177444458
349,0.24753735959529877,0.7899888157844543,1.5202996730804443,1.847561001777649
350,0.2501766085624695,0.7832299470901489,1.5093739032745361,1.8126972913742065
351,0.2182580977678299,0.8282742500305176,1.5304710865020752,1.9575424194335938
352,0.24425482749938965,0.802537202835083,1.5143654346466064,1.867172122001648
353,0.24544833600521088,0.7982218861579895,1.5168204307556152,1.8559308052062988
354,0.25179874897003174,0.7821241617202759,1.5071607828140259,1.8275398015975952
355,0.253827840089798,0.8082736134529114,1.5140587091445923,1.8458696603775024
356,0.25106313824653625,0.7917876839637756,1.5088435411453247,1.8324164152145386
357,0.2485792338848114,0.7933304905891418,1.5107518434524536,1.8362714052200317
358,0.2503582835197449,0.7840681076049805,1.516832947731018,1.8317309617996216
359,0.25306767225265503,0.7779201865196228,1.5078303813934326,1.812243103981018
360,0.26602116227149963,0.7920228242874146,1.5377322435379028,1.816689372062683
