1,3.542679786682129,0.5788548588752747,4.323716640472412,0.3734317719936371
2,2.7830088138580322,0.8123680353164673,3.9487197399139404,0.7192679643630981
3,2.5075669288635254,0.8256139755249023,3.6903891563415527,0.8534231781959534
4,2.2479121685028076,0.8734927773475647,3.5297000408172607,0.9289370179176331
5,2.004486322402954,0.9654554128646851,3.4221084117889404,0.9956379532814026
6,2.0757267475128174,0.9782372117042542,3.4240760803222656,0.9971373677253723
7,1.0791330337524414,1.1574485301971436,2.6613309383392334,1.6191167831420898
8,0.8703217506408691,1.063214659690857,2.4418890476226807,1.677345871925354
9,0.7868315577507019,1.0045760869979858,2.3566157817840576,1.6885616779327393
10,0.6279948353767395,0.9611136317253113,2.2182157039642334,1.7159967422485352
11,0.8601104021072388,1.3193447589874268,2.470130205154419,1.6592025756835938
12,1.373844861984253,0.9419652223587036,2.6736044883728027,1.2941869497299194
13,0.7210940718650818,1.148301124572754,2.1200129985809326,1.7956732511520386
14,0.8134979009628296,1.1849572658538818,2.135024309158325,1.7379881143569946
15,0.8051684498786926,1.221818447113037,2.0820956230163574,1.7526355981826782
16,0.8373620510101318,1.281946063041687,2.0903139114379883,1.7715691328048706
17,0.7247806787490845,1.238402009010315,2.0597360134124756,1.798807144165039
18,0.687467634677887,1.2560266256332397,2.0531604290008545,1.829335331916809
19,0.7254913449287415,1.2223063707351685,2.0978972911834717,1.7666562795639038
20,0.7230604887008667,1.2835264205932617,2.0827324390411377,1.7828969955444336
21,0.703676164150238,1.3600099086761475,2.0868120193481445,1.8461683988571167
22,0.7023358345031738,1.3005764484405518,2.087726593017578,1.8038512468338013
23,0.7275012731552124,1.3387588262557983,2.116081476211548,1.8152261972427368
24,0.7000512480735779,1.397858738899231,2.092123508453369,1.8445409536361694
25,0.719025194644928,1.4064687490463257,2.1244547367095947,1.8422776460647583
26,0.7008156776428223,1.4055261611938477,2.103097915649414,1.832356333732605
27,0.7156459093093872,1.432690978050232,2.126427412033081,1.841815710067749
28,0.7032033205032349,1.4823764562606812,2.104501962661743,1.856236457824707
29,0.7015207409858704,1.4427649974822998,2.0998663902282715,1.8401020765304565
30,0.7070359587669373,1.4902771711349487,2.1087822914123535,1.8558518886566162
31,0.7117046117782593,1.5193864107131958,2.1092476844787598,1.8518155813217163
32,0.7172696590423584,1.5008866786956787,2.122127056121826,1.8464573621749878
33,0.7226356863975525,1.5402443408966064,2.1205453872680664,1.8444408178329468
34,0.73574298620224,1.5600348711013794,2.1526479721069336,1.8701220750808716
35,0.7275168895721436,1.5521738529205322,2.1361546516418457,1.84024178981781
36,0.7316538691520691,1.5887595415115356,2.142780303955078,1.8608176708221436
37,0.7404540777206421,1.5869410037994385,2.1470370292663574,1.851204752922058
38,0.7337877750396729,1.5544288158416748,2.136650323867798,1.8488950729370117
39,0.7438696026802063,1.5736565589904785,2.1579537391662598,1.8450541496276855
40,0.7349624037742615,1.5944883823394775,2.141566753387451,1.8494163751602173
41,0.7296329140663147,1.5658371448516846,2.1262497901916504,1.8262138366699219
42,0.7380067706108093,1.6398690938949585,2.150028944015503,1.8751252889633179
43,0.7431352734565735,1.645063042640686,2.1552557945251465,1.8561131954193115
44,0.751400887966156,1.6557848453521729,2.165163993835449,1.851789951324463
45,0.7567799687385559,1.668681263923645,2.1585118770599365,1.8594634532928467
46,0.7557104229927063,1.6833131313323975,2.156292676925659,1.8685463666915894
47,0.7451466917991638,1.6705210208892822,2.1508047580718994,1.8563520908355713
48,0.7687203884124756,1.671769380569458,2.1853160858154297,1.8536967039108276
49,0.7790403366088867,1.7163665294647217,2.1840343475341797,1.8533622026443481
50,0.7782140374183655,1.6804029941558838,2.199955463409424,1.8500142097473145
51,0.7677700519561768,1.706346869468689,2.1811141967773438,1.8640040159225464
52,0.8044644594192505,1.7942219972610474,2.293855667114258,1.9761182069778442
53,0.776370644569397,1.7302268743515015,2.203235626220703,1.8978660106658936
54,0.7759904861450195,1.755002498626709,2.189765214920044,1.9056556224822998
55,0.8047474026679993,1.7632684707641602,2.2404346466064453,1.874430537223816
56,0.8228835463523865,1.812544345855713,2.2472474575042725,1.910544991493225
57,0.7854243516921997,1.7535415887832642,2.2203543186187744,1.9123586416244507
58,0.7961113452911377,1.7860418558120728,2.232074022293091,1.9088863134384155
59,0.7845313549041748,1.7718777656555176,2.2047343254089355,1.8926748037338257
60,0.7835058569908142,1.8058513402938843,2.190403699874878,1.9022505283355713
61,0.8024483919143677,1.835228681564331,2.2269394397735596,1.9150028228759766
62,0.8096809983253479,1.7623273134231567,2.2413275241851807,1.8638211488723755
63,0.8083371520042419,1.799545168876648,2.219534397125244,1.8629707098007202
64,0.8107354640960693,1.7690805196762085,2.2599146366119385,1.87790048122406
65,0.8110913634300232,1.792533278465271,2.263840913772583,1.8998630046844482
66,0.7983895540237427,1.8030967712402344,2.209105968475342,1.8817826509475708
67,0.8221078515052795,1.8330130577087402,2.2469024658203125,1.8858245611190796
68,0.8099796175956726,1.8179632425308228,2.2328107357025146,1.8928301334381104
69,0.8169426918029785,1.8517241477966309,2.2095389366149902,1.8799834251403809
70,0.8201431035995483,1.846091866493225,2.2303414344787598,1.8909988403320312
71,0.8263674974441528,1.8385401964187622,2.233814239501953,1.8822860717773438
72,0.8162731528282166,1.8125572204589844,2.2299129962921143,1.8726186752319336
73,0.8309345841407776,1.8453967571258545,2.2585105895996094,1.9007009267807007
74,0.8278893828392029,1.8662409782409668,2.2479655742645264,1.895851969718933
75,0.8376325964927673,1.845127820968628,2.274409055709839,1.879454493522644
76,0.8280592560768127,1.8911209106445312,2.227078676223755,1.9069231748580933
77,0.8272435069084167,1.866762399673462,2.2480125427246094,1.907619595527649
78,0.8293291926383972,1.8692704439163208,2.257225275039673,1.9023164510726929
79,0.8269243240356445,1.899706244468689,2.227390766143799,1.9104499816894531
80,0.8329207301139832,1.9057713747024536,2.253277063369751,1.9080451726913452
81,0.8424378037452698,1.8971338272094727,2.2434425354003906,1.8701075315475464
82,0.8511088490486145,1.8755311965942383,2.2851178646087646,1.8661478757858276
83,0.8510628938674927,1.889567255973816,2.277996778488159,1.8928192853927612
84,0.8545252680778503,1.8662755489349365,2.2968862056732178,1.8734482526779175
85,0.8454453349113464,1.8978769779205322,2.2657833099365234,1.8884304761886597
86,0.8408896327018738,1.9021040201187134,2.2507333755493164,1.8997536897659302
87,0.8528826236724854,1.9015326499938965,2.2697010040283203,1.8862284421920776
88,0.8629939556121826,1.8888458013534546,2.276620388031006,1.8363978862762451
89,0.858521580696106,1.924437403678894,2.270479202270508,1.8843188285827637
90,0.8443694114685059,1.8814506530761719,2.273226737976074,1.8762102127075195
91,0.8700253963470459,1.957944631576538,2.2784063816070557,1.885154128074646
92,0.8647822141647339,1.9275343418121338,2.280494451522827,1.896054744720459
93,0.8719990253448486,1.9403975009918213,2.281824827194214,1.873875379562378
94,0.8784261345863342,1.9631128311157227,2.304654836654663,1.8940367698669434
95,0.8663636445999146,1.919432282447815,2.283905267715454,1.8663424253463745
96,0.8648622632026672,1.931793451309204,2.2615904808044434,1.885637640953064
97,0.8531325459480286,1.9065335988998413,2.269519805908203,1.8778098821640015
98,0.8788388967514038,1.8874717950820923,2.3183162212371826,1.8504709005355835
99,0.8625230193138123,1.9715937376022339,2.2479116916656494,1.8937238454818726
100,0.9312551021575928,2.042839288711548,2.4549853801727295,2.0218937397003174
101,0.8925040364265442,1.9591656923294067,2.3330068588256836,1.910235047340393
102,0.863275945186615,1.928417444229126,2.2961716651916504,1.9065591096878052
103,0.8773795962333679,1.9549661874771118,2.2906136512756348,1.8972501754760742
104,0.8619142174720764,1.9772964715957642,2.266824722290039,1.9348386526107788
105,0.8556106090545654,1.9404997825622559,2.272442579269409,1.89912748336792
106,0.8760864734649658,1.9859570264816284,2.2692816257476807,1.890438199043274
107,0.8732682466506958,1.9383021593093872,2.2985284328460693,1.9154664278030396
108,0.8985828161239624,2.019486665725708,2.3105976581573486,1.926977276802063
109,0.8921046853065491,2.0215792655944824,2.333491802215576,1.9492030143737793
110,0.863724410533905,1.9841969013214111,2.2616398334503174,1.9337447881698608
111,0.885941743850708,1.9937273263931274,2.2853519916534424,1.9048149585723877
112,0.8799105286598206,1.9601174592971802,2.319392442703247,1.9105347394943237
113,0.8965486884117126,2.011333703994751,2.299074411392212,1.8790152072906494
114,0.8969541788101196,2.029845952987671,2.3194403648376465,1.9145004749298096
115,0.8902326822280884,2.0195462703704834,2.2873196601867676,1.9008046388626099
116,0.9227120876312256,2.0000438690185547,2.340277910232544,1.8782296180725098
117,0.8971384763717651,2.0111992359161377,2.2962379455566406,1.8734711408615112
118,0.9021468162536621,2.0431647300720215,2.287444591522217,1.9047255516052246
119,0.9221996068954468,2.0347437858581543,2.331594467163086,1.8958021402359009
120,0.9079557061195374,2.0192301273345947,2.305830717086792,1.8780248165130615
121,0.9133809208869934,2.0412800312042236,2.3291220664978027,1.9059981107711792
122,0.9050736427307129,2.026763916015625,2.3190581798553467,1.893067479133606
123,0.9081141352653503,2.043551206588745,2.312046527862549,1.909188151359558
124,0.8922055959701538,2.00711727142334,2.3318052291870117,1.9380922317504883
125,0.8967700600624084,2.0307459831237793,2.3143582344055176,1.9202985763549805
126,0.9011805653572083,2.0620315074920654,2.31044602394104,1.9349217414855957
127,0.9186037182807922,2.0544424057006836,2.309603452682495,1.8984051942825317
128,0.8954262137413025,2.0261805057525635,2.3183374404907227,1.9316133260726929
129,0.9261739253997803,2.042851448059082,2.319248914718628,1.8697625398635864
130,0.9074167013168335,2.088711738586426,2.2984585762023926,1.9344656467437744
131,0.9117520451545715,2.0271549224853516,2.3134965896606445,1.9010491371154785
132,0.9137097597122192,2.0636441707611084,2.288160562515259,1.8949543237686157
133,0.9258924126625061,2.0546252727508545,2.333287477493286,1.895922064781189
134,0.9197708368301392,2.036071300506592,2.3316054344177246,1.9122198820114136
135,0.9070067405700684,1.9969831705093384,2.3377606868743896,1.8947765827178955
136,0.9109309315681458,2.0448262691497803,2.3128280639648438,1.8993576765060425
137,0.921312689781189,2.0299243927001953,2.3178036212921143,1.8832504749298096
138,0.9153519868850708,2.0587048530578613,2.319302797317505,1.9106202125549316
139,0.9260658025741577,2.0751709938049316,2.344355821609497,1.9244071245193481
140,0.9169080853462219,2.022373914718628,2.3045506477355957,1.862320065498352
141,0.9279473423957825,2.072021722793579,2.324662923812866,1.9082145690917969
142,0.9141183495521545,2.0738089084625244,2.275834798812866,1.8866097927093506
143,0.9079187512397766,2.0773065090179443,2.2591729164123535,1.9136459827423096
144,0.9227081537246704,2.0375239849090576,2.330521583557129,1.87693452835083
145,0.9514162540435791,2.082042932510376,2.3401520252227783,1.8994299173355103
146,0.9226310849189758,2.084409475326538,2.2859456539154053,1.903969645500183
147,0.9222419857978821,2.02659273147583,2.311699151992798,1.866904616355896
148,0.9267717003822327,2.00803804397583,2.3413567543029785,1.869947910308838
149,0.930131733417511,2.0878703594207764,2.307666063308716,1.9038892984390259
150,0.924098789691925,2.0830678939819336,2.3094065189361572,1.928118348121643
151,0.922070324420929,2.0402982234954834,2.328582763671875,1.8957000970840454
152,0.9250189661979675,2.102139472961426,2.272343635559082,1.8867263793945312
153,1.040245771408081,2.1056787967681885,2.2736783027648926,1.8655829429626465
154,1.0845493078231812,2.145827054977417,2.2650492191314697,1.8869295120239258
155,1.164757251739502,2.1750173568725586,2.2953076362609863,1.8899565935134888
156,1.1624021530151367,2.1676197052001953,2.2913708686828613,1.8958561420440674
157,1.1438145637512207,2.1597814559936523,2.2691810131073,1.8753201961517334
158,1.1507139205932617,2.1332380771636963,2.2808263301849365,1.8566782474517822
159,1.1790657043457031,2.1238412857055664,2.3042211532592773,1.8442820310592651
160,1.2000211477279663,2.1602563858032227,2.2933168411254883,1.8446807861328125
161,1.1924796104431152,2.1617443561553955,2.3065857887268066,1.8551313877105713
162,1.1996097564697266,2.1862611770629883,2.3096494674682617,1.860100269317627
163,1.0335230827331543,2.153562307357788,2.3225905895233154,1.8459762334823608
164,1.0413039922714233,2.1928317546844482,2.297461986541748,1.8638365268707275
165,1.0579441785812378,2.1832878589630127,2.287235736846924,1.8409876823425293
166,1.054394006729126,2.1752705574035645,2.2961089611053467,1.8498122692108154
167,1.0818936824798584,2.253798007965088,2.318272113800049,1.9054948091506958
168,1.0671511888504028,2.1960792541503906,2.291910171508789,1.8515385389328003
169,1.0649704933166504,2.1983065605163574,2.286651849746704,1.8534940481185913
170,1.0848388671875,2.2181944847106934,2.318708896636963,1.8714114427566528
171,1.0864862203598022,2.2021212577819824,2.3141391277313232,1.8402435779571533
172,1.0942009687423706,2.190183401107788,2.326695442199707,1.8331341743469238
173,1.1605173349380493,2.418912410736084,2.406444549560547,2.0479419231414795
174,1.135680079460144,2.2690680027008057,2.3129663467407227,1.8897043466567993
175,1.1385730504989624,2.198988914489746,2.338923931121826,1.8481746912002563
176,1.1442692279815674,2.2721188068389893,2.291875123977661,1.8664579391479492
177,1.1474277973175049,2.250403881072998,2.3066041469573975,1.8434028625488281
178,1.1421533823013306,2.251565933227539,2.3118481636047363,1.8445947170257568
179,1.1365646123886108,2.2385239601135254,2.3146352767944336,1.8382196426391602
180,1.1450083255767822,2.270366907119751,2.309121608734131,1.8325214385986328
181,1.168022632598877,2.3343167304992676,2.3284528255462646,1.885551929473877
182,1.1536381244659424,2.2900562286376953,2.322861671447754,1.85579252243042
183,1.1472909450531006,2.286038875579834,2.3097870349884033,1.8406723737716675
184,1.1639569997787476,2.3305089473724365,2.3080408573150635,1.8586668968200684
185,1.1527761220932007,2.2965281009674072,2.3005175590515137,1.8445465564727783
186,1.1668356657028198,2.328082799911499,2.3164923191070557,1.8659878969192505
187,1.1605637073516846,2.3013830184936523,2.312021493911743,1.8415217399597168
188,1.1738008260726929,2.333317279815674,2.3318004608154297,1.8627843856811523
189,1.1792584657669067,2.334714412689209,2.3280999660491943,1.8471955060958862
190,1.1799618005752563,2.3471055030822754,2.331305503845215,1.8661967515945435
191,1.1740974187850952,2.326838970184326,2.3302762508392334,1.8594448566436768
192,1.1893898248672485,2.353419303894043,2.3311970233917236,1.858108401298523
193,1.190324068069458,2.362757682800293,2.329249858856201,1.8624887466430664
194,1.1899328231811523,2.361363172531128,2.3296315670013428,1.8607743978500366
195,1.188307285308838,2.3561179637908936,2.321838140487671,1.860263705253601
196,1.1958153247833252,2.3668618202209473,2.326714038848877,1.8460712432861328
197,1.19841468334198,2.3931939601898193,2.320733070373535,1.8719086647033691
198,1.1951160430908203,2.370232582092285,2.326725721359253,1.8573123216629028
199,1.1933728456497192,2.379892110824585,2.3165152072906494,1.8569118976593018
200,1.2057859897613525,2.3891422748565674,2.3302462100982666,1.863803505897522
201,1.2017855644226074,2.374800443649292,2.3404927253723145,1.8570398092269897
202,1.205025315284729,2.394548177719116,2.326082944869995,1.8635114431381226
203,1.2157481908798218,2.4101271629333496,2.333061933517456,1.8581585884094238
204,1.2099580764770508,2.3810110092163086,2.3427629470825195,1.8445672988891602
205,1.2132599353790283,2.397840976715088,2.325906753540039,1.857797384262085
206,1.2159881591796875,2.4040870666503906,2.3357014656066895,1.8477346897125244
207,1.2243627309799194,2.4287478923797607,2.3398165702819824,1.8684805631637573
208,1.223850131034851,2.412862539291382,2.3453638553619385,1.8415563106536865
209,1.214942455291748,2.395709991455078,2.326716899871826,1.842337727546692
210,1.229352593421936,2.412548065185547,2.3398754596710205,1.841525912284851
211,1.2286319732666016,2.4291651248931885,2.343515157699585,1.8646975755691528
212,1.231302261352539,2.3930840492248535,2.3691885471343994,1.8398571014404297
213,1.2159801721572876,2.407691478729248,2.320427417755127,1.8564218282699585
214,1.239477515220642,2.4320859909057617,2.35817289352417,1.858665108680725
215,1.2346967458724976,2.4018983840942383,2.3605496883392334,1.8383972644805908
216,1.2544013261795044,2.449308395385742,2.3717846870422363,1.882124900817871
217,1.2329779863357544,2.390471935272217,2.336331605911255,1.8371009826660156
218,1.2477506399154663,2.4015002250671387,2.341472625732422,1.8398175239562988
219,1.255974531173706,2.4113595485687256,2.3303370475769043,1.83726167678833
220,1.270874261856079,2.444472312927246,2.334139347076416,1.8482145071029663
221,1.2649844884872437,2.4425852298736572,2.329582691192627,1.8514620065689087
222,1.2674304246902466,2.436037540435791,2.343597888946533,1.8582630157470703
223,1.2924017906188965,2.520308017730713,2.3595376014709473,1.9121167659759521
224,1.2728569507598877,2.461660861968994,2.352660894393921,1.8668923377990723
225,1.2735228538513184,2.4649248123168945,2.3465402126312256,1.8507274389266968
226,1.2657585144042969,2.4488348960876465,2.342550754547119,1.857601284980774
227,1.270893931388855,2.4608943462371826,2.331695795059204,1.8431650400161743
228,1.2611087560653687,2.439394474029541,2.329923152923584,1.8330754041671753
229,1.2793511152267456,2.4649622440338135,2.352668285369873,1.853020429611206
230,1.2729545831680298,2.4464609622955322,2.338751792907715,1.837756872177124
231,1.2736358642578125,2.4420664310455322,2.3524937629699707,1.835280179977417
232,1.2840118408203125,2.483097553253174,2.342860460281372,1.853227138519287
233,1.2863154411315918,2.4786455631256104,2.358595132827759,1.8530529737472534
234,1.2870529890060425,2.479836940765381,2.345741033554077,1.8403594493865967
235,1.2957614660263062,2.48881459236145,2.3629980087280273,1.8513754606246948
236,1.2925688028335571,2.4798243045806885,2.3639214038848877,1.8474801778793335
237,1.3023351430892944,2.5112178325653076,2.367079257965088,1.8669875860214233
238,1.305045247077942,2.5089263916015625,2.3482065200805664,1.840582013130188
239,1.2958602905273438,2.48811936378479,2.3544762134552,1.8552190065383911
240,1.3059598207473755,2.5027804374694824,2.3542420864105225,1.8490878343582153
241,1.2960419654846191,2.48551869392395,2.3518569469451904,1.847320556640625
242,1.3002856969833374,2.4960057735443115,2.3569014072418213,1.8580771684646606
243,1.3086062669754028,2.517883777618408,2.3470618724823,1.8539447784423828
244,1.3052961826324463,2.4884238243103027,2.363952398300171,1.846915602684021
245,1.316772699356079,2.4972879886627197,2.3826873302459717,1.846803903579712
246,1.3126394748687744,2.522010564804077,2.3581902980804443,1.8755557537078857
247,1.3397207260131836,2.558441638946533,2.3804569244384766,1.8611644506454468
248,1.322844386100769,2.5051021575927734,2.3649203777313232,1.840332269668579
249,1.3543410301208496,2.5766661167144775,2.3584468364715576,1.8839776515960693
250,1.363892674446106,2.583869695663452,2.367462635040283,1.8874280452728271
251,1.343867540359497,2.5317234992980957,2.341252326965332,1.8439197540283203
252,1.3523136377334595,2.5776360034942627,2.3527448177337646,1.8986115455627441
253,1.338369607925415,2.526470184326172,2.3438661098480225,1.864686131477356
254,1.3504122495651245,2.5550851821899414,2.3631041049957275,1.8637590408325195
255,1.3482112884521484,2.534006357192993,2.3726613521575928,1.8589760065078735
256,1.3460127115249634,2.543276309967041,2.354651927947998,1.8576616048812866
257,1.3411505222320557,2.52193021774292,2.3600637912750244,1.8426742553710938
258,1.3449418544769287,2.5322587490081787,2.363748550415039,1.8439286947250366
259,1.3451186418533325,2.5160858631134033,2.362443447113037,1.8290787935256958
260,1.3395617008209229,2.520129680633545,2.362974166870117,1.8420889377593994
261,1.345382571220398,2.5411593914031982,2.3571910858154297,1.8490350246429443
262,1.358789086341858,2.5799946784973145,2.346633195877075,1.8621259927749634
263,1.3640590906143188,2.5477664470672607,2.378894090652466,1.8434717655181885
264,1.3556562662124634,2.5585434436798096,2.3489792346954346,1.8437285423278809
265,1.347354769706726,2.531632900238037,2.348715305328369,1.8293697834014893
266,1.3662382364273071,2.561089515686035,2.366328001022339,1.8317821025848389
267,1.3542711734771729,2.5524580478668213,2.343458414077759,1.8414621353149414
268,1.442267656326294,2.798429012298584,2.4037744998931885,1.9912242889404297
269,1.4054349660873413,2.6898322105407715,2.3983402252197266,1.9422366619110107
270,1.3875946998596191,2.6527538299560547,2.370798349380493,1.9196796417236328
271,1.3960089683532715,2.685058355331421,2.395596981048584,1.9667848348617554
272,1.3894463777542114,2.623991012573242,2.3885953426361084,1.8957628011703491
273,1.39247727394104,2.660857915878296,2.360104560852051,1.9063562154769897
274,1.3883649110794067,2.6327812671661377,2.364908456802368,1.90070641040802
275,1.400177240371704,2.6617884635925293,2.359473705291748,1.8943250179290771
276,1.4983866214752197,2.633805274963379,2.340376853942871,1.9147348403930664
277,1.4018940925598145,2.666733980178833,2.3845295906066895,1.908923625946045
278,1.4027411937713623,2.6498894691467285,2.3970391750335693,1.896825909614563
279,1.3960344791412354,2.6730034351348877,2.361846446990967,1.9019478559494019
280,1.4038678407669067,2.6707611083984375,2.3863155841827393,1.9027544260025024
281,1.403933048248291,2.657604932785034,2.388216733932495,1.8959112167358398
282,1.3859844207763672,2.6301751136779785,2.357020378112793,1.883568525314331
283,1.3856492042541504,2.5857839584350586,2.3952243328094482,1.8695696592330933
284,1.3966296911239624,2.638312578201294,2.4231033325195312,1.9215092658996582
285,1.392244577407837,2.6198999881744385,2.3839223384857178,1.8780111074447632
286,1.3920433521270752,2.5912246704101562,2.4052200317382812,1.8549623489379883
287,1.3999239206314087,2.67280912399292,2.3683738708496094,1.9037621021270752
288,1.392237663269043,2.6209988594055176,2.3822438716888428,1.8723946809768677
289,1.3946330547332764,2.624157428741455,2.3879711627960205,1.8795000314712524
290,1.3970011472702026,2.6232669353485107,2.3930280208587646,1.8841238021850586
291,1.4963456392288208,2.5732367038726807,2.389846086502075,1.8581269979476929
292,1.4873908758163452,2.549691677093506,2.374650001525879,1.8643357753753662
293,1.3865811824798584,2.592575788497925,2.373565673828125,1.8599774837493896
294,1.3852887153625488,2.5984950065612793,2.3711893558502197,1.849595308303833
295,1.3926788568496704,2.6047568321228027,2.3758785724639893,1.8554660081863403
296,1.3920819759368896,2.627640724182129,2.3576624393463135,1.8590840101242065
297,1.3939231634140015,2.613457441329956,2.3762221336364746,1.8551737070083618
298,1.4035438299179077,2.6304750442504883,2.36977219581604,1.8440762758255005
299,1.501846432685852,2.5988950729370117,2.359558343887329,1.8654567003250122
300,1.398642897605896,2.6043903827667236,2.392918825149536,1.8465548753738403
301,1.4159979820251465,2.630920171737671,2.413252353668213,1.8694710731506348
302,1.4104061126708984,2.6142451763153076,2.39424991607666,1.8495482206344604
303,1.4141714572906494,2.6037957668304443,2.383995294570923,1.843177318572998
304,1.4151417016983032,2.608191728591919,2.377068281173706,1.846983551979065
305,1.4754761457443237,2.757049798965454,2.4249331951141357,1.949302315711975
306,1.4398657083511353,2.6491944789886475,2.3846731185913086,1.863782286643982
307,1.436057448387146,2.620189905166626,2.414656162261963,1.8673101663589478
308,1.4182313680648804,2.5868921279907227,2.3906660079956055,1.8413970470428467
309,1.4284464120864868,2.6112985610961914,2.3931806087493896,1.8407483100891113
310,1.429412603378296,2.6100080013275146,2.389270305633545,1.832617163658142
311,1.429664969444275,2.600698232650757,2.3916964530944824,1.8310929536819458
312,1.4301692247390747,2.595930576324463,2.392465591430664,1.8259552717208862
313,1.4338408708572388,2.617678642272949,2.3913984298706055,1.8377310037612915
314,1.4295563697814941,2.612553596496582,2.3804521560668945,1.8339873552322388
315,1.4357550144195557,2.625602960586548,2.386329174041748,1.8384473323822021
316,1.4318115711212158,2.6159889698028564,2.3731813430786133,1.8302216529846191
317,1.4324017763137817,2.625356912612915,2.3756375312805176,1.8407773971557617
318,1.4286983013153076,2.6175267696380615,2.3766491413116455,1.82862389087677
319,1.4222604036331177,2.608966588973999,2.3696866035461426,1.8327547311782837
320,1.4737045764923096,2.779555559158325,2.3800160884857178,1.9503511190414429
321,1.4315497875213623,2.6238956451416016,2.371114492416382,1.8272526264190674
322,1.4626609086990356,2.6819190979003906,2.4291651248931885,1.9002628326416016
323,1.4529656171798706,2.694532871246338,2.3806707859039307,1.8798415660858154
324,1.4535177946090698,2.6739847660064697,2.3918066024780273,1.8675464391708374
325,1.4416851997375488,2.673957586288452,2.3657419681549072,1.8704074621200562
326,1.4323132038116455,2.6245577335357666,2.374663829803467,1.8419792652130127
327,1.4464541673660278,2.668595790863037,2.3815314769744873,1.849826693534851
328,1.4383267164230347,2.6546576023101807,2.370889902114868,1.867066740989685
329,1.449462652206421,2.669929265975952,2.381626605987549,1.863703727722168
330,1.438481330871582,2.6438605785369873,2.3767504692077637,1.8403056859970093
331,1.4464187622070312,2.6792099475860596,2.3737144470214844,1.862619161605835
332,1.448677897453308,2.66707181930542,2.3806304931640625,1.8525643348693848
333,1.4408323764801025,2.650989294052124,2.3722219467163086,1.8443808555603027
334,1.4446322917938232,2.658729314804077,2.3747951984405518,1.8434606790542603
335,1.4316397905349731,2.6294257640838623,2.3799428939819336,1.8500503301620483
336,1.431450605392456,2.6364519596099854,2.371471881866455,1.8434184789657593
337,1.4398187398910522,2.6546542644500732,2.370910406112671,1.8475446701049805
338,1.440428376197815,2.6300370693206787,2.3962998390197754,1.8316584825515747
339,1.4333654642105103,2.638049364089966,2.3702752590179443,1.8428351879119873
340,1.4372271299362183,2.6546120643615723,2.366539478302002,1.8465142250061035
341,1.4426541328430176,2.6630148887634277,2.3775105476379395,1.8568185567855835
342,1.44306480884552,2.651242733001709,2.3814024925231934,1.845772624015808
343,1.4412118196487427,2.637608051300049,2.402831554412842,1.8508362770080566
344,1.45558500289917,2.662240505218506,2.399479389190674,1.8406709432601929
345,1.4437319040298462,2.644329309463501,2.3998191356658936,1.8469775915145874
346,1.4451109170913696,2.6463587284088135,2.391340970993042,1.8410248756408691
347,1.4555891752243042,2.654923677444458,2.40617036819458,1.8520549535751343
348,1.4515931606292725,2.6509130001068115,2.3882908821105957,1.8353798389434814
349,1.4585226774215698,2.6484692096710205,2.4167380332946777,1.8420745134353638
350,1.4414256811141968,2.6263415813446045,2.388782262802124,1.835623025894165
351,1.4466270208358765,2.6313719749450684,2.3930575847625732,1.8282088041305542
352,1.4465417861938477,2.620858907699585,2.4073164463043213,1.8316364288330078
353,1.4411888122558594,2.6278419494628906,2.378995418548584,1.8270264863967896
354,1.446521520614624,2.6556670665740967,2.3833110332489014,1.8437689542770386
355,1.445529580116272,2.6535794734954834,2.3824150562286377,1.8467856645584106
356,1.4499776363372803,2.6622231006622314,2.377548933029175,1.8495413064956665
357,1.4504200220108032,2.6595301628112793,2.3816347122192383,1.8396919965744019
358,1.4440157413482666,2.639432430267334,2.3818740844726562,1.8342535495758057
359,1.4521642923355103,2.6583433151245117,2.3853752613067627,1.8448535203933716
360,1.4535990953445435,2.669163942337036,2.3738012313842773,1.8451826572418213
