1,3.5438971519470215,0.5805995464324951,4.323727130889893,0.373230904340744
2,2.782209634780884,0.81339430809021,3.948714256286621,0.7197187542915344
3,2.5036513805389404,0.8255735635757446,3.689645290374756,0.8543246388435364
4,2.2534449100494385,0.8743749260902405,3.529642105102539,0.9291023015975952
5,2.0108394622802734,0.9673178791999817,3.4241979122161865,0.9948636293411255
6,2.08300518989563,0.9798902273178101,3.426117420196533,0.9964461922645569
7,1.145653486251831,1.1599836349487305,2.6962852478027344,1.58778715133667
8,0.8832548260688782,1.0637338161468506,2.4211413860321045,1.6748898029327393
9,0.7820993661880493,0.9959322810173035,2.3370840549468994,1.6822165250778198
10,0.7120851874351501,0.959754228591919,2.2803564071655273,1.6740354299545288
11,0.8604092597961426,1.293119192123413,2.4477651119232178,1.6466931104660034
12,0.5857967138290405,1.0334690809249878,2.1476569175720215,1.7606011629104614
13,0.6404776573181152,1.053550124168396,2.145448684692383,1.7379471063613892
14,0.6315689086914062,1.0658060312271118,2.0911567211151123,1.7439260482788086
15,0.6662548184394836,1.1081613302230835,2.0888588428497314,1.740885615348816
16,0.6417849063873291,1.186838150024414,2.0662896633148193,1.8011815547943115
17,0.6880254745483398,1.165726661682129,2.0901851654052734,1.7529253959655762
18,0.7009813189506531,1.218305230140686,2.0988729000091553,1.7750985622406006
19,0.6900765299797058,1.2602311372756958,2.0770723819732666,1.8062666654586792
20,0.6911360621452332,1.2782078981399536,2.0598011016845703,1.7963215112686157
21,0.6949731707572937,1.3660988807678223,2.0948610305786133,1.8477450609207153
22,0.6903663277626038,1.3089284896850586,2.094357967376709,1.8107842206954956
23,0.6791965961456299,1.3107444047927856,2.0897693634033203,1.79741632938385
24,0.645717442035675,1.4060842990875244,2.0834033489227295,1.8801097869873047
25,0.683379590511322,1.3437291383743286,2.158041000366211,1.8589578866958618
26,0.6828802227973938,1.366036295890808,2.1301188468933105,1.8410764932632446
27,0.6819377541542053,1.3986774682998657,2.1284220218658447,1.8333289623260498
28,0.6879047155380249,1.4675734043121338,2.1213903427124023,1.8636384010314941
29,0.6816690564155579,1.4671337604522705,2.1312172412872314,1.865098476409912
30,0.6992147564888,1.4663726091384888,2.155649423599243,1.8754386901855469
31,0.6722338199615479,1.494615912437439,2.1063613891601562,1.8717572689056396
32,0.6911535859107971,1.4811874628067017,2.1419479846954346,1.8705811500549316
33,0.6934918165206909,1.507649540901184,2.1340460777282715,1.8600599765777588
34,0.705427348613739,1.5341377258300781,2.1736786365509033,1.8765811920166016
35,0.6820923686027527,1.4778649806976318,2.145792007446289,1.8621271848678589
36,0.6954450607299805,1.5354220867156982,2.170506715774536,1.8927613496780396
37,0.6999960541725159,1.5638651847839355,2.1495275497436523,1.8785955905914307
38,0.7215918302536011,1.5269591808319092,2.175459384918213,1.8353034257888794
39,0.7157329320907593,1.5456637144088745,2.184884548187256,1.849092960357666
40,0.714248538017273,1.5713214874267578,2.18056058883667,1.8608168363571167
41,0.7199168801307678,1.6165355443954468,2.17691707611084,1.865595817565918
42,0.7158926725387573,1.575858473777771,2.1715376377105713,1.8500604629516602
43,0.7117381691932678,1.6146512031555176,2.150869607925415,1.8764218091964722
44,0.7235718965530396,1.6066251993179321,2.1764705181121826,1.8652600049972534
45,0.7323729395866394,1.6496399641036987,2.183349370956421,1.8654823303222656
46,0.7439364790916443,1.6728036403656006,2.183408737182617,1.8624927997589111
47,0.7862327098846436,1.7752889394760132,2.3323731422424316,2.0334949493408203
48,0.7691425085067749,1.6738375425338745,2.225137710571289,1.9182406663894653
49,0.7469210028648376,1.6672099828720093,2.2322182655334473,1.9411849975585938
50,0.7566385865211487,1.73526930809021,2.227307081222534,1.9518625736236572
51,0.7583869695663452,1.6452122926712036,2.226172924041748,1.8871667385101318
52,0.7384880185127258,1.6853970289230347,2.187713146209717,1.9056789875030518
53,0.7497314214706421,1.6960207223892212,2.247117757797241,1.9357298612594604
54,0.75799959897995,1.7544554471969604,2.205578565597534,1.9432802200317383
55,0.745293378829956,1.6977548599243164,2.1995596885681152,1.9218860864639282
56,0.7525609135627747,1.7179611921310425,2.20566463470459,1.9040727615356445
57,0.7439201474189758,1.6995735168457031,2.2208645343780518,1.908542513847351
58,0.7489719986915588,1.7189291715621948,2.21394944190979,1.9039337635040283
59,0.7459973692893982,1.7030963897705078,2.2014145851135254,1.8789525032043457
60,0.7619035840034485,1.7196307182312012,2.209702730178833,1.8728827238082886
61,0.7662327885627747,1.703379511833191,2.2239010334014893,1.862572193145752
62,0.7691254615783691,1.7606201171875,2.2342681884765625,1.9005919694900513
63,0.7705023884773254,1.800426721572876,2.211026906967163,1.8971774578094482
64,0.7606774568557739,1.770530104637146,2.189297676086426,1.875129222869873
65,0.7710469365119934,1.7563714981079102,2.205906629562378,1.8586108684539795
66,0.7614918351173401,1.7801568508148193,2.199169397354126,1.8816382884979248
67,0.7623767852783203,1.7683300971984863,2.2153966426849365,1.8950427770614624
68,0.779661238193512,1.776637315750122,2.2413809299468994,1.8715909719467163
69,0.7763139605522156,1.7490969896316528,2.2328362464904785,1.8668359518051147
70,0.7625927925109863,1.7681983709335327,2.213071823120117,1.8787412643432617
71,0.7746223211288452,1.7854756116867065,2.244866132736206,1.8971940279006958
72,0.7886126041412354,1.7893450260162354,2.2423110008239746,1.8764405250549316
73,0.7754902839660645,1.7881993055343628,2.236980676651001,1.9115879535675049
74,0.792881965637207,1.7785608768463135,2.2646310329437256,1.874558448791504
75,0.7857576608657837,1.8030518293380737,2.234222173690796,1.8736295700073242
76,0.7878304123878479,1.8239874839782715,2.218299388885498,1.8755279779434204
77,0.80068439245224,1.7933200597763062,2.2624332904815674,1.857581377029419
78,0.7800200581550598,1.8087667226791382,2.223006248474121,1.883884072303772
79,0.7900818586349487,1.8194246292114258,2.245739459991455,1.8791282176971436
80,0.7961626052856445,1.8214629888534546,2.249253034591675,1.8738727569580078
81,0.8017926812171936,1.8498488664627075,2.2563087940216064,1.888389229774475
82,0.8045353293418884,1.8697481155395508,2.228767156600952,1.8952616453170776
83,0.8101426362991333,1.8640334606170654,2.2619035243988037,1.8960269689559937
84,0.8174691200256348,1.874891996383667,2.267326593399048,1.8934926986694336
85,0.816849410533905,1.885218858718872,2.271890878677368,1.9105803966522217
86,0.8204433917999268,1.8675066232681274,2.2631986141204834,1.886957049369812
87,0.8155477643013,1.8784234523773193,2.2768683433532715,1.9154667854309082
88,0.8263413906097412,1.8766624927520752,2.2721869945526123,1.8987605571746826
89,0.8150702118873596,1.9198956489562988,2.2544684410095215,1.9546864032745361
90,0.8259275555610657,1.8726742267608643,2.278717041015625,1.8996624946594238
91,0.8298422694206238,1.8985414505004883,2.2964532375335693,1.9244152307510376
92,0.8331097364425659,1.89729905128479,2.269026279449463,1.9042396545410156
93,0.813610315322876,1.8718602657318115,2.2719738483428955,1.9174480438232422
94,0.8193076252937317,1.903556227684021,2.2675936222076416,1.9109344482421875
95,0.8307996988296509,1.8872666358947754,2.3001086711883545,1.901969313621521
96,0.8173357248306274,1.898270845413208,2.2620160579681396,1.9130100011825562
97,0.8474294543266296,1.89681875705719,2.3008511066436768,1.8927477598190308
98,0.8276055455207825,1.8590129613876343,2.290665626525879,1.8715895414352417
99,0.8349214792251587,1.949020504951477,2.282301902770996,1.9437085390090942
100,0.8388388752937317,1.9045348167419434,2.3145265579223633,1.9028757810592651
101,0.8277288675308228,1.8710360527038574,2.3061487674713135,1.8984050750732422
102,0.8337844014167786,1.8796080350875854,2.3080403804779053,1.8892385959625244
103,0.832135796546936,1.9204065799713135,2.271038055419922,1.8961048126220703
104,0.8261736035346985,1.8989323377609253,2.3035640716552734,1.925389289855957
105,0.8541661500930786,1.915653109550476,2.329118013381958,1.8986579179763794
106,0.829572319984436,1.8842097520828247,2.3074536323547363,1.9147480726242065
107,0.8486785888671875,1.937561273574829,2.2897112369537354,1.9025315046310425
108,0.8388597369194031,1.8679826259613037,2.298571825027466,1.8832951784133911
109,0.8658812046051025,2.021804094314575,2.273674488067627,1.9144715070724487
110,0.8550378084182739,1.9819989204406738,2.2849292755126953,1.9200527667999268
111,0.8380272388458252,1.939104676246643,2.294956684112549,1.9173672199249268
112,0.8447500467300415,1.9263547658920288,2.312168598175049,1.9066240787506104
113,0.8468577861785889,1.9277385473251343,2.2947065830230713,1.8991289138793945
114,0.8480193614959717,1.971369743347168,2.307279586791992,1.9337447881698608
115,0.8547011017799377,1.9448009729385376,2.313271999359131,1.8990224599838257
116,0.840424656867981,1.9662301540374756,2.268056631088257,1.9147005081176758
117,0.8425700068473816,1.9572714567184448,2.2958250045776367,1.934490442276001
118,0.9588793516159058,1.954654335975647,2.286935806274414,1.9174106121063232
119,0.8511724472045898,1.9529314041137695,2.28847074508667,1.9003394842147827
120,0.8450906276702881,1.9872620105743408,2.2819018363952637,1.9290552139282227
121,0.8699786067008972,1.962777853012085,2.3181612491607666,1.8779911994934082
122,0.8665826320648193,1.9853860139846802,2.311831474304199,1.9086503982543945
123,0.8605855107307434,2.0059094429016113,2.293349027633667,1.9208996295928955
124,0.8742634057998657,2.036449909210205,2.3152663707733154,1.966196894645691
125,0.8546490669250488,1.9687472581863403,2.271958827972412,1.884312391281128
126,0.8653175830841064,1.9234427213668823,2.3275444507598877,1.912259578704834
127,0.8611716628074646,1.9658241271972656,2.2836432456970215,1.908717155456543
128,0.8777043223381042,1.9947021007537842,2.3066720962524414,1.9029444456100464
129,0.8585331439971924,1.9776864051818848,2.2829253673553467,1.9077105522155762
130,0.8760437369346619,2.0331900119781494,2.316617250442505,1.9746757745742798
131,0.872010350227356,1.9917296171188354,2.3329579830169678,1.9556677341461182
132,0.8816109299659729,1.9696463346481323,2.352768898010254,1.9486134052276611
133,0.8773967027664185,2.01404070854187,2.3197062015533447,1.9618202447891235
134,0.8867425918579102,2.0132503509521484,2.339681386947632,1.9567551612854004
135,0.8842793703079224,1.9853945970535278,2.313678503036499,1.9221135377883911
136,0.8720330595970154,1.9906318187713623,2.3428871631622314,1.9673744440078735
137,0.9025589227676392,2.0313971042633057,2.3523802757263184,1.95432448387146
138,0.8993940949440002,2.040036916732788,2.332127571105957,1.9355695247650146
139,0.9044506549835205,1.9841711521148682,2.3538787364959717,1.9098114967346191
140,0.8883872628211975,2.020738363265991,2.3251209259033203,1.9353749752044678
141,0.8979689478874207,2.0243430137634277,2.3390607833862305,1.9174227714538574
142,0.8886697888374329,1.99606192111969,2.3039257526397705,1.8838282823562622
143,0.9060177803039551,2.0510246753692627,2.3492507934570312,1.9540411233901978
144,0.9207234382629395,2.0320098400115967,2.3796730041503906,1.9246102571487427
145,0.9010978937149048,2.0522851943969727,2.3305327892303467,1.9466578960418701
146,0.9138328433036804,2.084195852279663,2.332091808319092,1.9370938539505005
147,0.9270662665367126,2.0711402893066406,2.381023645401001,1.9349554777145386
148,0.9277315139770508,2.076260566711426,2.3726720809936523,1.9439009428024292
149,0.898976743221283,2.025846242904663,2.34735369682312,1.981307029724121
150,0.9114162921905518,1.980758786201477,2.357978343963623,1.9057859182357788
151,0.9310811758041382,1.9962270259857178,2.334271192550659,1.8937660455703735
152,0.952276349067688,2.0906004905700684,2.2677743434906006,1.910518765449524
153,0.9701918363571167,2.104191780090332,2.268021583557129,1.8923581838607788
154,1.140201449394226,2.137817859649658,2.281250238418579,1.904874563217163
155,1.174555778503418,2.155764102935791,2.289228916168213,1.912528157234192
156,1.166237235069275,2.1389548778533936,2.285403251647949,1.889302134513855
157,1.180411696434021,2.156682252883911,2.289358139038086,1.8934135437011719
158,1.1773141622543335,2.147205114364624,2.2869789600372314,1.8860061168670654
159,1.2181264162063599,2.1919257640838623,2.3177506923675537,1.9213805198669434
160,1.02731454372406,2.1454825401306152,2.3177883625030518,1.8873071670532227
161,1.035083532333374,2.1445798873901367,2.313927412033081,1.8788994550704956
162,1.0366427898406982,2.138847589492798,2.310685873031616,1.8744951486587524
163,1.0560081005096436,2.1678295135498047,2.30751895904541,1.8807432651519775
164,1.0744004249572754,2.1652379035949707,2.3190886974334717,1.8657467365264893
165,1.088425636291504,2.174962043762207,2.3098843097686768,1.876878023147583
166,1.1010388135910034,2.1730337142944336,2.324838638305664,1.8794348239898682
167,1.1079641580581665,2.1818718910217285,2.3035531044006348,1.8796080350875854
168,1.1082838773727417,2.175910472869873,2.2912559509277344,1.8757792711257935
169,1.1195032596588135,2.186009645462036,2.302009344100952,1.8736228942871094
170,1.1178693771362305,2.1948585510253906,2.303999185562134,1.8963897228240967
171,1.1263903379440308,2.207165002822876,2.3069472312927246,1.8800147771835327
172,1.1310405731201172,2.2212815284729004,2.312335968017578,1.878498911857605
173,1.1243938207626343,2.236325263977051,2.2903783321380615,1.8897078037261963
174,1.1275100708007812,2.226532220840454,2.3132715225219727,1.8791236877441406
175,1.1244457960128784,2.2086589336395264,2.311744451522827,1.860978603363037
176,1.123067021369934,2.220471143722534,2.309943199157715,1.8652434349060059
177,1.1310497522354126,2.246433734893799,2.3076815605163574,1.8708860874176025
178,1.1535065174102783,2.3015670776367188,2.3382620811462402,1.9256480932235718
179,1.1470396518707275,2.290037155151367,2.327432870864868,1.8946412801742554
180,1.1464438438415527,2.284996271133423,2.3172600269317627,1.9016766548156738
181,1.1523246765136719,2.3061015605926514,2.311187982559204,1.913498878479004
182,1.1547914743423462,2.286571502685547,2.3172447681427,1.8743277788162231
183,1.1613221168518066,2.3151512145996094,2.314465045928955,1.891072392463684
184,1.1586042642593384,2.267677068710327,2.3316094875335693,1.8601716756820679
185,1.1685720682144165,2.325540065765381,2.3190040588378906,1.8933922052383423
186,1.1557412147521973,2.295278310775757,2.306825876235962,1.8787956237792969
187,1.1678401231765747,2.3210716247558594,2.3291006088256836,1.8848665952682495
188,1.1626060009002686,2.303236484527588,2.314592123031616,1.8754559755325317
189,1.1706277132034302,2.315613031387329,2.3255116939544678,1.8802841901779175
190,1.187648892402649,2.3750033378601074,2.322601556777954,1.907484769821167
191,1.1796519756317139,2.356071710586548,2.3164284229278564,1.892077088356018
192,1.1733767986297607,2.3159968852996826,2.327265739440918,1.8640589714050293
193,1.1891772747039795,2.3401057720184326,2.338247060775757,1.8743231296539307
194,1.190550446510315,2.357975482940674,2.3320860862731934,1.8845531940460205
195,1.1946648359298706,2.352264404296875,2.34560489654541,1.8839137554168701
196,1.193943977355957,2.359276533126831,2.3346269130706787,1.8812068700790405
197,1.1879568099975586,2.356494665145874,2.3202033042907715,1.8830496072769165
198,1.1879193782806396,2.347984552383423,2.316211462020874,1.8725063800811768
199,1.2041045427322388,2.3848555088043213,2.327836513519287,1.8810497522354126
200,1.200502634048462,2.3695449829101562,2.3299014568328857,1.8670027256011963
201,1.2059088945388794,2.3682422637939453,2.3363571166992188,1.87142014503479
202,1.216288685798645,2.430802822113037,2.3188517093658447,1.9001673460006714
203,1.2112207412719727,2.386824607849121,2.330977439880371,1.8665518760681152
204,1.1916027069091797,2.372166156768799,2.3116371631622314,1.883263349533081
205,1.346060037612915,2.376134157180786,2.3382840156555176,1.8636807203292847
206,1.3373541831970215,2.3755483627319336,2.333681344985962,1.8737988471984863
207,1.3309227228164673,2.3898298740386963,2.330134391784668,1.8860512971878052
208,1.2247897386550903,2.4263439178466797,2.3467423915863037,1.886772632598877
209,1.2132482528686523,2.3777096271514893,2.3505544662475586,1.8681886196136475
210,1.2117576599121094,2.39174747467041,2.3424713611602783,1.877526044845581
211,1.2112234830856323,2.362501621246338,2.3446285724639893,1.8489713668823242
212,1.2204949855804443,2.3935465812683105,2.3468313217163086,1.8668718338012695
213,1.2252354621887207,2.405163288116455,2.3397433757781982,1.8607302904129028
214,1.219723105430603,2.3834705352783203,2.348902940750122,1.8620223999023438
215,1.2223808765411377,2.3977243900299072,2.346440315246582,1.8775306940078735
216,1.3406957387924194,2.399549722671509,2.3292360305786133,1.8793377876281738
217,1.227134346961975,2.405163526535034,2.338721513748169,1.8676303625106812
218,1.2217313051223755,2.387932300567627,2.336240291595459,1.8494330644607544
219,1.2388149499893188,2.419637441635132,2.353266954421997,1.8653795719146729
220,1.2403244972229004,2.4185452461242676,2.3476340770721436,1.8626610040664673
221,1.2366299629211426,2.3886947631835938,2.3613743782043457,1.8448196649551392
222,1.2409353256225586,2.411158561706543,2.3558366298675537,1.8591166734695435
223,1.2368731498718262,2.404107093811035,2.3562285900115967,1.867343783378601
224,1.2434942722320557,2.419731616973877,2.3451879024505615,1.862841010093689
225,1.2442855834960938,2.4172892570495605,2.3670156002044678,1.868657112121582
226,1.2403912544250488,2.407477617263794,2.3475539684295654,1.8579347133636475
227,1.2387007474899292,2.4030377864837646,2.346923351287842,1.8442049026489258
228,1.2431952953338623,2.42069149017334,2.347043514251709,1.8643637895584106
229,1.344605803489685,2.4259445667266846,2.342517614364624,1.86472487449646
230,1.249255895614624,2.442049980163574,2.343576192855835,1.8628907203674316
231,1.3711198568344116,2.442336320877075,2.3395252227783203,1.8648701906204224
232,1.3621984720230103,2.429607391357422,2.3566906452178955,1.8695728778839111
233,1.3676456212997437,2.4254133701324463,2.3377082347869873,1.8555272817611694
234,1.3687117099761963,2.4134163856506348,2.341646432876587,1.8556498289108276
235,1.3807227611541748,2.4511630535125732,2.3431615829467773,1.8826178312301636
236,1.383998155593872,2.4399187564849854,2.350623846054077,1.8626190423965454
237,1.3747893571853638,2.4378583431243896,2.350729465484619,1.8778111934661865
238,1.3880045413970947,2.4233152866363525,2.3731143474578857,1.8489201068878174
239,1.2752492427825928,2.4466700553894043,2.385730028152466,1.8641921281814575
240,1.2844547033309937,2.4618911743164062,2.3827550411224365,1.8652536869049072
241,1.2803974151611328,2.4447522163391113,2.3577401638031006,1.8568235635757446
242,1.297385811805725,2.4600446224212646,2.3660244941711426,1.8676996231079102
243,1.303015947341919,2.4520602226257324,2.360496759414673,1.8535865545272827
244,1.3202521800994873,2.4847934246063232,2.365856409072876,1.8688220977783203
245,1.3319119215011597,2.4919183254241943,2.368403673171997,1.8700987100601196
246,1.3261247873306274,2.4778642654418945,2.3527228832244873,1.8605647087097168
247,1.3352121114730835,2.478618621826172,2.3690905570983887,1.8577518463134766
248,1.3414466381072998,2.5164942741394043,2.358908176422119,1.8744447231292725
249,1.3370399475097656,2.474214553833008,2.3808653354644775,1.8663898706436157
250,1.3579223155975342,2.539912462234497,2.3746590614318848,1.8917227983474731
251,1.353954792022705,2.5257396697998047,2.3645119667053223,1.8785291910171509
252,1.3516817092895508,2.5394842624664307,2.3501265048980713,1.880797028541565
253,1.350277304649353,2.511603593826294,2.36523699760437,1.8628185987472534
254,1.3596954345703125,2.5199737548828125,2.363624095916748,1.8548930883407593
255,1.35433030128479,2.5126636028289795,2.3642003536224365,1.856616497039795
256,1.359583854675293,2.5337765216827393,2.3669278621673584,1.8691431283950806
257,1.373443603515625,2.564969301223755,2.36360764503479,1.8733010292053223
258,1.3694698810577393,2.561469793319702,2.367730140686035,1.8896613121032715
259,1.362080693244934,2.504988431930542,2.3826744556427,1.849034070968628
260,1.3652095794677734,2.524690628051758,2.3743152618408203,1.8565348386764526
261,1.3634684085845947,2.5248794555664062,2.363682746887207,1.8573518991470337
262,1.3773701190948486,2.547987699508667,2.387868642807007,1.8789798021316528
263,1.3633596897125244,2.5253782272338867,2.373793125152588,1.8647921085357666
264,1.374263048171997,2.5455212593078613,2.373486042022705,1.8603830337524414
265,1.3771954774856567,2.5543601512908936,2.380300760269165,1.8668879270553589
266,1.3777415752410889,2.564939022064209,2.3670265674591064,1.8786991834640503
267,1.3771131038665771,2.5592939853668213,2.3518025875091553,1.8636388778686523
268,1.3737318515777588,2.551636219024658,2.3593051433563232,1.8677592277526855
269,1.371722936630249,2.5366628170013428,2.3671371936798096,1.8530470132827759
270,1.389760971069336,2.573601007461548,2.3861870765686035,1.8667471408843994
271,1.3914313316345215,2.5861241817474365,2.3760626316070557,1.88314688205719
272,1.3828314542770386,2.546454906463623,2.3807408809661865,1.8446062803268433
273,1.3831440210342407,2.555821657180786,2.3702197074890137,1.8561935424804688
274,1.3857172727584839,2.558579444885254,2.375312566757202,1.8571691513061523
275,1.4059633016586304,2.605273962020874,2.391291618347168,1.8798083066940308
276,1.3960014581680298,2.5883121490478516,2.360610008239746,1.8618834018707275
277,1.4035109281539917,2.587606430053711,2.3924639225006104,1.866755723953247
278,1.3999662399291992,2.5814290046691895,2.3857004642486572,1.8569258451461792
279,1.394270420074463,2.5877788066864014,2.374582529067993,1.8701715469360352
280,1.3920351266860962,2.566075325012207,2.3873424530029297,1.8485116958618164
281,1.4035676717758179,2.610973834991455,2.3644468784332275,1.8587123155593872
282,1.40463125705719,2.6026737689971924,2.374666213989258,1.8671623468399048
283,1.3906221389770508,2.5633060932159424,2.3592121601104736,1.8374652862548828
284,1.4113543033599854,2.611111879348755,2.381990671157837,1.8672791719436646
285,1.39497709274292,2.569629430770874,2.3739781379699707,1.8487718105316162
286,1.4125170707702637,2.6284639835357666,2.375540256500244,1.8724695444107056
287,1.408783197402954,2.5918755531311035,2.389162540435791,1.8583447933197021
288,1.4122512340545654,2.615893840789795,2.384429454803467,1.858421802520752
289,1.4197742938995361,2.632836103439331,2.3806240558624268,1.869240641593933
290,1.399155616760254,2.6078109741210938,2.3546760082244873,1.875594973564148
291,1.4083492755889893,2.6165804862976074,2.3707988262176514,1.8701481819152832
292,1.4179835319519043,2.6138925552368164,2.399789333343506,1.8558106422424316
293,1.4088345766067505,2.618119716644287,2.3687047958374023,1.8672066926956177
294,1.41095769405365,2.620681047439575,2.372817277908325,1.8757539987564087
295,1.417551875114441,2.620620012283325,2.3916497230529785,1.872045874595642
296,1.4070683717727661,2.6008570194244385,2.3779966831207275,1.8527705669403076
297,1.410815954208374,2.6057870388031006,2.380122423171997,1.865579605102539
298,1.404711127281189,2.597733736038208,2.3693549633026123,1.8608930110931396
299,1.4146440029144287,2.629340410232544,2.375861167907715,1.8711179494857788
300,1.4200862646102905,2.647078037261963,2.3786754608154297,1.8866403102874756
301,1.4160921573638916,2.627950668334961,2.3622519969940186,1.862391471862793
302,1.4239692687988281,2.641209363937378,2.375548839569092,1.8627557754516602
303,1.4165512323379517,2.6153576374053955,2.382052421569824,1.860923171043396
304,1.420494556427002,2.6217844486236572,2.377039670944214,1.8505595922470093
305,1.4223331212997437,2.6314406394958496,2.383812189102173,1.858155369758606
306,1.4211373329162598,2.6321167945861816,2.374377727508545,1.8613919019699097
307,1.4940531253814697,2.6027333736419678,2.3697547912597656,1.8592346906661987
308,1.486305832862854,2.6049489974975586,2.375668525695801,1.8597873449325562
309,1.5126454830169678,2.625284194946289,2.3701729774475098,1.8761451244354248
310,1.5048558712005615,2.6055352687835693,2.382009267807007,1.8591150045394897
311,1.4297511577606201,2.654719591140747,2.3810625076293945,1.8648931980133057
312,1.4150652885437012,2.6160755157470703,2.375640392303467,1.8495979309082031
313,1.5033538341522217,2.6235079765319824,2.3803799152374268,1.872601866722107
314,1.4930288791656494,2.602290391921997,2.3871583938598633,1.8433575630187988
315,1.4215385913848877,2.6287577152252197,2.3772246837615967,1.8532395362854004
316,1.4241981506347656,2.6315228939056396,2.3788959980010986,1.8550856113433838
317,1.4333893060684204,2.63584303855896,2.406708002090454,1.8489724397659302
318,1.4999806880950928,2.600024938583374,2.3947198390960693,1.85709810256958
319,1.5120302438735962,2.628653049468994,2.388878345489502,1.8674849271774292
320,1.4382215738296509,2.6765553951263428,2.3843696117401123,1.8765372037887573
321,1.4264737367630005,2.633847951889038,2.385817050933838,1.8472057580947876
322,1.425364375114441,2.6402266025543213,2.383746862411499,1.8632586002349854
323,1.516083836555481,2.619534492492676,2.3886048793792725,1.8782000541687012
324,1.4752994775772095,2.7891032695770264,2.418860912322998,1.9784374237060547
325,1.5218696594238281,2.6131317615509033,2.3930888175964355,1.8577617406845093
326,1.514936923980713,2.6205332279205322,2.402279853820801,1.8655256032943726
327,1.5100525617599487,2.603039503097534,2.37650203704834,1.8561393022537231
328,1.5090433359146118,2.5997507572174072,2.388296127319336,1.8492330312728882
329,1.5079301595687866,2.6222617626190186,2.390000104904175,1.8646386861801147
330,1.4236642122268677,2.6264452934265137,2.387669563293457,1.8498566150665283
331,1.423871397972107,2.6317362785339355,2.3814260959625244,1.8548041582107544
332,1.4214311838150024,2.627462863922119,2.3844006061553955,1.8489165306091309
333,1.4241863489151,2.627338409423828,2.3911666870117188,1.8478273153305054
334,1.4333516359329224,2.6591861248016357,2.3879315853118896,1.8727766275405884
335,1.4341113567352295,2.6573946475982666,2.386131763458252,1.8652902841567993
336,1.4262959957122803,2.6278951168060303,2.3924214839935303,1.849433183670044
337,1.4151662588119507,2.6127617359161377,2.371605157852173,1.8409807682037354
338,1.4252995252609253,2.6296896934509277,2.3810973167419434,1.8436354398727417
339,1.4338767528533936,2.6603550910949707,2.377078056335449,1.8529715538024902
340,1.5019551515579224,2.6113336086273193,2.3938076496124268,1.84927237033844
341,1.5069600343704224,2.6008565425872803,2.372741222381592,1.8486568927764893
342,1.5109864473342896,2.6030113697052,2.3823821544647217,1.8436386585235596
343,1.5082054138183594,2.60080885887146,2.3782663345336914,1.8580870628356934
344,1.5181844234466553,2.624934196472168,2.378333568572998,1.860323190689087
345,1.5130574703216553,2.6246652603149414,2.379683256149292,1.8540657758712769
346,1.5079594850540161,2.5931057929992676,2.383960723876953,1.8425893783569336
347,1.424054741859436,2.6291823387145996,2.3785598278045654,1.8466161489486694
348,1.4219930171966553,2.6247408390045166,2.38881254196167,1.8473820686340332
349,1.4257086515426636,2.6351945400238037,2.3847179412841797,1.855254054069519
350,1.4319442510604858,2.639923572540283,2.385866641998291,1.846083402633667
351,1.5130045413970947,2.6166422367095947,2.399259328842163,1.8542989492416382
352,1.506280541419983,2.6121838092803955,2.376868963241577,1.849578857421875
353,1.4420253038406372,2.6577115058898926,2.4021389484405518,1.8575243949890137
354,1.5107905864715576,2.6193413734436035,2.3977530002593994,1.855783462524414
355,1.4370148181915283,2.6575658321380615,2.379619836807251,1.8561049699783325
356,1.521198034286499,2.642845630645752,2.3921566009521484,1.854839563369751
357,1.441656470298767,2.6649909019470215,2.398170232772827,1.8650683164596558
358,1.5144050121307373,2.628080129623413,2.3786025047302246,1.8546525239944458
359,1.5039610862731934,2.6199944019317627,2.3803818225860596,1.8693199157714844
360,1.4384102821350098,2.6547205448150635,2.395258903503418,1.8557552099227905
