1,3.542356014251709,0.5832138657569885,4.323642730712891,0.3735083043575287
2,2.7862160205841064,0.8089507222175598,3.948692560195923,0.7193310260772705
3,2.5039596557617188,0.8244044184684753,3.6890625953674316,0.8547767996788025
4,2.2477614879608154,0.8754121661186218,3.528635025024414,0.9301690459251404
5,2.008962631225586,0.965639054775238,3.4241621494293213,0.9947486519813538
6,2.0803463459014893,0.9777190685272217,3.4260101318359375,0.9963853359222412
7,1.132619023323059,1.1366546154022217,2.7084288597106934,1.5729055404663086
8,0.8688092231750488,1.0698423385620117,2.4146735668182373,1.701003909111023
9,0.6652171015739441,1.0463758707046509,2.228123188018799,1.7812798023223877
10,0.6517696380615234,0.95928955078125,2.2401702404022217,1.715725064277649
11,0.6132907271385193,0.96763014793396,2.186455488204956,1.7048697471618652
12,0.8813415765762329,1.3668935298919678,2.394638776779175,1.6634597778320312
13,1.2880228757858276,0.9557205438613892,2.5673422813415527,1.3523825407028198
14,0.7772086262702942,1.1347334384918213,2.1163129806518555,1.7236384153366089
15,0.8397802114486694,1.184271216392517,2.114288091659546,1.730694055557251
16,0.7988883852958679,1.2739858627319336,2.0658371448516846,1.8163650035858154
17,0.8288840055465698,1.2506957054138184,2.079125165939331,1.763506293296814
18,0.7561073899269104,1.2618249654769897,2.0740885734558105,1.789501667022705
19,0.7369313836097717,1.256817102432251,2.066774845123291,1.781453251838684
20,0.7503000497817993,1.3271676301956177,2.0809614658355713,1.8202499151229858
21,0.7486226558685303,1.3305538892745972,2.0854008197784424,1.792968511581421
22,0.7212105393409729,1.360783338546753,2.06307315826416,1.8129252195358276
23,0.7357819080352783,1.3469178676605225,2.0945963859558105,1.813081979751587
24,0.7408974170684814,1.3858929872512817,2.115125894546509,1.8141438961029053
25,0.7300553321838379,1.400530457496643,2.089538812637329,1.8134318590164185
26,0.7208579182624817,1.415427327156067,2.071394205093384,1.8009591102600098
27,0.7379846572875977,1.4559565782546997,2.1084229946136475,1.8381338119506836
28,0.7308269143104553,1.4591948986053467,2.1147265434265137,1.8418153524398804
29,0.7225199937820435,1.50271737575531,2.0916595458984375,1.8631738424301147
30,0.7338114976882935,1.501270055770874,2.1066603660583496,1.834275484085083
31,0.7306715846061707,1.5537875890731812,2.099883794784546,1.8552286624908447
32,0.7430410981178284,1.5383769273757935,2.14483642578125,1.8535163402557373
33,0.7696692943572998,1.546243667602539,2.1661994457244873,1.8565449714660645
34,0.76362544298172,1.5607984066009521,2.1542136669158936,1.8401991128921509
35,0.7582387328147888,1.5768812894821167,2.1415460109710693,1.8617116212844849
36,0.7781059145927429,1.5886439085006714,2.1766533851623535,1.8363226652145386
37,0.7759461998939514,1.6257737874984741,2.155245065689087,1.8551759719848633
38,0.781249463558197,1.7309235334396362,2.1519782543182373,1.9326602220535278
39,0.767314076423645,1.5951987504959106,2.1622114181518555,1.8464367389678955
40,0.7846327424049377,1.658652663230896,2.1718146800994873,1.8515921831130981
41,0.7824817299842834,1.6469788551330566,2.1777865886688232,1.848917841911316
42,0.7706486582756042,1.6515371799468994,2.162637710571289,1.8654135465621948
43,0.7883521318435669,1.7390462160110474,2.1795990467071533,1.9151042699813843
44,0.7829743027687073,1.6833940744400024,2.174623966217041,1.878214716911316
45,0.7838867902755737,1.7062891721725464,2.1847028732299805,1.8886288404464722
46,0.774192214012146,1.7075051069259644,2.1530938148498535,1.898948073387146
47,0.7956670522689819,1.7092245817184448,2.183756113052368,1.8829377889633179
48,0.7987011075019836,1.7369012832641602,2.1728947162628174,1.871346116065979
49,0.8010423183441162,1.742697834968567,2.186708450317383,1.8680567741394043
50,0.8159937262535095,1.738442301750183,2.2047410011291504,1.8670896291732788
51,0.7886168360710144,1.7693893909454346,2.175037384033203,1.9007288217544556
52,0.8112748265266418,1.7593556642532349,2.207303524017334,1.8704813718795776
53,0.8088186979293823,1.7533091306686401,2.204253673553467,1.855463981628418
54,0.8151524066925049,1.771087646484375,2.2002129554748535,1.878743290901184
55,0.7993503212928772,1.7962242364883423,2.166043758392334,1.8777282238006592
56,0.8195023536682129,1.827663779258728,2.2102925777435303,1.928555965423584
57,0.8228086829185486,1.8118739128112793,2.1861352920532227,1.8641763925552368
58,0.8236052393913269,1.8211122751235962,2.1891939640045166,1.872610330581665
59,0.8198336958885193,1.854293704032898,2.192075729370117,1.9149144887924194
60,0.8293691873550415,1.804267168045044,2.2102015018463135,1.8686318397521973
61,0.831272542476654,1.825461506843567,2.2439725399017334,1.9149895906448364
62,0.8289014101028442,1.8375332355499268,2.1786725521087646,1.8626154661178589
63,0.8388838171958923,1.8018368482589722,2.2176308631896973,1.8439090251922607
64,0.8558803200721741,1.8238104581832886,2.240509510040283,1.8513962030410767
65,0.8662692308425903,1.8542379140853882,2.2646777629852295,1.8775943517684937
66,0.8536479473114014,1.88878333568573,2.232088327407837,1.8988884687423706
67,0.8447102904319763,1.8482259511947632,2.2124381065368652,1.8716050386428833
68,0.840653121471405,1.8736975193023682,2.2276604175567627,1.9116501808166504
69,0.8493707180023193,1.8624060153961182,2.2302207946777344,1.8672213554382324
70,0.8385009169578552,1.884840965270996,2.1983277797698975,1.8685070276260376
71,0.846052348613739,1.9350476264953613,2.206632614135742,1.9135280847549438
72,0.8696261644363403,1.8767125606536865,2.252523422241211,1.8673362731933594
73,0.8660959601402283,1.9253883361816406,2.2291531562805176,1.9072790145874023
74,0.871909499168396,1.8980317115783691,2.2431516647338867,1.8793702125549316
75,0.8603958487510681,1.8902709484100342,2.2365524768829346,1.8996834754943848
76,0.8703172206878662,1.9165652990341187,2.2203001976013184,1.8715218305587769
77,0.8590397834777832,1.880307912826538,2.2407724857330322,1.8699676990509033
78,0.8954068422317505,2.031514883041382,2.275942802429199,1.9628074169158936
79,0.8912890553474426,1.9700506925582886,2.2735772132873535,1.9221514463424683
80,0.8820111155509949,1.9506666660308838,2.271185874938965,1.9128446578979492
81,0.8966776132583618,1.9508918523788452,2.3110828399658203,1.931411623954773
82,0.890652060508728,1.950800895690918,2.259206533432007,1.8845378160476685
83,0.8776626586914062,1.9297963380813599,2.292837381362915,1.9313299655914307
84,0.8691452145576477,1.959800124168396,2.237989664077759,1.936958909034729
85,0.8856503963470459,1.9463759660720825,2.2668392658233643,1.9238141775131226
86,0.8890762329101562,1.9900120496749878,2.2621941566467285,1.9439051151275635
87,0.8872890472412109,1.9455689191818237,2.2881197929382324,1.9082523584365845
88,0.8889467716217041,1.9873629808425903,2.2640109062194824,1.918562412261963
89,0.8853648900985718,1.9783802032470703,2.2706284523010254,1.905127763748169
90,0.9164543151855469,2.043529748916626,2.2826356887817383,1.9177429676055908
91,0.9055988192558289,1.9706507921218872,2.270904064178467,1.8723413944244385
92,0.8981959223747253,2.0160071849823,2.2639496326446533,1.9049593210220337
93,0.9072544574737549,2.0099360942840576,2.273559093475342,1.8894602060317993
94,0.8891021013259888,1.9805799722671509,2.261439800262451,1.913319706916809
95,0.9013965725898743,1.9897172451019287,2.257493734359741,1.9005215167999268
96,0.9155774712562561,1.9848828315734863,2.3189609050750732,1.9042201042175293
97,0.9249790906906128,2.011317253112793,2.305647134780884,1.9121745824813843
98,0.9070833325386047,2.024796485900879,2.2741446495056152,1.9086790084838867
99,0.9129734635353088,2.0194575786590576,2.297436475753784,1.9238815307617188
100,0.9209859371185303,2.035778760910034,2.3001060485839844,1.937802791595459
101,0.9040355682373047,1.9837381839752197,2.2665624618530273,1.8690409660339355
102,0.9421021938323975,2.034233331680298,2.3209919929504395,1.8982489109039307
103,0.9090280532836914,2.060519218444824,2.260829210281372,1.9536799192428589
104,0.9395747780799866,2.033874034881592,2.320962429046631,1.8933525085449219
105,0.917396068572998,2.03543758392334,2.281052827835083,1.9061490297317505
106,0.9489808082580566,2.0425429344177246,2.3250582218170166,1.8913851976394653
107,0.9325149655342102,2.0279386043548584,2.329385757446289,1.907035231590271
108,0.9204586148262024,2.0185794830322266,2.2759528160095215,1.8734220266342163
109,0.929580807685852,2.0413928031921387,2.3010659217834473,1.900692343711853
110,0.9455276131629944,2.089545249938965,2.2908706665039062,1.9110243320465088
111,0.922207772731781,2.0145316123962402,2.3062515258789062,1.8979682922363281
112,0.9240066409111023,2.046956777572632,2.292860507965088,1.927782654762268
113,0.9564988017082214,2.0888240337371826,2.3198928833007812,1.9271461963653564
114,0.9237289428710938,2.0280020236968994,2.3004276752471924,1.9234960079193115
115,0.9478471875190735,2.0453383922576904,2.325127363204956,1.8956985473632812
116,0.9307777881622314,2.07074236869812,2.295168399810791,1.9138875007629395
117,0.9440515041351318,2.0926806926727295,2.2947487831115723,1.8934695720672607
118,0.9518507122993469,2.0274477005004883,2.3307769298553467,1.8964364528656006
119,0.9379045963287354,2.0531792640686035,2.3023667335510254,1.891007661819458
120,0.927538275718689,2.0236830711364746,2.2883005142211914,1.8719227313995361
121,0.9376344680786133,2.028747797012329,2.323213577270508,1.9177664518356323
122,0.9293442964553833,2.006422281265259,2.2991232872009277,1.876720666885376
123,0.9299726486206055,2.0286943912506104,2.290766477584839,1.8804960250854492
124,0.9316098690032959,2.037433385848999,2.2814762592315674,1.8854310512542725
125,0.9484682083129883,2.07187557220459,2.3114609718322754,1.9150246381759644
126,0.935241162776947,2.023362159729004,2.3095901012420654,1.8944542407989502
127,0.932036280632019,2.0521464347839355,2.282097339630127,1.9026999473571777
128,0.9418532848358154,2.060391426086426,2.296236753463745,1.8935071229934692
129,0.9536446332931519,2.0869829654693604,2.3407657146453857,1.9128293991088867
130,0.980528712272644,2.1462321281433105,2.3769772052764893,1.98444402217865
131,0.9615823030471802,2.089877128601074,2.3643438816070557,1.9559427499771118
132,0.9773660898208618,2.1625964641571045,2.3569393157958984,1.9928786754608154
133,0.9428630471229553,2.0935957431793213,2.3326754570007324,1.9735137224197388
134,0.9441129565238953,2.012286901473999,2.3621175289154053,1.9331004619598389
135,0.9424191117286682,2.1076736450195312,2.3159618377685547,1.966088056564331
136,0.9601234197616577,2.0532689094543457,2.3448402881622314,1.9097826480865479
137,0.9571056962013245,2.0499515533447266,2.338538408279419,1.9054546356201172
138,0.9583887457847595,2.106783151626587,2.3476006984710693,1.9755085706710815
139,0.9616529941558838,2.0798916816711426,2.3441274166107178,1.9497334957122803
140,0.9563955664634705,2.082314968109131,2.33559513092041,1.9357317686080933
141,0.94846510887146,2.0992236137390137,2.300640344619751,1.936130404472351
142,0.9358254075050354,2.055208921432495,2.3151016235351562,1.9176645278930664
143,0.9456310272216797,2.150925397872925,2.2850582599639893,1.9596654176712036
144,0.9558888077735901,2.1067821979522705,2.333250045776367,1.9532297849655151
145,0.9717326760292053,2.1274654865264893,2.3338561058044434,1.923233151435852
146,0.9438890814781189,2.073237895965576,2.29532527923584,1.9190806150436401
147,0.9588062167167664,2.1083781719207764,2.325265884399414,1.921581506729126
148,0.9696100950241089,2.1518445014953613,2.311573028564453,1.940833330154419
149,0.9738693833351135,2.1323914527893066,2.3039402961730957,1.9069782495498657
150,0.9599624276161194,2.0588111877441406,2.321171283721924,1.8817214965820312
151,0.9802446961402893,2.1339571475982666,2.335679531097412,1.934821367263794
152,0.9772229790687561,2.1563031673431396,2.2885982990264893,1.9026275873184204
153,0.9833599328994751,2.152071952819824,2.2889597415924072,1.8726235628128052
154,1.0933138132095337,2.164384365081787,2.2641730308532715,1.8749569654464722
155,1.1540753841400146,2.200082540512085,2.269815444946289,1.882905125617981
156,1.1269009113311768,2.1974058151245117,2.279696464538574,1.8871383666992188
157,1.151170253753662,2.198535442352295,2.2899420261383057,1.8816269636154175
158,1.1573035717010498,2.2727208137512207,2.310621500015259,1.9118767976760864
159,1.1431108713150024,2.2169442176818848,2.2983553409576416,1.8801429271697998
160,1.1576533317565918,2.196288824081421,2.2984323501586914,1.86699378490448
161,1.174239993095398,2.2080979347229004,2.2826831340789795,1.8657817840576172
162,1.0185699462890625,2.2173945903778076,2.275320053100586,1.870187520980835
163,1.1767528057098389,2.220430612564087,2.2692830562591553,1.8704307079315186
164,1.2003498077392578,2.267289161682129,2.3232991695404053,1.9365617036819458
165,1.1915054321289062,2.2229433059692383,2.284489393234253,1.880471110343933
166,1.191560983657837,2.224850654602051,2.280410051345825,1.8683029413223267
167,1.1781749725341797,2.217195987701416,2.292205333709717,1.8578870296478271
168,1.1798967123031616,2.2366974353790283,2.2815632820129395,1.8729705810546875
169,1.1994047164916992,2.317084550857544,2.3212931156158447,1.9623068571090698
170,1.193407416343689,2.2488973140716553,2.2838551998138428,1.8675507307052612
171,1.0654469728469849,2.242387056350708,2.2923972606658936,1.8540698289871216
172,1.0772671699523926,2.277517318725586,2.295868158340454,1.8851579427719116
173,1.0918174982070923,2.2556893825531006,2.324143171310425,1.8717371225357056
174,1.0975384712219238,2.243492603302002,2.312114715576172,1.8484339714050293
175,1.1053731441497803,2.2570106983184814,2.2999417781829834,1.8605366945266724
176,1.1228539943695068,2.2938077449798584,2.3099021911621094,1.8793797492980957
177,1.1193195581436157,2.2691709995269775,2.297727108001709,1.849159598350525
178,1.132489562034607,2.2801077365875244,2.3044307231903076,1.849393606185913
179,1.1282707452774048,2.2493278980255127,2.320025682449341,1.850696325302124
180,1.1314880847930908,2.282799005508423,2.3002915382385254,1.8583428859710693
181,1.13530433177948,2.2516796588897705,2.3203959465026855,1.8362044095993042
182,1.133840799331665,2.275193929672241,2.3013389110565186,1.8454772233963013
183,1.1451098918914795,2.3037612438201904,2.305771589279175,1.8662240505218506
184,1.1374095678329468,2.2992706298828125,2.2930002212524414,1.863221287727356
185,1.1424363851547241,2.302325487136841,2.2927029132843018,1.855068325996399
186,1.1514867544174194,2.3103442192077637,2.3138909339904785,1.8555854558944702
187,1.1589041948318481,2.317514657974243,2.328742504119873,1.8566232919692993
188,1.1601260900497437,2.3092455863952637,2.329798698425293,1.8471757173538208
189,1.1573255062103271,2.3153769969940186,2.309587001800537,1.8403416872024536
190,1.1624414920806885,2.3293232917785645,2.312547445297241,1.8590055704116821
191,1.1674162149429321,2.317592144012451,2.322906970977783,1.8418753147125244
192,1.158470869064331,2.307187795639038,2.3170812129974365,1.841636061668396
193,1.1649609804153442,2.335975408554077,2.3183586597442627,1.859803318977356
194,1.1613565683364868,2.3202502727508545,2.3153533935546875,1.8539568185806274
195,1.1624116897583008,2.3084306716918945,2.313744306564331,1.8342756032943726
196,1.175447702407837,2.3394389152526855,2.321894645690918,1.8502943515777588
197,1.175869107246399,2.3511171340942383,2.3245654106140137,1.857831597328186
198,1.1742303371429443,2.358109951019287,2.3142545223236084,1.8589953184127808
199,1.1747889518737793,2.3512027263641357,2.3089821338653564,1.8497835397720337
200,1.179512619972229,2.3568968772888184,2.31404447555542,1.8441143035888672
201,1.1824429035186768,2.3626749515533447,2.311835765838623,1.8464443683624268
202,1.1834653615951538,2.359123468399048,2.31955623626709,1.8473536968231201
203,1.1906260251998901,2.379624128341675,2.2990834712982178,1.8364958763122559
204,1.1870810985565186,2.3434810638427734,2.3310699462890625,1.828628420829773
205,1.1868994235992432,2.390645742416382,2.300774574279785,1.853888988494873
206,1.1907638311386108,2.3701651096343994,2.3285350799560547,1.8487542867660522
207,1.1845500469207764,2.346831798553467,2.3238162994384766,1.831076741218567
208,1.1883983612060547,2.3587872982025146,2.332643985748291,1.8484241962432861
209,1.2056822776794434,2.3896379470825195,2.3407156467437744,1.8447636365890503
210,1.2076255083084106,2.4072611331939697,2.325632333755493,1.8521159887313843
211,1.2001495361328125,2.3910787105560303,2.317795515060425,1.839097023010254
212,1.2048274278640747,2.4083328247070312,2.31813907623291,1.8523818254470825
213,1.1947771310806274,2.381229877471924,2.3143515586853027,1.8396036624908447
214,1.2052700519561768,2.407942295074463,2.318079710006714,1.8506746292114258
215,1.2663426399230957,2.3837485313415527,2.304760456085205,1.8606384992599487
216,1.1971255540847778,2.380692481994629,2.322129726409912,1.8427499532699585
217,1.291698694229126,2.384341239929199,2.340369939804077,1.8462097644805908
218,1.287325382232666,2.399625062942505,2.31935715675354,1.8544689416885376
219,1.2094697952270508,2.4122159481048584,2.320268392562866,1.8444677591323853
220,1.366003394126892,2.5762243270874023,2.4049277305603027,1.998680830001831
221,1.2134417295455933,2.447638511657715,2.316962480545044,1.8802664279937744
222,1.221946358680725,2.424705743789673,2.3321263790130615,1.843401312828064
223,1.207190990447998,2.4125616550445557,2.3058276176452637,1.8500936031341553
224,1.21647310256958,2.4150331020355225,2.338735342025757,1.854796051979065
225,1.297027826309204,2.4075849056243896,2.325545310974121,1.8456568717956543
226,1.296026349067688,2.3906798362731934,2.3264951705932617,1.8487772941589355
227,1.2234275341033936,2.4259538650512695,2.3357253074645996,1.85618257522583
228,1.224202275276184,2.4379305839538574,2.3264875411987305,1.8639336824417114
229,1.3116726875305176,2.412397861480713,2.337630033493042,1.8524214029312134
230,1.2299604415893555,2.431516170501709,2.3308300971984863,1.8490153551101685
231,1.321366786956787,2.43579363822937,2.347141742706299,1.8645999431610107
232,1.2443780899047852,2.4821557998657227,2.329848527908325,1.8775980472564697
233,1.2550067901611328,2.4715001583099365,2.3579890727996826,1.8731293678283691
234,1.3255926370620728,2.4375534057617188,2.3410444259643555,1.850294589996338
235,1.245818018913269,2.444502353668213,2.330249071121216,1.8575239181518555
236,1.2431724071502686,2.418243169784546,2.3388991355895996,1.8411911725997925
237,1.243190884590149,2.407212734222412,2.344651460647583,1.8316994905471802
238,1.2586463689804077,2.453220844268799,2.3459460735321045,1.8557541370391846
239,1.2531639337539673,2.4413435459136963,2.3393125534057617,1.85362708568573
240,1.2623794078826904,2.457190990447998,2.34433913230896,1.8541136980056763
241,1.265792727470398,2.444640874862671,2.352498769760132,1.8438397645950317
242,1.2740204334259033,2.4882850646972656,2.3425989151000977,1.872736930847168
243,1.269960641860962,2.453132390975952,2.3492536544799805,1.8445954322814941
244,1.274194359779358,2.4697835445404053,2.3570003509521484,1.866767406463623
245,1.2934062480926514,2.4826788902282715,2.370068311691284,1.8514776229858398
246,1.2733906507492065,2.4660301208496094,2.3411505222320557,1.8604878187179565
247,1.28764009475708,2.4988088607788086,2.3594398498535156,1.8658198118209839
248,1.280551552772522,2.465263843536377,2.346320390701294,1.8359280824661255
249,1.2830771207809448,2.4910364151000977,2.341503143310547,1.8655602931976318
250,1.278723955154419,2.4696428775787354,2.3461294174194336,1.8528262376785278
251,1.277362585067749,2.470038890838623,2.3456828594207764,1.843806505203247
252,1.2885715961456299,2.5056204795837402,2.3441736698150635,1.8631888628005981
253,1.2859699726104736,2.4747159481048584,2.3529891967773438,1.8424080610275269
254,1.2861130237579346,2.4597835540771484,2.3642330169677734,1.8362268209457397
255,1.2880990505218506,2.4798617362976074,2.3545737266540527,1.843913197517395
256,1.2901033163070679,2.4882848262786865,2.3550972938537598,1.8561574220657349
257,1.288960337638855,2.482938766479492,2.3594422340393066,1.8581318855285645
258,1.2958611249923706,2.492604970932007,2.3630762100219727,1.8528443574905396
259,1.2924460172653198,2.487351417541504,2.3626203536987305,1.8599971532821655
260,1.3654550313949585,2.4836957454681396,2.377821922302246,1.8519139289855957
261,1.3763285875320435,2.4826853275299072,2.372882843017578,1.854030728340149
262,1.356408715248108,2.4666664600372314,2.3619284629821777,1.8519923686981201
263,1.3033868074417114,2.5067203044891357,2.364248037338257,1.8510075807571411
264,1.3040817975997925,2.522315502166748,2.344909906387329,1.8519505262374878
265,1.3063461780548096,2.522102117538452,2.3519482612609863,1.8525798320770264
266,1.3271139860153198,2.5761115550994873,2.369133949279785,1.8896511793136597
267,1.3122570514678955,2.530797004699707,2.36151385307312,1.8676012754440308
268,1.3261257410049438,2.554267406463623,2.3940136432647705,1.8935188055038452
269,1.3271089792251587,2.570913791656494,2.3601481914520264,1.8932708501815796
270,1.3283734321594238,2.545687437057495,2.378671169281006,1.8717617988586426
271,1.3702548742294312,2.713146448135376,2.378652572631836,1.999996304512024
272,1.3192607164382935,2.5035269260406494,2.358091115951538,1.8319759368896484
273,1.3180879354476929,2.5136499404907227,2.3546319007873535,1.85630202293396
274,1.320600152015686,2.5039141178131104,2.3624773025512695,1.8345228433609009
275,1.4093717336654663,2.5571348667144775,2.3648996353149414,1.8899471759796143
276,1.3425077199935913,2.5978786945343018,2.3566653728485107,1.8940763473510742
277,1.3189470767974854,2.4918224811553955,2.3765506744384766,1.8478471040725708
278,1.3417744636535645,2.5594592094421387,2.380246877670288,1.862738013267517
279,1.3417636156082153,2.5770046710968018,2.3578367233276367,1.870489239692688
280,1.3340749740600586,2.5310583114624023,2.3723983764648438,1.856510043144226
281,1.3321434259414673,2.5297319889068604,2.362409830093384,1.8473966121673584
282,1.343854308128357,2.5760276317596436,2.346737861633301,1.8618417978286743
283,1.3562867641448975,2.5786521434783936,2.3803348541259766,1.8585363626480103
284,1.3370943069458008,2.558429479598999,2.3522212505340576,1.863844633102417
285,1.3311710357666016,2.5401065349578857,2.350109338760376,1.8564835786819458
286,1.3538614511489868,2.589418888092041,2.360290050506592,1.8691498041152954
287,1.3369613885879517,2.5505266189575195,2.354426383972168,1.8590060472488403
288,1.3413171768188477,2.5618183612823486,2.344710350036621,1.8558499813079834
289,1.421554446220398,2.58066987991333,2.3358261585235596,1.8589190244674683
290,1.4250209331512451,2.5444295406341553,2.369065761566162,1.8513104915618896
291,1.3374744653701782,2.534937620162964,2.3681557178497314,1.8506203889846802
292,1.3582407236099243,2.5890908241271973,2.374185085296631,1.8636658191680908
293,1.3552857637405396,2.5846924781799316,2.3613784313201904,1.8620648384094238
294,1.3406676054000854,2.527306079864502,2.3683931827545166,1.8353382349014282
295,1.350902795791626,2.558225154876709,2.367973804473877,1.8414790630340576
296,1.3481574058532715,2.5317046642303467,2.377683401107788,1.8355937004089355
297,1.3677030801773071,2.592832326889038,2.3760552406311035,1.8683713674545288
298,1.3745534420013428,2.5875282287597656,2.3832099437713623,1.8438093662261963
299,1.3525865077972412,2.5580968856811523,2.3540706634521484,1.8414957523345947
300,1.358970046043396,2.5688605308532715,2.363229990005493,1.8591824769973755
301,1.3643134832382202,2.5844998359680176,2.359691858291626,1.8516950607299805
302,1.359437346458435,2.5748114585876465,2.3509275913238525,1.8515753746032715
303,1.3583825826644897,2.5515899658203125,2.356390953063965,1.82963228225708
304,1.438138723373413,2.5513248443603516,2.362255096435547,1.8437671661376953
305,1.4402393102645874,2.5469930171966553,2.371371269226074,1.8438514471054077
306,1.4356915950775146,2.5487606525421143,2.37434983253479,1.847505807876587
307,1.3807058334350586,2.6114206314086914,2.389601707458496,1.8872984647750854
308,1.3742482662200928,2.5723462104797363,2.3849496841430664,1.8432766199111938
309,1.3803740739822388,2.5995914936065674,2.395235300064087,1.865661382675171
310,1.3756344318389893,2.5690085887908936,2.399294376373291,1.8412495851516724
311,1.4626809358596802,2.5834624767303467,2.3905694484710693,1.8764114379882812
312,1.3830592632293701,2.5989949703216553,2.3991076946258545,1.8588271141052246
313,1.3784821033477783,2.570528030395508,2.3975651264190674,1.8377628326416016
314,1.3968627452850342,2.637299060821533,2.399554967880249,1.8914722204208374
315,1.4561455249786377,2.5429975986480713,2.3910927772521973,1.854922890663147
316,1.378928303718567,2.5839877128601074,2.3912322521209717,1.846614122390747
317,1.3706870079040527,2.5713119506835938,2.3822381496429443,1.8384212255477905
318,1.3758926391601562,2.5694751739501953,2.3878984451293945,1.837217926979065
319,1.3787686824798584,2.571484088897705,2.404550075531006,1.8527253866195679
320,1.3806052207946777,2.577738046646118,2.3915185928344727,1.8382807970046997
321,1.4618866443634033,2.541274309158325,2.384523868560791,1.8376542329788208
322,1.3862122297286987,2.594710111618042,2.399186134338379,1.8594871759414673
323,1.3856840133666992,2.6170759201049805,2.37908935546875,1.8785532712936401
324,1.3823155164718628,2.588475227355957,2.3870248794555664,1.849534034729004
325,1.3826910257339478,2.5878725051879883,2.385840654373169,1.8467903137207031
326,1.3797338008880615,2.568289279937744,2.3896913528442383,1.8281970024108887
327,1.393557071685791,2.608588218688965,2.3900558948516846,1.8598288297653198
328,1.39506995677948,2.607619524002075,2.394709587097168,1.8487626314163208
329,1.381250262260437,2.5816304683685303,2.3895034790039062,1.855446696281433
330,1.3810756206512451,2.571608543395996,2.3973617553710938,1.8423649072647095
331,1.4854735136032104,2.5507054328918457,2.3893020153045654,1.844420075416565
332,1.383455514907837,2.568634271621704,2.391639471054077,1.8333905935287476
333,1.3872692584991455,2.5864439010620117,2.391494035720825,1.8486762046813965
334,1.3907504081726074,2.610656976699829,2.3867383003234863,1.880601167678833
335,1.3763178586959839,2.5585989952087402,2.3845677375793457,1.8318084478378296
336,1.4057589769363403,2.677929401397705,2.4031054973602295,1.9411386251449585
337,1.3819392919540405,2.574495553970337,2.386565923690796,1.840434193611145
338,1.4138160943984985,2.683621644973755,2.3940799236297607,1.9288015365600586
339,1.4129459857940674,2.6591150760650635,2.4033663272857666,1.9063271284103394
340,1.4037001132965088,2.6632134914398193,2.395001173019409,1.9417600631713867
341,1.391359567642212,2.6299469470977783,2.365466833114624,1.880204677581787
342,1.4160064458847046,2.636204719543457,2.4129559993743896,1.8784724473953247
343,1.4190279245376587,2.641714334487915,2.4130618572235107,1.874827265739441
344,1.394296646118164,2.601569414138794,2.379436731338501,1.8533906936645508
345,1.3855130672454834,2.5598013401031494,2.3928041458129883,1.8276407718658447
346,1.3980491161346436,2.6072745323181152,2.392406702041626,1.8612191677093506
347,1.4036754369735718,2.605881690979004,2.408339023590088,1.8479019403457642
348,1.4024837017059326,2.605910539627075,2.4033708572387695,1.8528048992156982
349,1.4167872667312622,2.6226248741149902,2.413043737411499,1.8537099361419678
350,1.3964952230453491,2.5906484127044678,2.393047571182251,1.8533380031585693
351,1.410304307937622,2.609241008758545,2.402839422225952,1.864214301109314
352,1.391865611076355,2.5843346118927,2.3843235969543457,1.866660237312317
353,1.402325987815857,2.577569007873535,2.396003484725952,1.8347584009170532
354,1.4184197187423706,2.6107916831970215,2.4223570823669434,1.8538196086883545
355,1.4037916660308838,2.603854179382324,2.3858802318573,1.8493320941925049
356,1.4058150053024292,2.6102335453033447,2.3827242851257324,1.8528896570205688
357,1.3926982879638672,2.5707204341888428,2.3824944496154785,1.8447200059890747
358,1.4088897705078125,2.5870120525360107,2.4088807106018066,1.8406740427017212
359,1.390201210975647,2.551846504211426,2.390310049057007,1.841731309890747
360,1.3946579694747925,2.572089433670044,2.3755338191986084,1.8335009813308716
