1,2.7068333625793457,0.9360172748565674,3.8404457569122314,0.8482295870780945
2,2.0804576873779297,0.9626880288124084,3.223841667175293,1.1475393772125244
3,1.930137276649475,0.9787552356719971,3.0612823963165283,1.1666395664215088
4,1.733204960823059,0.9866346120834351,2.9085276126861572,1.1862916946411133
5,1.598160743713379,1.0044076442718506,2.890784740447998,1.1945208311080933
6,1.598160743713379,1.0044076442718506,2.890784740447998,1.1945208311080933
7,0.6846922039985657,0.8100619912147522,2.030630111694336,1.5763354301452637
8,0.5567318201065063,0.7599228024482727,1.9205162525177002,1.6421294212341309
9,0.5717566013336182,0.7989599704742432,1.886176347732544,1.6257351636886597
10,0.5307570099830627,0.8067810535430908,1.8288847208023071,1.6423043012619019
11,0.532745361328125,0.7909977436065674,1.848132848739624,1.633776307106018
12,0.5009662508964539,0.8307396173477173,1.839581847190857,1.7164506912231445
13,0.5233292579650879,0.8215916156768799,1.8402479887008667,1.6698188781738281
14,0.5007851123809814,0.8217386603355408,1.8167622089385986,1.678395390510559
15,0.4880242645740509,0.8461266160011292,1.8078696727752686,1.7016690969467163
16,0.4717795252799988,0.832260251045227,1.801508903503418,1.6819909811019897
17,0.4785260558128357,0.8423457741737366,1.8071781396865845,1.7011610269546509
18,0.4557553231716156,0.884038507938385,1.8122979402542114,1.7672491073608398
19,0.4742259085178375,0.8594984412193298,1.815403699874878,1.702315092086792
20,0.46300798654556274,0.8683581352233887,1.8097304105758667,1.7323741912841797
21,0.46224266290664673,0.88608318567276,1.8166130781173706,1.7316265106201172
22,0.45562273263931274,0.8951822519302368,1.8097529411315918,1.7373414039611816
23,0.45517104864120483,0.9140653014183044,1.7951453924179077,1.7076210975646973
24,0.4594045877456665,0.9446078538894653,1.8397291898727417,1.769754409790039
25,0.43968066573143005,0.9510602951049805,1.8394767045974731,1.7893667221069336
26,0.4680413007736206,0.9362744688987732,1.8328361511230469,1.736770749092102
27,0.464662104845047,0.9364383220672607,1.8382117748260498,1.7365273237228394
28,0.45437440276145935,0.9289734959602356,1.8357919454574585,1.7481144666671753
29,0.44691693782806396,0.9689075946807861,1.8362488746643066,1.769919753074646
30,0.44004955887794495,0.9697604179382324,1.8158516883850098,1.755605936050415
31,0.4335823357105255,1.0196921825408936,1.846052885055542,1.8149954080581665
32,0.4365164041519165,0.9891537427902222,1.831309199333191,1.7804161310195923
33,0.4741697311401367,1.0106481313705444,1.8754647970199585,1.7801131010055542
34,0.4416462779045105,1.02839195728302,1.8489582538604736,1.8018016815185547
35,0.44535210728645325,1.0152490139007568,1.8581812381744385,1.7795666456222534
36,0.44356727600097656,1.0181097984313965,1.8580231666564941,1.7890430688858032
37,0.458871454000473,1.0334748029708862,1.868734359741211,1.7853751182556152
38,0.46027758717536926,1.0296580791473389,1.8623356819152832,1.7637226581573486
39,0.43765074014663696,1.0656484365463257,1.8363999128341675,1.793359398841858
40,0.4649779200553894,1.0694773197174072,1.8760536909103394,1.782225251197815
41,0.45477432012557983,1.1256330013275146,1.8855669498443604,1.8487269878387451
42,0.4559624195098877,1.0768764019012451,1.863567590713501,1.7816784381866455
43,0.479533314704895,1.0721744298934937,1.8908252716064453,1.782358169555664
44,0.442611426115036,1.0812795162200928,1.850775122642517,1.7967420816421509
45,0.4726875424385071,1.1080371141433716,1.9001574516296387,1.8100401163101196
46,0.4596725106239319,1.1282774209976196,1.880266785621643,1.820858120918274
47,0.46142858266830444,1.1402620077133179,1.8864047527313232,1.8344604969024658
48,0.46680155396461487,1.1472753286361694,1.8818411827087402,1.8185250759124756
49,0.4585650861263275,1.129628300666809,1.8718342781066895,1.7924137115478516
50,0.45962876081466675,1.1363247632980347,1.8694802522659302,1.7924110889434814
51,0.4885007441043854,1.1339062452316284,1.9165805578231812,1.7945727109909058
52,0.4727920591831207,1.168660283088684,1.8932454586029053,1.818705677986145
53,0.4758584201335907,1.1233004331588745,1.9059237241744995,1.7886327505111694
54,0.4775647819042206,1.167410135269165,1.8814606666564941,1.8195521831512451
55,0.46478527784347534,1.210703730583191,1.8634493350982666,1.8279274702072144
56,0.4754473567008972,1.1707351207733154,1.8870774507522583,1.7974355220794678
57,0.48535361886024475,1.1470940113067627,1.9107452630996704,1.804146647453308
58,0.48401525616645813,1.161374807357788,1.8978437185287476,1.7901949882507324
59,0.4711412191390991,1.1611802577972412,1.8972570896148682,1.8365205526351929
60,0.48356708884239197,1.1770771741867065,1.9071658849716187,1.806943416595459
61,0.4897405505180359,1.1911901235580444,1.9237415790557861,1.8282861709594727
62,0.4711471199989319,1.1930075883865356,1.882523775100708,1.8246889114379883
63,0.48543503880500793,1.204627513885498,1.8766967058181763,1.7990881204605103
64,0.4933743476867676,1.1959948539733887,1.9074900150299072,1.8147599697113037
65,0.4753652513027191,1.1932551860809326,1.8747533559799194,1.8028433322906494
66,0.5142960548400879,1.2169448137283325,1.9423699378967285,1.8295435905456543
67,0.4946795403957367,1.2389850616455078,1.892069935798645,1.8224022388458252
68,0.5028841495513916,1.2372642755508423,1.8986302614212036,1.8060508966445923
69,0.5014522671699524,1.2281715869903564,1.9346942901611328,1.8332916498184204
70,0.49285924434661865,1.2318406105041504,1.915127158164978,1.8573662042617798
71,0.5154410004615784,1.2517362833023071,1.9474929571151733,1.879569411277771
72,0.5020085573196411,1.2299755811691284,1.905674934387207,1.818915843963623
73,0.5059158802032471,1.2323092222213745,1.9191579818725586,1.8102474212646484
74,0.4945138990879059,1.2453653812408447,1.8946815729141235,1.808298110961914
75,0.5339610576629639,1.3112409114837646,1.979544758796692,1.8916151523590088
76,0.5015048980712891,1.2581560611724854,1.902605652809143,1.840631365776062
77,0.5207350254058838,1.2362959384918213,1.943650245666504,1.830721139907837
78,0.5199626684188843,1.2434577941894531,1.9050050973892212,1.7782104015350342
79,0.5301719307899475,1.2902220487594604,1.9144645929336548,1.82371985912323
80,0.5157929062843323,1.2979345321655273,1.9084386825561523,1.835677981376648
81,0.5220555663108826,1.2999941110610962,1.9045356512069702,1.8291453123092651
82,0.5223127603530884,1.3065636157989502,1.9118335247039795,1.841113805770874
83,0.5251449942588806,1.2913281917572021,1.9411407709121704,1.8376047611236572
84,0.55372554063797,1.3191461563110352,1.979493498802185,1.8755548000335693
85,0.529299259185791,1.2458685636520386,1.9192956686019897,1.8185651302337646
86,0.5316827297210693,1.3073431253433228,1.9290962219238281,1.8363128900527954
87,0.5546582937240601,1.303495168685913,1.9777297973632812,1.8764164447784424
88,0.5360451340675354,1.3477702140808105,1.9280383586883545,1.8557873964309692
89,0.560027003288269,1.3282400369644165,1.960816740989685,1.844787836074829
90,0.5575873851776123,1.3262189626693726,1.9226747751235962,1.7937926054000854
91,0.5361537337303162,1.3395463228225708,1.9195756912231445,1.8298749923706055
92,0.5447730422019958,1.3246498107910156,1.9313359260559082,1.8155553340911865
93,0.5514640808105469,1.3236265182495117,1.9426945447921753,1.794373869895935
94,0.543983519077301,1.3562790155410767,1.948598027229309,1.8361643552780151
95,0.5466318726539612,1.4540711641311646,1.9784398078918457,1.9455090761184692
96,0.5592289566993713,1.3125144243240356,1.9656810760498047,1.8407297134399414
97,0.5449941158294678,1.382224202156067,1.931061863899231,1.8622163534164429
98,0.5614967346191406,1.3940256834030151,1.941752552986145,1.8423610925674438
99,0.5482855439186096,1.3584634065628052,1.92075514793396,1.8439853191375732
100,0.5736821293830872,1.3558111190795898,1.9712775945663452,1.8360117673873901
101,0.5385136604309082,1.3626524209976196,1.9230197668075562,1.8369851112365723
102,0.5629987716674805,1.3800688982009888,1.9597584009170532,1.8481032848358154
103,0.558666467666626,1.3939895629882812,1.9312561750411987,1.8600612878799438
104,0.5807649493217468,1.3874348402023315,1.9467723369598389,1.8202091455459595
105,0.5594066977500916,1.3950508832931519,1.9223896265029907,1.8397676944732666
106,0.5830309391021729,1.487057089805603,1.988908052444458,1.9427801370620728
107,0.5829739570617676,1.368834137916565,1.949678897857666,1.8152776956558228
108,0.565805971622467,1.4067316055297852,1.928405523300171,1.8551231622695923
109,0.5870599150657654,1.3847665786743164,1.939570665359497,1.8008168935775757
110,0.5805352330207825,1.3921750783920288,1.9539722204208374,1.834274172782898
111,0.5522966384887695,1.4359487295150757,1.9031263589859009,1.8483701944351196
112,0.5811935663223267,1.4711432456970215,1.9636507034301758,1.9169220924377441
113,0.569296658039093,1.4514762163162231,1.9461731910705566,1.901419758796692
114,0.5903788208961487,1.446882724761963,1.948595404624939,1.8521325588226318
115,0.567271888256073,1.413050889968872,1.9297351837158203,1.844627022743225
116,0.5868528485298157,1.4723562002182007,1.9358940124511719,1.852126121520996
117,0.5857164859771729,1.487810492515564,1.9519516229629517,1.8756366968154907
118,0.5779628157615662,1.4167277812957764,1.9340496063232422,1.8322604894638062
119,0.582356870174408,1.4377355575561523,1.92594313621521,1.8265585899353027
120,0.5907159447669983,1.4516630172729492,1.9530456066131592,1.8565691709518433
121,0.5908322334289551,1.4638012647628784,1.9635480642318726,1.876974105834961
122,0.6048967838287354,1.4637415409088135,1.9727917909622192,1.8592774868011475
123,0.595108151435852,1.4272758960723877,1.9552885293960571,1.8490352630615234
124,0.5975014567375183,1.4670772552490234,1.9394909143447876,1.8519421815872192
125,0.5862912535667419,1.474855661392212,1.94343101978302,1.8658424615859985
126,0.6104710698127747,1.442504644393921,1.9788331985473633,1.830695390701294
127,0.5993063449859619,1.510696291923523,1.9426908493041992,1.870436191558838
128,0.6142482757568359,1.4827836751937866,1.9680119752883911,1.8520381450653076
129,0.6013742685317993,1.4818496704101562,1.9377118349075317,1.8394845724105835
130,0.6110180020332336,1.491608738899231,1.9637473821640015,1.8548959493637085
131,0.6050852537155151,1.4887603521347046,1.9371016025543213,1.8563175201416016
132,0.6152814030647278,1.483404517173767,1.9705814123153687,1.8493471145629883
133,0.5989799499511719,1.5524868965148926,1.94193696975708,1.9088776111602783
134,0.6107791662216187,1.4785233736038208,1.9565091133117676,1.860491156578064
135,0.6384863257408142,1.5297832489013672,2.018871784210205,1.9014859199523926
136,0.6301383376121521,1.4921197891235352,1.9836077690124512,1.8301392793655396
137,0.6218791604042053,1.540930986404419,1.951366901397705,1.860761046409607
138,0.621025800704956,1.4908030033111572,1.9749106168746948,1.8615994453430176
139,0.6435882449150085,1.5249788761138916,1.99638831615448,1.861061692237854
140,0.6229230165481567,1.5250886678695679,1.9379242658615112,1.8392071723937988
141,0.6222254037857056,1.527728796005249,1.9351552724838257,1.8378918170928955
142,0.6235329508781433,1.543311357498169,1.9281487464904785,1.8572754859924316
143,0.6720031499862671,1.6255310773849487,2.1226696968078613,2.0127885341644287
144,0.6228422522544861,1.4961745738983154,1.966901421546936,1.8656219244003296
145,0.6210131645202637,1.5159186124801636,1.968679666519165,1.8903045654296875
146,0.6148646473884583,1.506807565689087,1.9241763353347778,1.8573126792907715
147,0.6267587542533875,1.4792920351028442,1.960012674331665,1.832289218902588
148,0.6535785794258118,1.4886006116867065,1.9676858186721802,1.835360050201416
149,0.6311595439910889,1.5199387073516846,1.9553724527359009,1.8587599992752075
150,0.6334437131881714,1.5286449193954468,1.9396964311599731,1.8414678573608398
151,0.6414032578468323,1.5648210048675537,1.956281304359436,1.8726794719696045
152,0.6302759647369385,1.649221420288086,1.8875727653503418,1.844067096710205
153,0.6294306516647339,1.6486619710922241,1.887717604637146,1.8330376148223877
154,0.6309816837310791,1.6725224256515503,1.8756189346313477,1.8311469554901123
155,0.6289144158363342,1.6747994422912598,1.8626811504364014,1.8264621496200562
156,0.6304312348365784,1.6729986667633057,1.8638404607772827,1.8243776559829712
157,0.6349543929100037,1.6762357950210571,1.8696190118789673,1.8119076490402222
158,0.6363946199417114,1.7010293006896973,1.8711354732513428,1.8368881940841675
159,0.6344935894012451,1.6863899230957031,1.8673228025436401,1.8214945793151855
160,0.6340151429176331,1.6680281162261963,1.863802433013916,1.8062077760696411
161,0.6399762034416199,1.6888436079025269,1.8724236488342285,1.8053168058395386
162,0.6354818344116211,1.6704647541046143,1.8720837831497192,1.8134992122650146
163,0.6388216018676758,1.693283200263977,1.8571103811264038,1.8099356889724731
164,0.6352630853652954,1.6742864847183228,1.8731788396835327,1.8124275207519531
165,0.6348369717597961,1.701239824295044,1.862843632698059,1.8245840072631836
166,0.6393256187438965,1.6925876140594482,1.8666036128997803,1.8122732639312744
167,0.6366394758224487,1.6702015399932861,1.871874213218689,1.8000426292419434
168,0.6464608907699585,1.7020628452301025,1.8654502630233765,1.798757791519165
169,0.6414138078689575,1.6880347728729248,1.866767406463623,1.7970629930496216
170,0.6470115780830383,1.7066142559051514,1.8634474277496338,1.795345425605774
171,0.6440417170524597,1.7002004384994507,1.8688485622406006,1.8019222021102905
172,0.649057149887085,1.7045389413833618,1.8756756782531738,1.7922656536102295
173,0.6466978192329407,1.6972061395645142,1.8754206895828247,1.7967830896377563
174,0.6411640644073486,1.7095662355422974,1.8604580163955688,1.7935290336608887
175,0.6483910083770752,1.7177705764770508,1.880806565284729,1.8151284456253052
176,0.6442620754241943,1.7013462781906128,1.8627421855926514,1.7955052852630615
177,0.6433964371681213,1.719574213027954,1.8578314781188965,1.806091070175171
178,0.6432558298110962,1.6972551345825195,1.8657153844833374,1.7906725406646729
179,0.6454037427902222,1.6954071521759033,1.8699002265930176,1.7888249158859253
180,0.6495748162269592,1.7155989408493042,1.8601559400558472,1.791456937789917
181,0.6482366323471069,1.7187726497650146,1.8651587963104248,1.796472430229187
182,0.6462586522102356,1.7136144638061523,1.8681737184524536,1.8007898330688477
183,0.6507752537727356,1.7188776731491089,1.863625168800354,1.787827968597412
184,0.6412367820739746,1.722409725189209,1.8479825258255005,1.8003069162368774
185,0.6531496047973633,1.7147713899612427,1.8787431716918945,1.798524022102356
186,0.6521689295768738,1.732222318649292,1.8665436506271362,1.7980011701583862
187,0.6483981609344482,1.7406295537948608,1.872267723083496,1.817575216293335
188,0.6487315893173218,1.7378584146499634,1.8613413572311401,1.8038256168365479
189,0.6469714045524597,1.7145326137542725,1.864450216293335,1.7998398542404175
190,0.6535758972167969,1.7223585844039917,1.8698824644088745,1.7881791591644287
191,0.6517645716667175,1.6916805505752563,1.8817625045776367,1.7876126766204834
192,0.6506742238998413,1.6993353366851807,1.8661830425262451,1.7784581184387207
193,0.6554028391838074,1.731980562210083,1.8721649646759033,1.7918528318405151
194,0.6551316380500793,1.7315572500228882,1.866222620010376,1.794723629951477
195,0.6539202928543091,1.7460589408874512,1.8671729564666748,1.8092036247253418
196,0.6510312557220459,1.7329611778259277,1.8590093851089478,1.8017170429229736
197,0.6578742861747742,1.735934853553772,1.873494267463684,1.7940176725387573
198,0.660406768321991,1.7356104850769043,1.8639434576034546,1.7801930904388428
199,0.6581527590751648,1.7401009798049927,1.871254801750183,1.796375036239624
200,0.6712067723274231,1.8787226676940918,1.9161529541015625,1.9425685405731201
201,0.6618217825889587,1.7608734369277954,1.871983289718628,1.7991859912872314
202,0.6662585139274597,1.8557342290878296,1.9040896892547607,1.9150643348693848
203,0.6539775729179382,1.7626287937164307,1.8808966875076294,1.859195590019226
204,0.6545109152793884,1.7458140850067139,1.870761752128601,1.8205490112304688
205,0.6639004945755005,1.7654882669448853,1.8808857202529907,1.8194243907928467
206,0.6691256761550903,1.8949567079544067,1.886910319328308,1.9361777305603027
207,0.6686790585517883,1.7754838466644287,1.8885506391525269,1.8235207796096802
208,0.6757862567901611,1.7929482460021973,1.8902314901351929,1.8130215406417847
209,0.6712020635604858,1.7772613763809204,1.8896645307540894,1.8165875673294067
210,0.6631031036376953,1.7576693296432495,1.8897777795791626,1.820152997970581
211,0.6600717902183533,1.7695640325546265,1.8742413520812988,1.8274608850479126
212,0.6656836271286011,1.7758539915084839,1.8911237716674805,1.825665831565857
213,0.6684948205947876,1.7611134052276611,1.8845510482788086,1.7995281219482422
214,0.669572651386261,1.7528197765350342,1.8884174823760986,1.7998292446136475
215,0.6766439080238342,1.7929097414016724,1.878434658050537,1.813265085220337
216,0.6766078472137451,1.7797987461090088,1.9012582302093506,1.8190869092941284
217,0.6736473441123962,1.7778569459915161,1.8903355598449707,1.8089338541030884
218,0.6675100922584534,1.769102931022644,1.8791935443878174,1.7974576950073242
219,0.6630114912986755,1.7613710165023804,1.8830410242080688,1.8225975036621094
220,0.673466682434082,1.7481063604354858,1.9049485921859741,1.807085394859314
221,0.671970546245575,1.765630841255188,1.8946287631988525,1.8077058792114258
222,0.6757780313491821,1.7760366201400757,1.8999377489089966,1.813747763633728
223,0.6714169383049011,1.7823737859725952,1.895417332649231,1.8197976350784302
224,0.6744347214698792,1.7528902292251587,1.9062613248825073,1.809891700744629
225,0.665046751499176,1.7523572444915771,1.8809782266616821,1.804085612297058
226,0.6768202185630798,1.7788519859313965,1.8964300155639648,1.822309136390686
227,0.6604138016700745,1.7603368759155273,1.8739879131317139,1.806414246559143
228,0.6757245063781738,1.7937512397766113,1.8909157514572144,1.8139498233795166
229,0.6734316945075989,1.7517534494400024,1.8826489448547363,1.7830314636230469
230,0.6661543250083923,1.761688232421875,1.881293773651123,1.8129299879074097
231,0.6783010363578796,1.7826124429702759,1.8864959478378296,1.8039840459823608
232,0.6723827719688416,1.7806466817855835,1.8823823928833008,1.8134255409240723
233,0.6717559695243835,1.7504061460494995,1.8841407299041748,1.7868239879608154
234,0.6739866137504578,1.773462176322937,1.8896119594573975,1.8053938150405884
235,0.6710795164108276,1.7529516220092773,1.883569359779358,1.7851243019104004
236,0.6744384169578552,1.8023966550827026,1.8759347200393677,1.8196038007736206
237,0.676454484462738,1.8014382123947144,1.885870099067688,1.8083652257919312
238,0.680061399936676,1.7816826105117798,1.8899463415145874,1.7976199388504028
239,0.6790631413459778,1.781753659248352,1.8784886598587036,1.7973642349243164
240,0.6785213351249695,1.7790285348892212,1.8814828395843506,1.795685887336731
241,0.6677215695381165,1.7809864282608032,1.8793607950210571,1.8157727718353271
242,0.6748607754707336,1.770082712173462,1.891313076019287,1.7982298135757446
243,0.6792947053909302,1.7904682159423828,1.8837794065475464,1.8015185594558716
244,0.6717501878738403,1.766526222229004,1.8783732652664185,1.7973400354385376
245,0.6701734662055969,1.781011700630188,1.874801516532898,1.8087372779846191
246,0.6711739301681519,1.7840824127197266,1.8777260780334473,1.8122117519378662
247,0.6797450184822083,1.7862225770950317,1.8849889039993286,1.8062673807144165
248,0.679143488407135,1.7859140634536743,1.8918837308883667,1.8130403757095337
249,0.6859577298164368,1.7880008220672607,1.9030653238296509,1.8023066520690918
250,0.679891049861908,1.782976508140564,1.890091061592102,1.7956514358520508
251,0.6706789135932922,1.7621673345565796,1.865949034690857,1.7823961973190308
252,0.6787499785423279,1.7758651971817017,1.8923523426055908,1.789107084274292
253,0.6773070693016052,1.7593921422958374,1.8910162448883057,1.7870256900787354
254,0.6830870509147644,1.770926594734192,1.9028393030166626,1.7918059825897217
255,0.6806830763816833,1.7720494270324707,1.896320104598999,1.7875773906707764
256,0.6777505874633789,1.7919496297836304,1.8804322481155396,1.8016958236694336
257,0.6802552938461304,1.7801976203918457,1.8849090337753296,1.7947441339492798
258,0.674477756023407,1.7796483039855957,1.8841084241867065,1.803432583808899
259,0.6711539626121521,1.782843828201294,1.864127516746521,1.8007670640945435
260,0.6736499071121216,1.7809191942214966,1.8734720945358276,1.7947648763656616
261,0.6763544082641602,1.781392216682434,1.8804842233657837,1.7971020936965942
262,0.6781870126724243,1.7756667137145996,1.8866722583770752,1.78994619846344
263,0.6793798208236694,1.7675316333770752,1.8996381759643555,1.7971092462539673
264,0.6836791634559631,1.7861758470535278,1.88522207736969,1.7805769443511963
265,0.6827231049537659,1.7856312990188599,1.8873707056045532,1.7889121770858765
266,0.6869798898696899,1.7894009351730347,1.8881714344024658,1.7862334251403809
267,0.6761747598648071,1.7639082670211792,1.8891770839691162,1.794908881187439
268,0.678709089756012,1.7861807346343994,1.8836358785629272,1.801232099533081
269,0.6869654059410095,1.801180124282837,1.8856894969940186,1.8046586513519287
270,0.6807347536087036,1.7820857763290405,1.8909779787063599,1.7991386651992798
271,0.6805039048194885,1.795040249824524,1.8893858194351196,1.8134163618087769
272,0.6802555322647095,1.8033168315887451,1.8830771446228027,1.8169724941253662
273,0.6780794858932495,1.7817418575286865,1.888931393623352,1.8075220584869385
274,0.6747836470603943,1.8009032011032104,1.8704497814178467,1.8085014820098877
275,0.6849812865257263,1.7870100736618042,1.8943850994110107,1.7990962266921997
276,0.6817979216575623,1.7745122909545898,1.893297791481018,1.7887519598007202
277,0.6710734367370605,1.7777342796325684,1.877915382385254,1.8059625625610352
278,0.675989031791687,1.776440143585205,1.8797184228897095,1.7891584634780884
279,0.6806557774543762,1.7632390260696411,1.8908747434616089,1.7819916009902954
280,0.681505560874939,1.7646150588989258,1.8948702812194824,1.7856258153915405
281,0.6782786846160889,1.7808115482330322,1.8945319652557373,1.7995694875717163
282,0.6804462671279907,1.765419840812683,1.8937314748764038,1.7886826992034912
283,0.6862309575080872,1.7832019329071045,1.899445652961731,1.7926348447799683
284,0.6806029677391052,1.77933669090271,1.890580415725708,1.803244948387146
285,0.6806943416595459,1.7785849571228027,1.888867735862732,1.8026529550552368
286,0.6800926923751831,1.793605923652649,1.8772246837615967,1.802466869354248
287,0.6813666820526123,1.7822859287261963,1.87848961353302,1.7899832725524902
288,0.6752619743347168,1.7782856225967407,1.869727611541748,1.7932604551315308
289,0.6821757555007935,1.7969576120376587,1.8828102350234985,1.7947689294815063
290,0.6887144446372986,1.773285150527954,1.8905946016311646,1.7734018564224243
291,0.6830008625984192,1.795958399772644,1.8750354051589966,1.792325735092163
292,0.679645299911499,1.7760934829711914,1.8811700344085693,1.7960176467895508
293,0.6813241839408875,1.7976065874099731,1.8730995655059814,1.7982443571090698
294,0.6798915863037109,1.772835373878479,1.881250262260437,1.7858994007110596
295,0.6947135925292969,1.8056789636611938,1.9025160074234009,1.7973679304122925
296,0.6826984882354736,1.7906252145767212,1.886553406715393,1.794773817062378
297,0.6868525743484497,1.795578122138977,1.8807092905044556,1.7891314029693604
298,0.675956130027771,1.792328119277954,1.8757225275039673,1.8043439388275146
299,0.6832671165466309,1.7918862104415894,1.8878307342529297,1.7974971532821655
300,0.6841254234313965,1.8069772720336914,1.8737860918045044,1.7956047058105469
301,0.6953657865524292,1.797826886177063,1.8988299369812012,1.7909821271896362
302,0.6847383975982666,1.803174376487732,1.8796268701553345,1.8005987405776978
303,0.6867736577987671,1.8068597316741943,1.8806074857711792,1.7957528829574585
304,0.6843156218528748,1.8184820413589478,1.8656178712844849,1.7980464696884155
305,0.6875101327896118,1.8023771047592163,1.8876926898956299,1.7939621210098267
306,0.6911829113960266,1.8096798658370972,1.8902320861816406,1.7983472347259521
307,0.6919435858726501,1.807469129562378,1.8822776079177856,1.784545660018921
308,0.6888206005096436,1.8082963228225708,1.880458950996399,1.7906427383422852
309,0.6822974681854248,1.8008298873901367,1.875225305557251,1.7957857847213745
310,0.6890065670013428,1.8238879442214966,1.8686951398849487,1.7927522659301758
311,0.6871876120567322,1.8089243173599243,1.8826501369476318,1.7975809574127197
312,0.6898245215415955,1.8098753690719604,1.8837019205093384,1.7891262769699097
313,0.687033474445343,1.8195916414260864,1.8719539642333984,1.795067548751831
314,0.6926047205924988,1.8066734075546265,1.8899065256118774,1.7894195318222046
315,0.6894062757492065,1.8017693758010864,1.8925786018371582,1.7891004085540771
316,0.6934855580329895,1.8123270273208618,1.8841705322265625,1.7776424884796143
317,0.685427725315094,1.7872954607009888,1.879327416419983,1.7821226119995117
318,0.6829546093940735,1.796991229057312,1.8757996559143066,1.7867833375930786
319,0.6782069802284241,1.7985188961029053,1.8687163591384888,1.7978026866912842
320,0.6877886652946472,1.8118972778320312,1.8809112310409546,1.7904558181762695
321,0.6887001395225525,1.8214690685272217,1.8763569593429565,1.7907416820526123
322,0.6855459809303284,1.8097690343856812,1.8797543048858643,1.790639042854309
323,0.6885933876037598,1.8139842748641968,1.8784269094467163,1.7878466844558716
324,0.6917941570281982,1.8125718832015991,1.8812506198883057,1.7831311225891113
325,0.6888070106506348,1.82126784324646,1.8843647241592407,1.8012361526489258
326,0.6889320015907288,1.8028439283370972,1.883360743522644,1.7803430557250977
327,0.6874050498008728,1.8245604038238525,1.8769924640655518,1.801138997077942
328,0.6874345541000366,1.8058674335479736,1.873329758644104,1.780135154724121
329,0.6852400898933411,1.8176392316818237,1.8762060403823853,1.7991887331008911
330,0.6867243051528931,1.8089537620544434,1.8776603937149048,1.7899671792984009
331,0.6864701509475708,1.8074951171875,1.8791743516921997,1.7920359373092651
332,0.6813074946403503,1.806499719619751,1.8687227964401245,1.7913272380828857
333,0.6834198832511902,1.8049635887145996,1.878694772720337,1.7927640676498413
334,0.6883400082588196,1.820006012916565,1.882239580154419,1.7992472648620605
335,0.6860791444778442,1.8139334917068481,1.8782519102096558,1.7926025390625
336,0.6859697103500366,1.808729648590088,1.8735309839248657,1.7865283489227295
337,0.6887364387512207,1.8063855171203613,1.8808573484420776,1.7870957851409912
338,0.6889926791191101,1.794639229774475,1.8930789232254028,1.7848739624023438
339,0.6937358975410461,1.8118518590927124,1.8854408264160156,1.7848312854766846
340,0.6872963309288025,1.8045152425765991,1.8732892274856567,1.7813642024993896
341,0.6896538138389587,1.8091646432876587,1.8790665864944458,1.7841765880584717
342,0.6884738206863403,1.8014501333236694,1.8873790502548218,1.7915431261062622
343,0.6811363101005554,1.7963836193084717,1.8787633180618286,1.7887533903121948
344,0.6838002800941467,1.7841545343399048,1.882320523262024,1.7744519710540771
345,0.6831928491592407,1.8067002296447754,1.8714237213134766,1.7884215116500854
346,0.6883341073989868,1.8086479902267456,1.879746437072754,1.784741759300232
347,0.6910445094108582,1.7984362840652466,1.8940894603729248,1.7823444604873657
348,0.6890075206756592,1.815686583518982,1.8779906034469604,1.7884925603866577
349,0.6797311305999756,1.8019365072250366,1.8605953454971313,1.7856556177139282
350,0.6875879764556885,1.7945581674575806,1.891289234161377,1.7839463949203491
351,0.6820284724235535,1.793294072151184,1.8689569234848022,1.779297947883606
352,0.6852354407310486,1.7905373573303223,1.879634141921997,1.7800087928771973
353,0.6915488839149475,1.8055697679519653,1.891977071762085,1.7834692001342773
354,0.6847496628761292,1.7920582294464111,1.8763850927352905,1.7767783403396606
355,0.6870917677879333,1.7994202375411987,1.8774892091751099,1.7793586254119873
356,0.6864485740661621,1.7937618494033813,1.876129150390625,1.7783483266830444
357,0.6869845390319824,1.803214192390442,1.8758217096328735,1.7861244678497314
358,0.6900392174720764,1.8093217611312866,1.8824907541275024,1.781731367111206
359,0.6837719082832336,1.8244398832321167,1.8721939325332642,1.8009792566299438
360,0.6835095286369324,1.7866690158843994,1.8725312948226929,1.7728737592697144
