1,1.3343418836593628,0.8639655709266663,2.884906053543091,1.3671671152114868
2,1.2472697496414185,0.8703829646110535,2.378157138824463,1.3834764957427979
3,1.2308263778686523,0.8945184946060181,2.236632823944092,1.3551350831985474
4,1.0806288719177246,0.861832857131958,2.1387009620666504,1.3540371656417847
5,1.0467138290405273,0.8460808992385864,2.155693531036377,1.3202126026153564
6,1.0467973947525024,0.8461529612541199,2.155667304992676,1.3202288150787354
7,0.7493256330490112,0.7477374076843262,1.7859060764312744,1.5285534858703613
8,0.7134291529655457,0.7166232466697693,1.7410237789154053,1.550218105316162
9,0.6805202960968018,0.7023914456367493,1.7254012823104858,1.5894678831100464
10,0.5952517986297607,0.6466293334960938,1.724021315574646,1.6232589483261108
11,0.591630220413208,0.6514043807983398,1.7481144666671753,1.6656547784805298
12,0.5807508230209351,0.631701648235321,1.7566543817520142,1.6512945890426636
13,0.5883171558380127,0.6257320046424866,1.7650272846221924,1.6500118970870972
14,0.5078011751174927,0.5793198347091675,1.716770052909851,1.6733877658843994
15,0.5329148769378662,0.6016615629196167,1.7629120349884033,1.6940107345581055
16,0.5007055997848511,0.5687854290008545,1.735497236251831,1.6802947521209717
17,0.4984925091266632,0.5690051913261414,1.7365086078643799,1.6841485500335693
18,0.4655221402645111,0.547985315322876,1.7358927726745605,1.7130131721496582
19,0.4713584780693054,0.5733585357666016,1.7405046224594116,1.7355536222457886
20,0.46489667892456055,0.566197395324707,1.7502460479736328,1.731062650680542
21,0.4521820545196533,0.5548185706138611,1.7330982685089111,1.7109801769256592
22,0.4660070538520813,0.5499200820922852,1.7219548225402832,1.699020266532898
23,0.4531008005142212,0.5527718663215637,1.7624791860580444,1.7511892318725586
24,0.49706780910491943,0.5776171088218689,1.7690722942352295,1.701621651649475
25,0.45499977469444275,0.5491247177124023,1.7735929489135742,1.7241822481155396
26,0.4632209241390228,0.5654688477516174,1.7668377161026,1.7447444200515747
27,0.42935988306999207,0.5297982096672058,1.7461278438568115,1.7293866872787476
28,0.45391929149627686,0.5538946986198425,1.7274380922317505,1.7140415906906128
29,0.42039525508880615,0.5314422249794006,1.7499555349349976,1.7460154294967651
30,0.4397335648536682,0.542061448097229,1.740963339805603,1.7404452562332153
31,0.45566651225090027,0.5918062329292297,1.8265396356582642,1.8256504535675049
32,0.43051907420158386,0.5381140112876892,1.7424681186676025,1.7347558736801147
33,0.39538925886154175,0.5303713083267212,1.7607187032699585,1.788109540939331
34,0.4368881285190582,0.5416388511657715,1.78076171875,1.7607942819595337
35,0.4482403099536896,0.5532474517822266,1.8047376871109009,1.7707228660583496
36,0.4523361325263977,0.5658402442932129,1.7693238258361816,1.7423865795135498
37,0.40660423040390015,0.546170711517334,1.7463674545288086,1.7687736749649048
38,0.4176230728626251,0.5506601333618164,1.7642947435379028,1.7893471717834473
39,0.4145309031009674,0.5335438251495361,1.7754980325698853,1.7814724445343018
40,0.4236672520637512,0.5470942258834839,1.7281368970870972,1.7262746095657349
41,0.43699637055397034,0.5757391452789307,1.8443976640701294,1.8415528535842896
42,0.4353390038013458,0.5502726435661316,1.7843108177185059,1.7788373231887817
43,0.41009068489074707,0.5361422896385193,1.7766402959823608,1.7962415218353271
44,0.42531469464302063,0.535876452922821,1.7997479438781738,1.7915995121002197
45,0.3950663208961487,0.5285690426826477,1.7283364534378052,1.7793450355529785
46,0.4304223656654358,0.5621377229690552,1.7718240022659302,1.7799174785614014
47,0.4346168041229248,0.5555432438850403,1.7632166147232056,1.7742767333984375
48,0.4684683680534363,0.5703562498092651,1.7738418579101562,1.7555227279663086
49,0.4156465530395508,0.5377861261367798,1.7741647958755493,1.7975438833236694
50,0.4030044376850128,0.5557307600975037,1.7302824258804321,1.7798776626586914
51,0.4204378128051758,0.5599459409713745,1.8039662837982178,1.8453296422958374
52,0.41539594531059265,0.5515101552009583,1.7185832262039185,1.7521847486495972
53,0.4277753531932831,0.5561991930007935,1.7597025632858276,1.77324378490448
54,0.42940908670425415,0.5738215446472168,1.789044976234436,1.7987772226333618
55,0.42183980345726013,0.5780367851257324,1.7830047607421875,1.8248660564422607
56,0.4159449636936188,0.5833215713500977,1.789505124092102,1.8503332138061523
57,0.3740663528442383,0.5566403269767761,1.7180832624435425,1.8128888607025146
58,0.4338860511779785,0.5552739500999451,1.7948640584945679,1.7857862710952759
59,0.38417497277259827,0.5481886267662048,1.7478139400482178,1.8239507675170898
60,0.3947780132293701,0.5507243871688843,1.7410081624984741,1.7937867641448975
61,0.39688393473625183,0.5999687910079956,1.8602752685546875,1.9388251304626465
62,0.43900883197784424,0.5546419620513916,1.782413363456726,1.7776689529418945
63,0.39244332909584045,0.5578421354293823,1.7704122066497803,1.827307105064392
64,0.44557398557662964,0.5907571911811829,1.8465033769607544,1.8613673448562622
65,0.4181942343711853,0.5465191006660461,1.7735010385513306,1.7881932258605957
66,0.36303022503852844,0.5494443774223328,1.6918179988861084,1.7937268018722534
67,0.4115704596042633,0.553152859210968,1.7611722946166992,1.788591742515564
68,0.3981299102306366,0.5450092554092407,1.7545799016952515,1.8051040172576904
69,0.3778042793273926,0.5401971340179443,1.7426859140396118,1.8113926649093628
70,0.3957195580005646,0.5333427786827087,1.7315504550933838,1.7782169580459595
71,0.39655834436416626,0.5587787628173828,1.739431381225586,1.7975293397903442
72,0.3805738091468811,0.5453405976295471,1.7199679613113403,1.8048171997070312
73,0.3809700608253479,0.5401486754417419,1.731758713722229,1.8159608840942383
74,0.41003334522247314,0.5659899711608887,1.7468558549880981,1.8001452684402466
75,0.4270780384540558,0.5686670541763306,1.7724268436431885,1.8129802942276
76,0.3738737404346466,0.5472310185432434,1.7150858640670776,1.838531732559204
77,0.3885098993778229,0.5295495390892029,1.7055743932724,1.7599848508834839
78,0.38744020462036133,0.5594941973686218,1.7453560829162598,1.8184281587600708
79,0.4234364628791809,0.604063868522644,1.7954308986663818,1.8688230514526367
80,0.4088529348373413,0.559309720993042,1.7511789798736572,1.789284110069275
81,0.3865726888179779,0.5705832242965698,1.7414624691009521,1.827276349067688
82,0.4122302234172821,0.5768360495567322,1.735338807106018,1.8209099769592285
83,0.44482260942459106,0.5580685138702393,1.7713027000427246,1.7580556869506836
84,0.3899476230144501,0.5564526915550232,1.7322572469711304,1.8043529987335205
85,0.391338050365448,0.5433018803596497,1.711879849433899,1.7827337980270386
86,0.4023503065109253,0.5808464884757996,1.7499961853027344,1.821549654006958
87,0.4243547022342682,0.5611683130264282,1.7475552558898926,1.8047816753387451
88,0.3832519054412842,0.5607826709747314,1.7107468843460083,1.784340500831604
89,0.4624491035938263,0.6001452803611755,1.8215086460113525,1.828079342842102
90,0.4095134139060974,0.5683444738388062,1.7335431575775146,1.7965376377105713
91,0.36341291666030884,0.5700128078460693,1.6927977800369263,1.8128107786178589
92,0.39797648787498474,0.5795055627822876,1.718744158744812,1.7885510921478271
93,0.3995983600616455,0.5687060952186584,1.7577728033065796,1.8198190927505493
94,0.40321069955825806,0.5671111345291138,1.737884283065796,1.797853946685791
95,0.3995296061038971,0.5782586336135864,1.7266424894332886,1.8028652667999268
96,0.39451268315315247,0.5536964535713196,1.7287626266479492,1.8003296852111816
97,0.39342451095581055,0.5691888332366943,1.7321032285690308,1.8115787506103516
98,0.38685113191604614,0.5415706038475037,1.734083890914917,1.8134522438049316
99,0.3920687735080719,0.5609768629074097,1.6994253396987915,1.7973185777664185
100,0.42191189527511597,0.5655786395072937,1.7857741117477417,1.8014967441558838
101,0.3859401345252991,0.5742447376251221,1.6956514120101929,1.8031246662139893
102,0.3733466565608978,0.5757079720497131,1.6882933378219604,1.8174177408218384
103,0.41664770245552063,0.5876513719558716,1.7470251321792603,1.8093457221984863
104,0.3938456177711487,0.5707275867462158,1.722596287727356,1.808294415473938
105,0.40572577714920044,0.562465488910675,1.7284929752349854,1.7840098142623901
106,0.4103294909000397,0.5706758499145508,1.745398998260498,1.8047913312911987
107,0.39409688115119934,0.566618025302887,1.7097084522247314,1.8166744709014893
108,0.3741568624973297,0.5578880906105042,1.6984449625015259,1.8081555366516113
109,0.43585464358329773,0.6031266450881958,1.8183475732803345,1.8567256927490234
110,0.37431469559669495,0.5704867243766785,1.7243952751159668,1.8383859395980835
111,0.4081260859966278,0.5991231799125671,1.772885799407959,1.8674829006195068
112,0.3827912211418152,0.5702955722808838,1.7282023429870605,1.8407950401306152
113,0.40295207500457764,0.5711032748222351,1.705203890800476,1.795603632926941
114,0.37853336334228516,0.5846927762031555,1.6992894411087036,1.8186943531036377
115,0.3768218755722046,0.5694770812988281,1.7179069519042969,1.8149954080581665
116,0.3866940140724182,0.5832760334014893,1.7264959812164307,1.8293811082839966
117,0.38700568675994873,0.582435131072998,1.7078797817230225,1.8363844156265259
118,0.4010108411312103,0.6307477951049805,1.8025527000427246,1.93140709400177
119,0.436081200838089,0.568617045879364,1.7614622116088867,1.795827031135559
120,0.4281597137451172,0.5751116871833801,1.7364215850830078,1.7760646343231201
121,0.3674033284187317,0.5546126365661621,1.6832798719406128,1.8009984493255615
122,0.3742820918560028,0.5727203488349915,1.67864990234375,1.81337571144104
123,0.3822304606437683,0.5796820521354675,1.6773957014083862,1.8037105798721313
124,0.37989795207977295,0.5796979069709778,1.6890106201171875,1.794458031654358
125,0.38622424006462097,0.5812547206878662,1.749227523803711,1.8687766790390015
126,0.40519559383392334,0.5717722773551941,1.7256557941436768,1.8055992126464844
127,0.3582218587398529,0.5813835263252258,1.6777299642562866,1.8349312543869019
128,0.4013659358024597,0.5818365216255188,1.7280795574188232,1.8255237340927124
129,0.3791402578353882,0.5954020619392395,1.7348531484603882,1.8716986179351807
130,0.39791950583457947,0.5945833921432495,1.6876901388168335,1.8062400817871094
131,0.3837907910346985,0.5677943825721741,1.6894530057907104,1.8181289434432983
132,0.4031491279602051,0.5930490493774414,1.7061611413955688,1.8207865953445435
133,0.3728457987308502,0.5749052166938782,1.678300142288208,1.8154064416885376
134,0.3779808580875397,0.5805489420890808,1.6622776985168457,1.8078670501708984
135,0.37149277329444885,0.5835811495780945,1.6730130910873413,1.8214592933654785
136,0.38335204124450684,0.5845820903778076,1.6895672082901,1.7894182205200195
137,0.36882245540618896,0.5889838337898254,1.6640170812606812,1.8087056875228882
138,0.38982337713241577,0.6016011238098145,1.6686359643936157,1.812410831451416
139,0.40692293643951416,0.5873209238052368,1.7141937017440796,1.8112974166870117
140,0.3681958019733429,0.5830555558204651,1.7098768949508667,1.8563648462295532
141,0.38013479113578796,0.5720260143280029,1.6950061321258545,1.828139066696167
142,0.36598265171051025,0.5818151235580444,1.6829344034194946,1.8417176008224487
143,0.38566166162490845,0.5972270369529724,1.7197685241699219,1.8432226181030273
144,0.4015483558177948,0.5918077826499939,1.7130142450332642,1.8262786865234375
145,0.3734809160232544,0.5939517021179199,1.676550030708313,1.8034623861312866
146,0.3742567300796509,0.6175848841667175,1.6941910982131958,1.8668766021728516
147,0.4085671007633209,0.587753415107727,1.7272372245788574,1.821731448173523
148,0.39616909623146057,0.6135308742523193,1.7006043195724487,1.8450016975402832
149,0.37732574343681335,0.57667076587677,1.6748639345169067,1.7965468168258667
150,0.36354774236679077,0.5821607112884521,1.677168607711792,1.8264864683151245
151,0.38646936416625977,0.5971118807792664,1.7098504304885864,1.8642266988754272
152,0.30092233419418335,0.5707704424858093,1.5826408863067627,1.8048604726791382
153,0.2918095290660858,0.5763809084892273,1.5731605291366577,1.8084827661514282
154,0.2840258777141571,0.5670741200447083,1.5636279582977295,1.7949681282043457
155,0.2870938777923584,0.5776942372322083,1.5631487369537354,1.789422869682312
156,0.27546194195747375,0.5900564789772034,1.5510172843933105,1.797385811805725
157,0.26930755376815796,0.5998243093490601,1.5476140975952148,1.8153488636016846
158,0.2705739736557007,0.5960226655006409,1.5536519289016724,1.8130606412887573
159,0.2846604883670807,0.5966312885284424,1.553411602973938,1.7814338207244873
160,0.27786892652511597,0.5923472046852112,1.5445460081100464,1.7824026346206665
161,0.2656992971897125,0.603024423122406,1.5430545806884766,1.808163046836853
162,0.2762952744960785,0.6042196154594421,1.5577013492584229,1.8021149635314941
163,0.2693808078765869,0.6122925877571106,1.545314073562622,1.8045060634613037
164,0.269990473985672,0.61323082447052,1.5475194454193115,1.804201602935791
165,0.27538758516311646,0.6194853186607361,1.5646440982818604,1.8130569458007812
166,0.2741602659225464,0.6040529012680054,1.5444415807724,1.7815155982971191
167,0.2725944519042969,0.6198625564575195,1.5522229671478271,1.7928884029388428
168,0.26918119192123413,0.6211129426956177,1.5374457836151123,1.792344093322754
169,0.27300524711608887,0.6178811192512512,1.5515416860580444,1.7994645833969116
170,0.2751546800136566,0.621362030506134,1.5632325410842896,1.8039308786392212
171,0.26779335737228394,0.6208547353744507,1.552991271018982,1.8067957162857056
172,0.27794644236564636,0.6330006122589111,1.5632647275924683,1.813698410987854
173,0.2721722424030304,0.6353820562362671,1.5579931735992432,1.8042230606079102
174,0.2599622905254364,0.6418465971946716,1.5427730083465576,1.823104977607727
175,0.282004177570343,0.6304207444190979,1.5604766607284546,1.7933340072631836
176,0.26821818947792053,0.6372121572494507,1.5379449129104614,1.7991536855697632
177,0.2629200518131256,0.6328535676002502,1.5540798902511597,1.8184030055999756
178,0.28073933720588684,0.6400289535522461,1.5607328414916992,1.7944447994232178
179,0.25715115666389465,0.6397144198417664,1.5384830236434937,1.8110345602035522
180,0.26180511713027954,0.6507406234741211,1.5376689434051514,1.809794545173645
181,0.271422415971756,0.6418561935424805,1.5590516328811646,1.7995636463165283
182,0.2606327533721924,0.645419180393219,1.5387699604034424,1.8096754550933838
183,0.2659655213356018,0.6477020382881165,1.5445352792739868,1.7990871667861938
184,0.2689836025238037,0.6620568037033081,1.5629197359085083,1.831353783607483
185,0.26201069355010986,0.6678996086120605,1.555132269859314,1.8348888158798218
186,0.2659870684146881,0.6471472382545471,1.5421046018600464,1.7967591285705566
187,0.2585185468196869,0.6480890512466431,1.5436893701553345,1.8127230405807495
188,0.2696380615234375,0.6529067754745483,1.5404284000396729,1.7869058847427368
189,0.26139235496520996,0.6607246994972229,1.5383260250091553,1.8059535026550293
190,0.26409727334976196,0.6504415273666382,1.5423510074615479,1.8055723905563354
191,0.26485174894332886,0.6525458097457886,1.5402560234069824,1.7946938276290894
192,0.2629511058330536,0.6547794938087463,1.5466841459274292,1.797111988067627
193,0.262775182723999,0.6590161919593811,1.5458407402038574,1.8039249181747437
194,0.26963692903518677,0.6618254780769348,1.5461169481277466,1.7959250211715698
195,0.262912392616272,0.6616929769515991,1.546617031097412,1.8098284006118774
196,0.26209723949432373,0.663398802280426,1.5484070777893066,1.8108078241348267
197,0.2601330280303955,0.6631087064743042,1.5377923250198364,1.7984237670898438
198,0.26418039202690125,0.6665931344032288,1.5442715883255005,1.8084105253219604
199,0.26407015323638916,0.6819165945053101,1.5470993518829346,1.8312757015228271
200,0.2718088924884796,0.689504861831665,1.5792959928512573,1.85921049118042
201,0.2710435390472412,0.6706870794296265,1.550891637802124,1.7926108837127686
202,0.2606734037399292,0.679290771484375,1.5403721332550049,1.8086711168289185
203,0.2663738429546356,0.6782302260398865,1.550657868385315,1.8191680908203125
204,0.26012375950813293,0.6869133114814758,1.5549856424331665,1.8283817768096924
205,0.2636411488056183,0.6703771948814392,1.5506936311721802,1.8093570470809937
206,0.26159995794296265,0.673445999622345,1.5475677251815796,1.803389549255371
207,0.2645311951637268,0.6767460107803345,1.5584951639175415,1.8223156929016113
208,0.25344252586364746,0.6771306991577148,1.527817964553833,1.808544397354126
209,0.26912757754325867,0.67598956823349,1.5513513088226318,1.8062688112258911
210,0.26477402448654175,0.6795700788497925,1.551823377609253,1.812600016593933
211,0.260175496339798,0.6779228448867798,1.5387678146362305,1.8106553554534912
212,0.2696417570114136,0.6760284900665283,1.562880516052246,1.8086469173431396
213,0.2645106017589569,0.6805472373962402,1.5522483587265015,1.8132524490356445
214,0.2556505501270294,0.6747781038284302,1.5448906421661377,1.8124761581420898
215,0.2680787146091461,0.6828031539916992,1.5592035055160522,1.815207839012146
216,0.2640685737133026,0.6738355159759521,1.5407774448394775,1.8010687828063965
217,0.2563580572605133,0.69435715675354,1.5443693399429321,1.8264107704162598
218,0.2524288594722748,0.6857154369354248,1.531142234802246,1.819244384765625
219,0.2554206848144531,0.6918129920959473,1.5397045612335205,1.8199315071105957
220,0.2664499878883362,0.6862005591392517,1.54704749584198,1.8010756969451904
221,0.2544414699077606,0.6786897778511047,1.5430285930633545,1.8280022144317627
222,0.2676528990268707,0.6853628158569336,1.5635148286819458,1.8166496753692627
223,0.2655208706855774,0.6822220087051392,1.536962628364563,1.7901190519332886
224,0.26764172315597534,0.6933020949363708,1.5651164054870605,1.8291090726852417
225,0.25759395956993103,0.7171614766120911,1.5473324060440063,1.8613790273666382
226,0.2614612877368927,0.7024579048156738,1.5536446571350098,1.8280729055404663
227,0.26369935274124146,0.6993380784988403,1.5572786331176758,1.8228775262832642
228,0.2688691318035126,0.7095937132835388,1.5765571594238281,1.855385661125183
229,0.25621286034584045,0.6872950792312622,1.5360682010650635,1.8170020580291748
230,0.2761857211589813,0.7045503854751587,1.573814034461975,1.835408091545105
231,0.2788103222846985,0.6931518316268921,1.5614577531814575,1.7987059354782104
232,0.2561337947845459,0.697820782661438,1.5412968397140503,1.8299458026885986
233,0.2677021622657776,0.6870502829551697,1.5572094917297363,1.8148219585418701
234,0.25825586915016174,0.7066284418106079,1.5431653261184692,1.8240524530410767
235,0.2603027820587158,0.6951561570167542,1.5282325744628906,1.804994821548462
236,0.25991201400756836,0.7052971720695496,1.5517181158065796,1.8243080377578735
237,0.24985985457897186,0.6964070796966553,1.5398430824279785,1.8328773975372314
238,0.2651945650577545,0.7035579681396484,1.5595706701278687,1.8214174509048462
239,0.27831876277923584,0.6990600228309631,1.5823560953140259,1.8127434253692627
240,0.2692713439464569,0.6961380839347839,1.5554994344711304,1.805188775062561
241,0.26015904545783997,0.7151883244514465,1.5499154329299927,1.8248556852340698
242,0.26402586698532104,0.7005946040153503,1.542231798171997,1.80950927734375
243,0.2648451626300812,0.7109711766242981,1.5567764043807983,1.823639988899231
244,0.2622798979282379,0.6971825361251831,1.5463004112243652,1.8129289150238037
245,0.27063629031181335,0.7172889113426208,1.5932879447937012,1.8713032007217407
246,0.2575843930244446,0.7253202199935913,1.579714298248291,1.8944244384765625
247,0.2676529288291931,0.7322810292243958,1.5783687829971313,1.8650197982788086
248,0.2671698033809662,0.7229536771774292,1.561408519744873,1.8414745330810547
249,0.2592911124229431,0.7074823379516602,1.5519540309906006,1.830271601676941
250,0.2569630742073059,0.7065929174423218,1.5444519519805908,1.830861210823059
251,0.2517711818218231,0.716540515422821,1.5417730808258057,1.8466076850891113
252,0.26305919885635376,0.7160603404045105,1.5545531511306763,1.8417378664016724
253,0.2553468942642212,0.7162715196609497,1.5395869016647339,1.8399649858474731
254,0.24626009166240692,0.7223411798477173,1.5195037126541138,1.8327770233154297
255,0.26110631227493286,0.7141318321228027,1.541151523590088,1.8208506107330322
256,0.26570406556129456,0.7152054905891418,1.5388487577438354,1.8122791051864624
257,0.26478075981140137,0.7167609930038452,1.546563982963562,1.8216532468795776
258,0.2546602487564087,0.7231931090354919,1.5317368507385254,1.827867031097412
259,0.2616879940032959,0.727608859539032,1.5433043241500854,1.8371256589889526
260,0.26469144225120544,0.7244818210601807,1.546615719795227,1.822313904762268
261,0.26890891790390015,0.7204487323760986,1.5519078969955444,1.8257088661193848
262,0.2547258138656616,0.725154459476471,1.5383468866348267,1.8328619003295898
263,0.2607313096523285,0.7186712622642517,1.5443366765975952,1.8244969844818115
264,0.25684159994125366,0.714834451675415,1.5374668836593628,1.820008397102356
265,0.26212799549102783,0.7173320651054382,1.5468789339065552,1.8266698122024536
266,0.2579120993614197,0.728681206703186,1.542531967163086,1.8256876468658447
267,0.2560533285140991,0.7205278277397156,1.539271593093872,1.8366726636886597
268,0.23634882271289825,0.7850110530853271,1.5634583234786987,1.9623792171478271
269,0.26125195622444153,0.7467482089996338,1.5478622913360596,1.8561928272247314
270,0.26132261753082275,0.7377170920372009,1.544572114944458,1.8574780225753784
271,0.2697153091430664,0.7385300397872925,1.5581601858139038,1.8357287645339966
272,0.257162481546402,0.7198472619056702,1.5495727062225342,1.8454655408859253
273,0.25762903690338135,0.7271722555160522,1.539140224456787,1.8179190158843994
274,0.2660021185874939,0.7310285568237305,1.5481692552566528,1.824844479560852
275,0.2623880207538605,0.7339262962341309,1.560845136642456,1.866481065750122
276,0.27253207564353943,0.7271909713745117,1.5675101280212402,1.8268483877182007
277,0.2693941593170166,0.7306206226348877,1.5642348527908325,1.83522629737854
278,0.27946633100509644,0.739484429359436,1.59544038772583,1.8595243692398071
279,0.26594358682632446,0.729214608669281,1.555965542793274,1.8305408954620361
280,0.2600291669368744,0.7335590720176697,1.5493121147155762,1.8449290990829468
281,0.2814345955848694,0.7264561653137207,1.5561712980270386,1.799301028251648
282,0.26822686195373535,0.7209806442260742,1.5490319728851318,1.8133907318115234
283,0.2694377601146698,0.7311150431632996,1.5574899911880493,1.8302617073059082
284,0.27147960662841797,0.731469452381134,1.549849271774292,1.8199971914291382
285,0.2667533755302429,0.7409271001815796,1.553966999053955,1.841655969619751
286,0.27220216393470764,0.7209091782569885,1.5542821884155273,1.8196619749069214
287,0.25072988867759705,0.7468730807304382,1.5340920686721802,1.855447769165039
288,0.2584476172924042,0.7475766539573669,1.5628093481063843,1.884855031967163
289,0.2288176715373993,0.7872778177261353,1.5634891986846924,1.981418251991272
290,0.26071619987487793,0.7357631325721741,1.5492419004440308,1.8435577154159546
291,0.2652381956577301,0.7449595332145691,1.5514568090438843,1.8464157581329346
292,0.2632252275943756,0.7382315993309021,1.5585421323776245,1.8619686365127563
293,0.2698558568954468,0.7453562021255493,1.5632762908935547,1.8522549867630005
294,0.27484411001205444,0.7461555600166321,1.5710186958312988,1.8498592376708984
295,0.2631485164165497,0.7479572296142578,1.550001621246338,1.8515878915786743
296,0.2693917751312256,0.7485516667366028,1.566773772239685,1.8680917024612427
297,0.27769842743873596,0.7403849363327026,1.5843087434768677,1.8554109334945679
298,0.275261789560318,0.7295902967453003,1.5615787506103516,1.8353681564331055
299,0.26971226930618286,0.7320229411125183,1.5700024366378784,1.8591810464859009
300,0.2550182640552521,0.7406685948371887,1.5362510681152344,1.8447129726409912
301,0.2721567451953888,0.7378782629966736,1.5507574081420898,1.8251012563705444
302,0.25078293681144714,0.7494568824768066,1.5272600650787354,1.8390743732452393
303,0.25859662890434265,0.7566990852355957,1.5379117727279663,1.833902359008789
304,0.24937739968299866,0.7560963034629822,1.5213485956192017,1.837984323501587
305,0.247249573469162,0.7591270208358765,1.525678277015686,1.8420125246047974
306,0.2534140348434448,0.7536981105804443,1.5229918956756592,1.8273639678955078
307,0.24990788102149963,0.7598708271980286,1.5359737873077393,1.8525115251541138
308,0.24739354848861694,0.7532162070274353,1.5299941301345825,1.8337807655334473
309,0.24864867329597473,0.756518542766571,1.529439091682434,1.836904764175415
310,0.24561777710914612,0.7477486729621887,1.523965835571289,1.837887167930603
311,0.25029081106185913,0.7447393536567688,1.5200706720352173,1.8215832710266113
312,0.24876640737056732,0.7565089464187622,1.5292775630950928,1.8384196758270264
313,0.24709002673625946,0.7513198852539062,1.5168957710266113,1.824017882347107
314,0.2518519163131714,0.7519114017486572,1.5290923118591309,1.8278599977493286
315,0.2555275857448578,0.751197099685669,1.5238884687423706,1.8198869228363037
316,0.2502351701259613,0.7595769762992859,1.51799738407135,1.8303056955337524
317,0.24460572004318237,0.7737874388694763,1.5174680948257446,1.840972661972046
318,0.24928241968154907,0.7581464648246765,1.5338855981826782,1.8386592864990234
319,0.24647551774978638,0.7566697001457214,1.5247681140899658,1.8359010219573975
320,0.24558213353157043,0.7606509923934937,1.5242687463760376,1.8459498882293701
321,0.24950091540813446,0.760010838508606,1.5209897756576538,1.8291776180267334
322,0.24123598635196686,0.7603757977485657,1.5163545608520508,1.8457731008529663
323,0.24128128588199615,0.7587590217590332,1.5161197185516357,1.8443514108657837
324,0.24813248217105865,0.7580291032791138,1.519510269165039,1.8313215970993042
325,0.2435959428548813,0.7565365433692932,1.5123507976531982,1.8278039693832397
326,0.2470237761735916,0.7643108367919922,1.5216585397720337,1.8318489789962769
327,0.24916857481002808,0.7573196887969971,1.520011067390442,1.8272695541381836
328,0.24327246844768524,0.7597162127494812,1.5131120681762695,1.8326747417449951
329,0.25154754519462585,0.7636192440986633,1.5307552814483643,1.8325238227844238
330,0.24295052886009216,0.7635506987571716,1.5158956050872803,1.8359822034835815
331,0.24716344475746155,0.7592242956161499,1.5232478380203247,1.8408044576644897
332,0.24441613256931305,0.7700256705284119,1.524118423461914,1.844964623451233
333,0.25002333521842957,0.7654643058776855,1.531482219696045,1.8367819786071777
334,0.24072372913360596,0.7679110765457153,1.5162653923034668,1.8398133516311646
335,0.24840593338012695,0.759075403213501,1.525251865386963,1.8281885385513306
336,0.2510623335838318,0.7560765147209167,1.5265209674835205,1.8210413455963135
337,0.24742554128170013,0.7545035481452942,1.5234096050262451,1.8234622478485107
338,0.24095875024795532,0.7660064697265625,1.514441728591919,1.8408368825912476
339,0.24591322243213654,0.7557355165481567,1.5131272077560425,1.823250651359558
340,0.24674919247627258,0.7545929551124573,1.5209624767303467,1.8342201709747314
341,0.24402573704719543,0.7645823955535889,1.5147298574447632,1.8327991962432861
342,0.24228623509407043,0.7636699080467224,1.5114529132843018,1.8333702087402344
343,0.24269069731235504,0.7600021958351135,1.5078438520431519,1.827228307723999
344,0.23577961325645447,0.7594878077507019,1.5102510452270508,1.8400617837905884
345,0.24416156113147736,0.7716561555862427,1.5175198316574097,1.8415591716766357
346,0.25247350335121155,0.757509708404541,1.5276920795440674,1.82075035572052
347,0.24494048953056335,0.7544519305229187,1.516385793685913,1.82713782787323
348,0.24181239306926727,0.7627126574516296,1.5083861351013184,1.8267567157745361
349,0.24203945696353912,0.7574028968811035,1.5098114013671875,1.8263145685195923
350,0.23987388610839844,0.7661904096603394,1.5098236799240112,1.8368968963623047
351,0.2461996227502823,0.7633457183837891,1.519992709159851,1.8288662433624268
352,0.24378463625907898,0.765986442565918,1.515818476676941,1.835224986076355
353,0.24093852937221527,0.7773771286010742,1.5160337686538696,1.8411394357681274
354,0.24579013884067535,0.7676097750663757,1.5212336778640747,1.8271156549453735
355,0.2521286606788635,0.7684439420700073,1.5224977731704712,1.8179012537002563
356,0.2505919337272644,0.7729557752609253,1.521946668624878,1.8278754949569702
357,0.24832941591739655,0.7638788223266602,1.5194882154464722,1.827445149421692
358,0.24494235217571259,0.768468976020813,1.5223109722137451,1.8399890661239624
359,0.24293476343154907,0.7642925977706909,1.5127012729644775,1.8288778066635132
360,0.2468525767326355,0.7696332931518555,1.514999270439148,1.8256704807281494
