1,3.8119421005249023,0.584340512752533,4.341879367828369,0.3542100489139557
2,3.0987067222595215,0.9008751511573792,3.9739229679107666,0.7014423608779907
3,2.8247880935668945,0.9292722940444946,3.713522434234619,0.8447228074073792
4,2.5916030406951904,0.993156909942627,3.552018880844116,0.9235156178474426
5,2.3821187019348145,1.0863641500473022,3.4469010829925537,0.9885478615760803
6,2.4265596866607666,1.0975981950759888,3.4449989795684814,0.9905446767807007
7,1.553097128868103,1.330524206161499,2.613426923751831,1.5552167892456055
8,1.3447011709213257,1.3120778799057007,2.3209543228149414,1.6287137269973755
9,1.2021539211273193,1.3408035039901733,2.1350934505462646,1.7059358358383179
10,1.049373745918274,1.3816707134246826,2.024225950241089,1.8095362186431885
11,1.0933680534362793,1.2572946548461914,2.0749709606170654,1.6752252578735352
12,1.0711727142333984,1.3255261182785034,2.020562171936035,1.7079302072525024
13,1.0070284605026245,1.2892497777938843,2.0137031078338623,1.7012226581573486
14,0.9896670579910278,1.312928557395935,2.0129683017730713,1.7378931045532227
15,0.985221266746521,1.315151333808899,2.032803773880005,1.7478337287902832
16,0.9113482236862183,1.3203589916229248,1.9873530864715576,1.74019455909729
17,0.9161321520805359,1.3513147830963135,1.9983266592025757,1.7516425848007202
18,0.880632758140564,1.363817572593689,1.98987877368927,1.7653826475143433
19,0.8836419582366943,1.3815796375274658,2.001284599304199,1.761067509651184
20,0.8606898784637451,1.372104525566101,1.996412992477417,1.7548527717590332
21,0.8615965843200684,1.4114117622375488,2.0225813388824463,1.7913212776184082
22,0.8907997608184814,1.433789610862732,2.0468270778656006,1.7834595441818237
23,0.8657611608505249,1.4311091899871826,2.025834798812866,1.7786399126052856
24,0.8374701738357544,1.4867371320724487,1.9953538179397583,1.8059459924697876
25,0.8438381552696228,1.487922191619873,2.017423391342163,1.8027677536010742
26,0.866611123085022,1.497511863708496,2.0502665042877197,1.7897028923034668
27,0.8421212434768677,1.512273907661438,2.0155692100524902,1.800756812095642
28,0.8393610119819641,1.5409679412841797,2.0302112102508545,1.8051806688308716
29,0.8533158302307129,1.6114296913146973,2.039344310760498,1.82681143283844
30,0.8665920495986938,1.6229439973831177,2.044417381286621,1.7949198484420776
31,0.8814319372177124,1.661283016204834,2.0629570484161377,1.8006643056869507
32,0.893995463848114,1.707344889640808,2.0591940879821777,1.8091850280761719
33,0.8767802715301514,1.7145220041275024,2.053830862045288,1.8305338621139526
34,0.8964366316795349,1.6867176294326782,2.081307888031006,1.7791389226913452
35,0.8866457939147949,1.7356451749801636,2.067479133605957,1.8192760944366455
36,0.8865315318107605,1.7335336208343506,2.0805177688598633,1.834939956665039
37,0.9152699708938599,1.7475794553756714,2.117844343185425,1.8287339210510254
38,0.9102005958557129,1.7592480182647705,2.116220235824585,1.8277561664581299
39,0.8918875455856323,1.7665656805038452,2.085444688796997,1.8408859968185425
40,0.8897866606712341,1.7490285634994507,2.067148447036743,1.803715467453003
41,0.9036719799041748,1.7953916788101196,2.088899850845337,1.81732177734375
42,0.9161180257797241,1.8324939012527466,2.114003896713257,1.8362538814544678
43,0.8974722027778625,1.8061915636062622,2.094651460647583,1.8443427085876465
44,0.9075103998184204,1.8089981079101562,2.109447479248047,1.8352948427200317
45,0.9229059815406799,1.8323134183883667,2.1283152103424072,1.8275648355484009
46,0.9483206868171692,1.8378626108169556,2.159787893295288,1.8284945487976074
47,0.9279894232749939,1.839473009109497,2.1307854652404785,1.8327651023864746
48,0.9149981737136841,1.8533070087432861,2.1150128841400146,1.8453823328018188
49,0.9444186091423035,1.8846347332000732,2.1264686584472656,1.8189945220947266
50,0.9470342397689819,1.854599118232727,2.173525810241699,1.849440336227417
51,0.944095253944397,1.9053877592086792,2.1288418769836426,1.8518898487091064
52,0.9450989365577698,1.9211734533309937,2.139159679412842,1.8738024234771729
53,0.9505007863044739,1.9186902046203613,2.142280101776123,1.8474310636520386
54,0.9375616908073425,1.8906707763671875,2.132571220397949,1.8391854763031006
55,0.9624174237251282,1.8969601392745972,2.160128116607666,1.8293778896331787
56,0.9594790935516357,1.936580777168274,2.1360673904418945,1.8279048204421997
57,0.9651486277580261,1.931565523147583,2.159153699874878,1.8304574489593506
58,0.993087112903595,1.9583215713500977,2.188232898712158,1.8246005773544312
59,1.0041532516479492,2.0144410133361816,2.2081058025360107,1.8653802871704102
60,0.9904146194458008,1.9796347618103027,2.179584264755249,1.8301112651824951
61,0.9841524958610535,2.0200517177581787,2.147172451019287,1.8585460186004639
62,1.003129005432129,2.004368543624878,2.2034921646118164,1.8492114543914795
63,0.9863430857658386,1.97075617313385,2.1847996711730957,1.8330296277999878
64,1.003031849861145,2.0570082664489746,2.18143892288208,1.8899526596069336
65,0.968209445476532,1.9649349451065063,2.1452624797821045,1.837640643119812
66,0.991439163684845,2.014251708984375,2.17108416557312,1.8593952655792236
67,1.0237518548965454,2.085482358932495,2.2202866077423096,1.9209626913070679
68,1.0104442834854126,2.0420169830322266,2.2073750495910645,1.8756846189498901
69,1.0085591077804565,1.9946579933166504,2.23398756980896,1.8715749979019165
70,1.0200107097625732,2.0736591815948486,2.2319231033325195,1.9127460718154907
71,1.0463664531707764,2.185399293899536,2.2723500728607178,2.0058839321136475
72,1.0047118663787842,1.9490443468093872,2.219883441925049,1.8449292182922363
73,1.0107237100601196,1.9754091501235962,2.228911876678467,1.8519542217254639
74,1.017182469367981,2.0827484130859375,2.190333843231201,1.902699589729309
75,1.0208613872528076,2.0856168270111084,2.206296682357788,1.8830947875976562
76,1.0026684999465942,2.04630446434021,2.1893250942230225,1.8620622158050537
77,1.0155460834503174,2.05711030960083,2.214789867401123,1.8615338802337646
78,1.018065333366394,2.0462067127227783,2.217134952545166,1.8497411012649536
79,1.0147972106933594,2.0086591243743896,2.2162933349609375,1.84369957447052
80,1.0227265357971191,2.0439417362213135,2.214681625366211,1.8373082876205444
81,1.0422829389572144,2.116968870162964,2.226280689239502,1.869317889213562
82,1.0200427770614624,2.093334436416626,2.20029878616333,1.8503928184509277
83,1.0216418504714966,2.0473413467407227,2.202305793762207,1.8506978750228882
84,1.0401848554611206,2.1212356090545654,2.2191002368927,1.8663195371627808
85,1.061706781387329,2.147315740585327,2.245238780975342,1.8593180179595947
86,1.046298623085022,2.1135306358337402,2.237792730331421,1.8675436973571777
87,1.0277944803237915,2.103158712387085,2.215381145477295,1.8656562566757202
88,1.0550744533538818,2.1134042739868164,2.2524232864379883,1.8707077503204346
89,1.0454403162002563,2.1030938625335693,2.2336530685424805,1.8346983194351196
90,1.0749437808990479,2.183446168899536,2.249314069747925,1.8666136264801025
91,1.0464998483657837,2.1157021522521973,2.2360517978668213,1.8650834560394287
92,1.06338632106781,2.103236198425293,2.262838840484619,1.8231196403503418
93,1.0706876516342163,2.1590120792388916,2.2562625408172607,1.876362681388855
94,1.0378942489624023,2.1053884029388428,2.2238893508911133,1.8597843647003174
95,1.0713706016540527,2.206465721130371,2.233774423599243,1.8879047632217407
96,1.0492569208145142,2.0977678298950195,2.2266547679901123,1.8325262069702148
97,1.0611761808395386,2.1539113521575928,2.223489999771118,1.8494945764541626
98,1.0549564361572266,2.112215042114258,2.229288101196289,1.845415711402893
99,1.0592000484466553,2.1861209869384766,2.1986541748046875,1.8677599430084229
100,1.0825090408325195,2.1952879428863525,2.246821403503418,1.8600269556045532
101,1.0755590200424194,2.1390373706817627,2.263782024383545,1.8601083755493164
102,1.0821605920791626,2.195884943008423,2.235200881958008,1.876620888710022
103,1.071445107460022,2.1700439453125,2.2402877807617188,1.8579965829849243
104,1.0705242156982422,2.1812987327575684,2.2492740154266357,1.8902344703674316
105,1.0747954845428467,2.2014658451080322,2.2349464893341064,1.8687925338745117
106,1.0977373123168945,2.1694681644439697,2.286790132522583,1.8530819416046143
107,1.071061134338379,2.134040355682373,2.255950450897217,1.8503612279891968
108,1.0828691720962524,2.2189152240753174,2.2373850345611572,1.8757718801498413
109,1.0698084831237793,2.183511734008789,2.2371630668640137,1.8815251588821411
110,1.0915422439575195,2.1840453147888184,2.2930662631988525,1.8731671571731567
111,1.0722521543502808,2.193211555480957,2.230205535888672,1.8743191957473755
112,1.1300095319747925,2.2811641693115234,2.3752145767211914,1.9990789890289307
113,1.1084486246109009,2.2640438079833984,2.3225162029266357,1.9481515884399414
114,1.0826634168624878,2.1202619075775146,2.2793362140655518,1.8382433652877808
115,1.1778101921081543,2.4283246994018555,2.375734567642212,2.0353119373321533
116,1.1031463146209717,2.1900546550750732,2.3163695335388184,1.936915397644043
117,1.1366157531738281,2.2924227714538574,2.3655521869659424,1.9879106283187866
118,1.0965797901153564,2.2051444053649902,2.291438102722168,1.9260119199752808
119,1.0611340999603271,2.1436362266540527,2.2819159030914307,1.9124329090118408
120,1.093064546585083,2.161942958831787,2.3277485370635986,1.9005838632583618
121,1.1149084568023682,2.2060794830322266,2.3137528896331787,1.85909903049469
122,1.0984493494033813,2.2524759769439697,2.269501209259033,1.9129623174667358
123,1.1043739318847656,2.2442100048065186,2.2831850051879883,1.893242597579956
124,1.111034631729126,2.254093647003174,2.2740228176116943,1.8945564031600952
125,1.110429286956787,2.2249999046325684,2.2559893131256104,1.8813940286636353
126,1.101880431175232,2.201601266860962,2.268540620803833,1.8595705032348633
127,1.1119236946105957,2.1999895572662354,2.2973134517669678,1.8706188201904297
128,1.1235512495040894,2.281205892562866,2.2536709308624268,1.8676282167434692
129,1.1277921199798584,2.2334468364715576,2.3152897357940674,1.8790359497070312
130,1.1240744590759277,2.220078945159912,2.2926342487335205,1.844724178314209
131,1.1367065906524658,2.2997474670410156,2.3050472736358643,1.8987830877304077
132,1.123714804649353,2.2464239597320557,2.3170149326324463,1.904058575630188
133,1.1121110916137695,2.235975503921509,2.276789665222168,1.8778642416000366
134,1.1318410634994507,2.2670328617095947,2.294252395629883,1.849302887916565
135,1.1356725692749023,2.2844414710998535,2.3157825469970703,1.894907832145691
136,1.1155927181243896,2.236618995666504,2.300555944442749,1.900145173072815
137,1.1141643524169922,2.2505102157592773,2.2724578380584717,1.8818471431732178
138,1.129313349723816,2.285334587097168,2.2764594554901123,1.8797352313995361
139,1.1427870988845825,2.2403006553649902,2.3356289863586426,1.8608996868133545
140,1.146500587463379,2.3042640686035156,2.302816390991211,1.902479887008667
141,1.132030963897705,2.2662367820739746,2.2939460277557373,1.8639239072799683
142,1.1229487657546997,2.2455997467041016,2.307436466217041,1.8902186155319214
143,1.1356948614120483,2.2177727222442627,2.3235080242156982,1.8552197217941284
144,1.1206752061843872,2.2865140438079834,2.277595281600952,1.9055722951889038
145,1.1307872533798218,2.2554662227630615,2.276934862136841,1.8405994176864624
146,1.1223598718643188,2.247809648513794,2.27689528465271,1.8717166185379028
147,1.114182949066162,2.239086151123047,2.2878947257995605,1.8780888319015503
148,1.1227999925613403,2.214998722076416,2.314789056777954,1.856252908706665
149,1.1326618194580078,2.2485158443450928,2.3054895401000977,1.8575607538223267
150,1.1393781900405884,2.256965160369873,2.3173248767852783,1.8703926801681519
151,1.1223762035369873,2.264768123626709,2.263948678970337,1.8752151727676392
152,1.1386862993240356,2.300724506378174,2.2499489784240723,1.8373137712478638
153,1.1507067680358887,2.332202434539795,2.2444043159484863,1.824843168258667
154,1.1537013053894043,2.364978551864624,2.2232351303100586,1.8399505615234375
155,1.1470223665237427,2.331352710723877,2.2241430282592773,1.8221136331558228
156,1.1525479555130005,2.3480966091156006,2.2271695137023926,1.8311022520065308
157,1.159876823425293,2.3507578372955322,2.244060516357422,1.8210529088974
158,1.163360357284546,2.367525100708008,2.2226369380950928,1.8123000860214233
159,1.1600110530853271,2.3460147380828857,2.2361984252929688,1.811632513999939
160,1.1697114706039429,2.381244659423828,2.230830192565918,1.8237122297286987
161,1.1719638109207153,2.3740007877349854,2.247675895690918,1.8169103860855103
162,1.1759623289108276,2.390120267868042,2.232124090194702,1.818832516670227
163,1.175504446029663,2.367945909500122,2.2436344623565674,1.8028074502944946
164,1.1756207942962646,2.3724007606506348,2.242457866668701,1.7982817888259888
165,1.1686300039291382,2.3648905754089355,2.2493174076080322,1.8161336183547974
166,1.1823123693466187,2.394231081008911,2.246516704559326,1.8063286542892456
167,1.1766661405563354,2.3727872371673584,2.248788356781006,1.800463080406189
168,1.1878373622894287,2.3913118839263916,2.247777223587036,1.793850302696228
169,1.21602201461792,2.5059847831726074,2.2701096534729004,1.8941004276275635
170,1.186371922492981,2.3935465812683105,2.2438743114471436,1.795271396636963
171,1.1877896785736084,2.3850584030151367,2.2581140995025635,1.8026846647262573
172,1.2468410730361938,2.62650728225708,2.2936995029449463,1.9897289276123047
173,1.183654546737671,2.386549711227417,2.243973970413208,1.8053257465362549
174,1.1855546236038208,2.384011745452881,2.244795560836792,1.796722173690796
175,1.1914986371994019,2.412245273590088,2.2447831630706787,1.8152791261672974
176,1.18570077419281,2.395020008087158,2.237436532974243,1.8024541139602661
177,1.1965194940567017,2.414064407348633,2.247485399246216,1.8013533353805542
178,1.1980202198028564,2.4139158725738525,2.2494380474090576,1.8003369569778442
179,1.190479040145874,2.3902010917663574,2.2479116916656494,1.7886842489242554
180,1.2002190351486206,2.417585611343384,2.2550387382507324,1.8042572736740112
181,1.2021872997283936,2.4051730632781982,2.2709336280822754,1.795886754989624
182,1.1964868307113647,2.4015605449676514,2.2576262950897217,1.7950271368026733
183,1.2222630977630615,2.5181736946105957,2.2566730976104736,1.8919190168380737
184,1.219620704650879,2.4804792404174805,2.287863254547119,1.8610237836837769
185,1.2188687324523926,2.475574254989624,2.3000645637512207,1.8744049072265625
186,1.2241209745407104,2.4894485473632812,2.2618885040283203,1.8588095903396606
187,1.223771095275879,2.4893815517425537,2.267887830734253,1.8538895845413208
188,1.2192147970199585,2.4638545513153076,2.2695717811584473,1.824902057647705
189,1.2115949392318726,2.4487340450286865,2.2575156688690186,1.8152629137039185
190,1.2131597995758057,2.4466512203216553,2.250478744506836,1.7998334169387817
191,1.2292370796203613,2.4991235733032227,2.2799081802368164,1.8409370183944702
192,1.2227075099945068,2.451766014099121,2.2761170864105225,1.8059536218643188
193,1.2188129425048828,2.465904951095581,2.276843309402466,1.8283237218856812
194,1.2284107208251953,2.4724695682525635,2.277890205383301,1.8198416233062744
195,1.2336574792861938,2.490553855895996,2.2703511714935303,1.8149646520614624
196,1.2270958423614502,2.4476327896118164,2.298246145248413,1.8079756498336792
197,1.233601450920105,2.4882500171661377,2.2808730602264404,1.8244500160217285
198,1.2290455102920532,2.473226547241211,2.276887893676758,1.8233857154846191
199,1.239801287651062,2.501950740814209,2.2923882007598877,1.8336381912231445
200,1.2352089881896973,2.509793519973755,2.2621047496795654,1.8347629308700562
201,1.2247143983840942,2.4896113872528076,2.2684152126312256,1.8399749994277954
202,1.2362172603607178,2.510483980178833,2.2618117332458496,1.8361009359359741
203,1.2443572282791138,2.505420446395874,2.286719560623169,1.8242065906524658
204,1.2335489988327026,2.4723565578460693,2.2872588634490967,1.8251304626464844
205,1.2336310148239136,2.483510732650757,2.265740394592285,1.8158314228057861
206,1.2477747201919556,2.490626096725464,2.2965941429138184,1.8133392333984375
207,1.2317835092544556,2.459527015686035,2.285876750946045,1.8052854537963867
208,1.2362515926361084,2.4928903579711914,2.282214403152466,1.8328287601470947
209,1.2462924718856812,2.5050432682037354,2.287698745727539,1.8266774415969849
210,1.2387615442276,2.5033974647521973,2.2599196434020996,1.8233088254928589
211,1.2399342060089111,2.4971392154693604,2.2795779705047607,1.8303724527359009
212,1.2315081357955933,2.4808433055877686,2.2727067470550537,1.8170713186264038
213,1.2378264665603638,2.4768645763397217,2.280971050262451,1.8027617931365967
214,1.2238314151763916,2.4444148540496826,2.2792956829071045,1.8018169403076172
215,1.2362878322601318,2.477660894393921,2.2777185440063477,1.8082040548324585
216,1.2276889085769653,2.4582462310791016,2.2758631706237793,1.8125884532928467
217,1.2272896766662598,2.455353021621704,2.27776837348938,1.8055757284164429
218,1.2254061698913574,2.452688217163086,2.268876314163208,1.7994577884674072
219,1.240268349647522,2.5001914501190186,2.269233465194702,1.8163769245147705
220,1.2337541580200195,2.456671953201294,2.283099889755249,1.7889317274093628
221,1.2403911352157593,2.4941580295562744,2.28424072265625,1.8195761442184448
222,1.2404907941818237,2.4801642894744873,2.282691478729248,1.800983190536499
223,1.2357091903686523,2.4715394973754883,2.2656893730163574,1.7962192296981812
224,1.2524110078811646,2.527219533920288,2.270287036895752,1.825257658958435
225,1.2371183633804321,2.445934295654297,2.3037707805633545,1.7948724031448364
226,1.2432399988174438,2.47562575340271,2.2809298038482666,1.7988405227661133
227,1.2440414428710938,2.4842705726623535,2.2706360816955566,1.8006618022918701
228,1.2455064058303833,2.4802963733673096,2.2744386196136475,1.797861099243164
229,1.2400966882705688,2.463042974472046,2.2867612838745117,1.7977571487426758
230,1.2552883625030518,2.5048813819885254,2.2789578437805176,1.79994535446167
231,1.2449686527252197,2.4730513095855713,2.286179304122925,1.8016573190689087
232,1.2459865808486938,2.488459348678589,2.2923271656036377,1.8164880275726318
233,1.2505018711090088,2.508347511291504,2.286299705505371,1.8258997201919556
234,1.2452330589294434,2.503408908843994,2.281388998031616,1.8313078880310059
235,1.2434868812561035,2.485368251800537,2.281364917755127,1.8057256937026978
236,1.2441985607147217,2.4752585887908936,2.283681869506836,1.7959545850753784
237,1.2577897310256958,2.4983551502227783,2.2882373332977295,1.7862201929092407
238,1.2544012069702148,2.493149995803833,2.297173500061035,1.7926338911056519
239,1.2474414110183716,2.4800033569335938,2.2819502353668213,1.789129376411438
240,1.2562776803970337,2.51120662689209,2.2799313068389893,1.810080885887146
241,1.2662280797958374,2.5262207984924316,2.2938570976257324,1.8093761205673218
242,1.254189133644104,2.491180181503296,2.2858145236968994,1.7930361032485962
243,1.2443886995315552,2.477505683898926,2.276883602142334,1.7913986444473267
244,1.2502410411834717,2.454281806945801,2.306717872619629,1.7744654417037964
245,1.2544794082641602,2.5222928524017334,2.2723917961120605,1.8155479431152344
246,1.260098934173584,2.5135927200317383,2.2894325256347656,1.8057762384414673
247,1.2514187097549438,2.492509603500366,2.2935428619384766,1.8079588413238525
248,1.2495534420013428,2.488130807876587,2.296618700027466,1.8114601373672485
249,1.244634747505188,2.4825282096862793,2.2711472511291504,1.8032227754592896
250,1.2509533166885376,2.4983625411987305,2.2796781063079834,1.8105840682983398
251,1.2629270553588867,2.507725954055786,2.306694984436035,1.8112469911575317
252,1.254197120666504,2.4888248443603516,2.302455425262451,1.8105565309524536
253,1.2469631433486938,2.473477602005005,2.29984974861145,1.8005458116531372
254,1.2613633871078491,2.506521463394165,2.29718279838562,1.806003451347351
255,1.2538707256317139,2.518291711807251,2.2704951763153076,1.8182404041290283
256,1.2556084394454956,2.4890425205230713,2.2811062335968018,1.777773141860962
257,1.2484526634216309,2.4570090770721436,2.29880952835083,1.776373267173767
258,1.247533917427063,2.4673337936401367,2.2933237552642822,1.7936426401138306
259,1.24917471408844,2.4777283668518066,2.286686897277832,1.7965766191482544
260,1.2611619234085083,2.511584758758545,2.301076889038086,1.8114113807678223
261,1.2626932859420776,2.5064597129821777,2.300523519515991,1.8020477294921875
262,1.2686219215393066,2.523267984390259,2.2879691123962402,1.7979580163955688
263,1.2598592042922974,2.4833781719207764,2.3040356636047363,1.7882729768753052
264,1.2736119031906128,2.52482008934021,2.318171739578247,1.809777021408081
265,1.2628687620162964,2.508049488067627,2.2846341133117676,1.7969633340835571
266,1.2589470148086548,2.4930636882781982,2.2985057830810547,1.7939053773880005
267,1.2571226358413696,2.5103583335876465,2.2780966758728027,1.7996622323989868
268,1.2608078718185425,2.5042848587036133,2.2818877696990967,1.7897288799285889
269,1.2600666284561157,2.4966022968292236,2.295438289642334,1.7989046573638916
270,1.2511814832687378,2.4956109523773193,2.2789885997772217,1.801859736442566
271,1.2566152811050415,2.498582124710083,2.2833430767059326,1.799370527267456
272,1.2725985050201416,2.5458998680114746,2.291072368621826,1.819271206855774
273,1.256956696510315,2.4988090991973877,2.2856171131134033,1.7996015548706055
274,1.2546929121017456,2.480915069580078,2.307091236114502,1.8044407367706299
275,1.2494785785675049,2.4640309810638428,2.3028624057769775,1.7912347316741943
276,1.2659523487091064,2.5189437866210938,2.287175416946411,1.8058003187179565
277,1.2596147060394287,2.497333526611328,2.3018717765808105,1.8144865036010742
278,1.2614976167678833,2.5021936893463135,2.2900431156158447,1.800187587738037
279,1.2528682947158813,2.4793832302093506,2.2909626960754395,1.7983649969100952
280,1.258810043334961,2.4912190437316895,2.2855536937713623,1.7901641130447388
281,1.2613598108291626,2.487455368041992,2.289771795272827,1.7887059450149536
282,1.2657654285430908,2.507981300354004,2.292125940322876,1.7986383438110352
283,1.268791675567627,2.5182931423187256,2.296083450317383,1.8128130435943604
284,1.261806607246399,2.504187822341919,2.2865617275238037,1.8113499879837036
285,1.2697117328643799,2.518656015396118,2.287543296813965,1.8001810312271118
286,1.271901249885559,2.523765802383423,2.30769681930542,1.8125743865966797
287,1.2600919008255005,2.482801914215088,2.3047685623168945,1.8058170080184937
288,1.2715123891830444,2.542025089263916,2.2910501956939697,1.8230202198028564
289,1.2665449380874634,2.5012779235839844,2.2935879230499268,1.7848387956619263
290,1.2680379152297974,2.5051310062408447,2.2983202934265137,1.7925083637237549
291,1.2712430953979492,2.5134341716766357,2.299309730529785,1.795607566833496
292,1.2667412757873535,2.5050010681152344,2.3010804653167725,1.8009731769561768
293,1.2757573127746582,2.540208578109741,2.3030307292938232,1.8182064294815063
294,1.2630854845046997,2.487990140914917,2.3093504905700684,1.793501615524292
295,1.2703019380569458,2.5271975994110107,2.294710636138916,1.815755844116211
296,1.2648608684539795,2.512800455093384,2.283895969390869,1.8016576766967773
297,1.6884312629699707,2.391554594039917,2.266758680343628,1.8159888982772827
298,1.2713268995285034,2.5289552211761475,2.2864809036254883,1.8155523538589478
299,1.7035775184631348,2.4191741943359375,2.2550299167633057,1.8251796960830688
300,1.70330011844635,2.395657777786255,2.3147294521331787,1.8273173570632935
301,1.2597098350524902,2.480663537979126,2.295423746109009,1.7879925966262817
302,1.7186644077301025,2.410874843597412,2.2809596061706543,1.817908525466919
303,1.7191044092178345,2.3831064701080322,2.2680599689483643,1.8048598766326904
304,1.7215310335159302,2.3618030548095703,2.274963140487671,1.7958534955978394
305,1.7093454599380493,2.387406349182129,2.288329601287842,1.8024768829345703
306,1.7294819355010986,2.3681440353393555,2.2812037467956543,1.7970889806747437
307,1.6852036714553833,2.392362356185913,2.2747809886932373,1.8101823329925537
308,1.7303473949432373,2.362351894378662,2.2782888412475586,1.7891064882278442
309,1.8285084962844849,2.547236204147339,2.3280205726623535,1.9527488946914673
310,1.716111421585083,2.3963301181793213,2.289226770401001,1.7985153198242188
311,1.7101393938064575,2.407222032546997,2.2826573848724365,1.8149064779281616
312,1.7058013677597046,2.387010097503662,2.269981622695923,1.7917745113372803
313,1.2755069732666016,2.4829678535461426,2.3025381565093994,1.7804009914398193
314,1.2784699201583862,2.4839653968811035,2.3088083267211914,1.7777479887008667
315,1.2722567319869995,2.478018283843994,2.306504249572754,1.7883601188659668
316,1.6988242864608765,2.3746049404144287,2.2813336849212646,1.7857860326766968
317,1.7159168720245361,2.371603012084961,2.2784502506256104,1.7889118194580078
318,1.2784817218780518,2.4835364818573,2.3139586448669434,1.7894015312194824
319,1.2765357494354248,2.4789936542510986,2.304986000061035,1.782911777496338
320,1.2845001220703125,2.484872579574585,2.3077871799468994,1.774057388305664
321,1.6965157985687256,2.3996942043304443,2.2821757793426514,1.7989782094955444
322,1.2848453521728516,2.4992153644561768,2.2929799556732178,1.79097580909729
323,1.2865294218063354,2.4909491539001465,2.3023602962493896,1.7903194427490234
324,1.3009542226791382,2.5244596004486084,2.3151586055755615,1.8012559413909912
325,1.2970088720321655,2.5207605361938477,2.300602436065674,1.7936173677444458
326,1.2965383529663086,2.5142903327941895,2.3040432929992676,1.8023864030838013
327,1.3080557584762573,2.5261876583099365,2.3126766681671143,1.7971720695495605
328,1.2937567234039307,2.4950788021087646,2.306856632232666,1.7891926765441895
329,1.2981481552124023,2.504977226257324,2.302285671234131,1.7821223735809326
330,1.2984544038772583,2.5047993659973145,2.2919416427612305,1.7901376485824585
331,1.3076865673065186,2.5287017822265625,2.2897069454193115,1.7966352701187134
332,1.2991833686828613,2.5040719509124756,2.2916152477264404,1.7872366905212402
333,1.3112621307373047,2.517803192138672,2.3111138343811035,1.795055627822876
334,1.3087726831436157,2.5241265296936035,2.3007516860961914,1.7980209589004517
335,1.307708740234375,2.5103085041046143,2.3104076385498047,1.803885579109192
336,1.3158854246139526,2.5380988121032715,2.2940495014190674,1.7956396341323853
337,1.3279787302017212,2.579723834991455,2.295135736465454,1.809261679649353
338,1.321321964263916,2.55021071434021,2.308854103088379,1.8201419115066528
339,1.3616832494735718,2.6792070865631104,2.353577136993408,1.9424142837524414
340,1.3300833702087402,2.592259645462036,2.295074939727783,1.8477450609207153
341,1.306962251663208,2.4890191555023193,2.31172513961792,1.7816354036331177
342,1.2982230186462402,2.4856958389282227,2.2919869422912598,1.78086519241333
343,1.3536204099655151,2.6394131183624268,2.374551296234131,1.948342204093933
344,1.341597080230713,2.6105754375457764,2.3057045936584473,1.8433570861816406
345,1.3439315557479858,2.6396923065185547,2.318239450454712,1.8916935920715332
346,1.3032506704330444,2.4897942543029785,2.300743341445923,1.7757552862167358
347,1.3084112405776978,2.487152576446533,2.3064968585968018,1.7650619745254517
348,1.3068913221359253,2.501380681991577,2.293259859085083,1.7836027145385742
349,1.3078430891036987,2.5024232864379883,2.3026645183563232,1.7939549684524536
350,1.3092564344406128,2.5044775009155273,2.3024137020111084,1.782278299331665
351,1.307805061340332,2.502176284790039,2.303165912628174,1.785987138748169
352,1.300034999847412,2.4845080375671387,2.295851707458496,1.7795703411102295
353,1.307857632637024,2.4861364364624023,2.3015904426574707,1.7624459266662598
354,1.3024228811264038,2.4728665351867676,2.3123786449432373,1.7746509313583374
355,1.3050377368927002,2.496133804321289,2.302457332611084,1.7773470878601074
356,1.3073970079421997,2.487734794616699,2.3082563877105713,1.766210675239563
357,1.3053481578826904,2.497596025466919,2.3008241653442383,1.7856124639511108
358,1.3023688793182373,2.4800891876220703,2.3023788928985596,1.777959942817688
359,1.3118867874145508,2.5218358039855957,2.296449661254883,1.790116786956787
360,1.369238257408142,2.73203444480896,2.34230899810791,1.9920371770858765
