1,0.2501973509788513,0.2530381679534912,0.7591974139213562,0.7936270833015442
2,0.2381904125213623,0.23321925103664398,0.6936047077178955,0.7357615828514099
3,0.24907945096492767,0.240843266248703,0.6677679419517517,0.6793084740638733
4,0.19669769704341888,0.22277049720287323,0.6425384283065796,0.6783460974693298
5,0.19196391105651855,0.2257131189107895,0.6769940853118896,0.6670547723770142
6,0.19196391105651855,0.2257131189107895,0.6769940853118896,0.6670547723770142
7,0.28739622235298157,0.21205203235149384,0.7053272128105164,0.7202171087265015
8,0.2693673074245453,0.20604845881462097,0.7093139886856079,0.8077065348625183
9,0.27724629640579224,0.20568585395812988,0.685093343257904,0.8056513071060181
10,0.27972397208213806,0.20435845851898193,0.6902562379837036,0.8182007670402527
11,0.2555404007434845,0.1995343118906021,0.6743261218070984,0.8498797416687012
12,0.3055017292499542,0.21660318970680237,0.7115890979766846,0.8483937978744507
13,0.273174911737442,0.19159002602100372,0.6862542629241943,0.8669602274894714
14,0.28856703639030457,0.20660658180713654,0.683331310749054,0.8546378016471863
15,0.27812978625297546,0.19564884901046753,0.6922035217285156,0.863119900226593
16,0.2722594439983368,0.2095014750957489,0.6962052583694458,0.8863874673843384
17,0.2789768576622009,0.20331725478172302,0.6721923351287842,0.8519865870475769
18,0.3233608603477478,0.21436966955661774,0.7222671508789062,0.8495033383369446
19,0.28458860516548157,0.20453496277332306,0.7151145935058594,0.9074791073799133
20,0.31627896428108215,0.2539142370223999,0.7301114797592163,0.9441446661949158
21,0.2783450186252594,0.22312921285629272,0.7170128226280212,0.9380924701690674
22,0.3053656220436096,0.20823882520198822,0.7159258127212524,0.878258466720581
23,0.2829914391040802,0.1982411891222,0.6851797699928284,0.8692703247070312
24,0.2957616448402405,0.20607350766658783,0.7441509962081909,0.9352736473083496
25,0.28558969497680664,0.2164606899023056,0.7222687005996704,0.9361937642097473
26,0.30576762557029724,0.20949329435825348,0.7179162502288818,0.8949413895606995
27,0.27285847067832947,0.21128158271312714,0.7429644465446472,0.9529189467430115
28,0.2779262959957123,0.21356207132339478,0.737734317779541,0.9540347456932068
29,0.26938295364379883,0.22500038146972656,0.704417884349823,0.956427276134491
30,0.3022255301475525,0.2250339835882187,0.7362678647041321,0.8981812000274658
31,0.23718973994255066,0.19189278781414032,0.7009667754173279,0.9650259017944336
32,0.2946847677230835,0.20569689571857452,0.7307069301605225,0.9271283149719238
33,0.289768248796463,0.21922966837882996,0.7173557877540588,0.9480994939804077
34,0.2728244960308075,0.21413052082061768,0.7513005137443542,0.964102566242218
35,0.29318442940711975,0.20969191193580627,0.7560960054397583,0.9554665684700012
36,0.2745201587677002,0.20073634386062622,0.7228750586509705,0.9649189710617065
37,0.2539532780647278,0.20319685339927673,0.7264081835746765,0.9749899506568909
38,0.246663436293602,0.2022610753774643,0.7117593884468079,0.9771757125854492
39,0.22594690322875977,0.1960068792104721,0.6940735578536987,0.9566137790679932
40,0.24492090940475464,0.19961883127689362,0.7151767015457153,0.9619960784912109
41,0.2711131274700165,0.2091744989156723,0.7673975229263306,1.0200538635253906
42,0.26971083879470825,0.19888384640216827,0.6987152695655823,0.9131466150283813
43,0.26892372965812683,0.20332203805446625,0.7188869714736938,0.9693928956985474
44,0.2536410689353943,0.20663142204284668,0.7076243758201599,0.9691440463066101
45,0.2838195860385895,0.227351576089859,0.7663623690605164,0.9953805804252625
46,0.2674643099308014,0.2118714600801468,0.7314292192459106,1.0023826360702515
47,0.24995028972625732,0.20003579556941986,0.7041832208633423,0.9815636873245239
48,0.25699546933174133,0.20463968813419342,0.7065809965133667,0.9854567050933838
49,0.25372135639190674,0.20558904111385345,0.6861655116081238,0.9473186135292053
50,0.24215465784072876,0.2142701894044876,0.6898377537727356,0.9782500267028809
51,0.28891754150390625,0.2214908003807068,0.7333159446716309,0.9594701528549194
52,0.24889454245567322,0.2146754115819931,0.7212862372398376,0.9983118176460266
53,0.24003879725933075,0.2014443725347519,0.6914913654327393,0.9624612331390381
54,0.25832125544548035,0.22066159546375275,0.7133777737617493,0.9779336452484131
55,0.24517686665058136,0.19776423275470734,0.6894304156303406,0.9516969323158264
56,0.23400555551052094,0.19167882204055786,0.6800476312637329,0.9582662582397461
57,0.2174406796693802,0.20336024463176727,0.6961479783058167,1.001807689666748
58,0.23908957839012146,0.18226777017116547,0.7017022371292114,0.9821462631225586
59,0.21903903782367706,0.19987842440605164,0.7064099907875061,1.0308010578155518
60,0.2515201270580292,0.2090507298707962,0.7071954011917114,1.0020250082015991
61,0.22570911049842834,0.19067779183387756,0.7044316530227661,1.0100364685058594
62,0.2272416651248932,0.18763265013694763,0.6695202589035034,0.9506528973579407
63,0.21335937082767487,0.19008803367614746,0.7284497618675232,1.024318814277649
64,0.26525163650512695,0.19954854249954224,0.7202353477478027,0.9372172951698303
65,0.21812894940376282,0.1846493035554886,0.7137367129325867,1.012911319732666
66,0.21841156482696533,0.18891707062721252,0.6746472716331482,0.9751879572868347
67,0.21332237124443054,0.1968315988779068,0.7030971646308899,1.0424785614013672
68,0.22443951666355133,0.20648030936717987,0.7029341459274292,1.0186141729354858
69,0.2225881963968277,0.20239409804344177,0.6717253923416138,0.9816085696220398
70,0.22455911338329315,0.20097215473651886,0.6972247362136841,1.006136178970337
71,0.22528550028800964,0.18811677396297455,0.6525220274925232,0.9392591118812561
72,0.2373727262020111,0.21575531363487244,0.6884822249412537,1.0087043046951294
73,0.19985347986221313,0.17769084870815277,0.6576337814331055,0.9923886060714722
74,0.2339211255311966,0.18620188534259796,0.6642446517944336,0.9455462098121643
75,0.21178562939167023,0.2085602730512619,0.7229679226875305,1.0485976934432983
76,0.20649376511573792,0.17616799473762512,0.6431530714035034,0.9443995952606201
77,0.1996476799249649,0.20036321878433228,0.6501485109329224,0.978628933429718
78,0.22752173244953156,0.19238600134849548,0.6923855543136597,0.9772942662239075
79,0.2147613763809204,0.19274868071079254,0.674803614616394,1.018861174583435
80,0.2254009246826172,0.18370744585990906,0.6928226947784424,0.9858556985855103
81,0.20405390858650208,0.18393683433532715,0.6522734761238098,0.9705386757850647
82,0.23062893748283386,0.1883770078420639,0.6849621534347534,0.9535271525382996
83,0.22362424433231354,0.1873537302017212,0.7090162038803101,1.0156651735305786
84,0.24110382795333862,0.2101050317287445,0.7017201781272888,0.9968658089637756
85,0.21737106144428253,0.19340182840824127,0.7060570120811462,1.0242588520050049
86,0.20212437212467194,0.1866121143102646,0.6846182346343994,1.0021356344223022
87,0.2220027893781662,0.19787083566188812,0.7344781160354614,1.0709723234176636
88,0.20237354934215546,0.1928413212299347,0.651656985282898,0.9862450361251831
89,0.226650670170784,0.18114718794822693,0.6668036580085754,0.9528232216835022
90,0.2077028900384903,0.19376128911972046,0.68033766746521,1.0043907165527344
91,0.2295316457748413,0.1892959475517273,0.6929334402084351,0.9749389290809631
92,0.21064935624599457,0.19212578237056732,0.6778265833854675,0.9846463799476624
93,0.18971101939678192,0.19774672389030457,0.715945839881897,1.094123363494873
94,0.23213443160057068,0.18936100602149963,0.6770842671394348,0.9575128555297852
95,0.21683146059513092,0.20486009120941162,0.6806319355964661,1.0190659761428833
96,0.19395747780799866,0.17540593445301056,0.6870206594467163,1.0224132537841797
97,0.203889861702919,0.19199682772159576,0.6814585328102112,1.0213197469711304
98,0.22057925164699554,0.19540636241436005,0.7007745504379272,1.0068632364273071
99,0.2171897292137146,0.19820737838745117,0.6633251309394836,0.9993652105331421
100,0.2367158979177475,0.19042441248893738,0.6862894892692566,0.970643937587738
101,0.20155330002307892,0.18205688893795013,0.6674873232841492,1.0127328634262085
102,0.21232245862483978,0.2042894810438156,0.7052990794181824,1.063232660293579
103,0.22608120739459991,0.19205506145954132,0.6329672336578369,0.9201710224151611
104,0.23231332004070282,0.19780179858207703,0.688116729259491,1.0021083354949951
105,0.21602794528007507,0.17877304553985596,0.6483903527259827,0.9518879652023315
106,0.21242524683475494,0.17081303894519806,0.6426528692245483,0.9574551582336426
107,0.2131841629743576,0.19488239288330078,0.6652535796165466,0.9837744832038879
108,0.20372837781906128,0.17682455480098724,0.6364001035690308,0.9420167803764343
109,0.22645501792430878,0.1858256459236145,0.6614996194839478,0.9533517956733704
110,0.23310136795043945,0.1982339769601822,0.6883034706115723,0.9873935580253601
111,0.17401641607284546,0.22854463756084442,0.7513466477394104,1.210212230682373
112,0.20561090111732483,0.1906784474849701,0.6997420787811279,1.0137373208999634
113,0.20503050088882446,0.194559246301651,0.685772180557251,1.033959150314331
114,0.20994140207767487,0.19190359115600586,0.669449508190155,1.0187541246414185
115,0.2273358404636383,0.1914283037185669,0.6651404500007629,0.9533070921897888
116,0.1991003453731537,0.2253190577030182,0.7371963858604431,1.1345378160476685
117,0.2046927511692047,0.1851930469274521,0.6463067531585693,0.9744148850440979
118,0.20599618554115295,0.1789364367723465,0.6666043996810913,0.9854650497436523
119,0.21303173899650574,0.17493584752082825,0.6572627425193787,0.9605146050453186
120,0.215894415974617,0.20539358258247375,0.6746828556060791,0.9950917363166809
121,0.2348932921886444,0.19226093590259552,0.6788694858551025,0.9853163361549377
122,0.21781037747859955,0.19654233753681183,0.668254017829895,1.0027095079421997
123,0.2004932314157486,0.1870657503604889,0.6537824869155884,1.0137354135513306
124,0.20030179619789124,0.183042973279953,0.6387943625450134,0.977510929107666
125,0.2021765261888504,0.1718759536743164,0.632305920124054,0.9547379016876221
126,0.22222815454006195,0.18318761885166168,0.6690640449523926,0.9732523560523987
127,0.21219919621944427,0.17754065990447998,0.6750369071960449,0.982860267162323
128,0.21291093528270721,0.1863890290260315,0.648413896560669,0.9639143347740173
129,0.21211197972297668,0.19440345466136932,0.6529473662376404,0.9879674911499023
130,0.20829658210277557,0.18547441065311432,0.6656263470649719,0.9712257981300354
131,0.1979517787694931,0.17917299270629883,0.6608171463012695,1.001326322555542
132,0.22486263513565063,0.23454099893569946,0.7307553291320801,1.10419499874115
133,0.22167611122131348,0.19430933892726898,0.6665346622467041,0.9805579781532288
134,0.21098491549491882,0.19282209873199463,0.6521750688552856,0.9554343819618225
135,0.2320752888917923,0.19398902356624603,0.6928731203079224,0.9958622455596924
136,0.2141195684671402,0.1819644570350647,0.6870297789573669,1.0092650651931763
137,0.19427542388439178,0.1817856729030609,0.6458271145820618,0.9838383793830872
138,0.19522996246814728,0.17983806133270264,0.6484012603759766,0.9735959768295288
139,0.2235502004623413,0.1790841817855835,0.6719049215316772,0.9829594492912292
140,0.2183966040611267,0.17984676361083984,0.6674840450286865,1.0001355409622192
141,0.1986585408449173,0.19113586843013763,0.6952033638954163,1.020366907119751
142,0.22334831953048706,0.17260733246803284,0.6557076573371887,0.954008162021637
143,0.20711910724639893,0.1976194977760315,0.688056230545044,1.0292612314224243
144,0.22180677950382233,0.17293180525302887,0.6664179563522339,0.9704626798629761
145,0.1908561736345291,0.17245535552501678,0.6302169561386108,0.9696105718612671
146,0.19650989770889282,0.17204120755195618,0.6207355856895447,0.9510369896888733
147,0.22233368456363678,0.17372092604637146,0.6556253433227539,0.9457338452339172
148,0.20917560160160065,0.22717787325382233,0.7724039554595947,1.1495397090911865
149,0.20529226958751678,0.18191927671432495,0.6836921572685242,1.0001404285430908
150,0.22428174316883087,0.1988811045885086,0.7180189490318298,1.0438131093978882
151,0.22847478091716766,0.1741710901260376,0.6718103885650635,0.9427232146263123
152,0.1606658399105072,0.15187498927116394,0.5471880435943604,0.9427242875099182
153,0.16103795170783997,0.15639887750148773,0.5284131765365601,0.9463905692100525
154,0.1590704619884491,0.15693457424640656,0.5377771258354187,0.9737547039985657
155,0.15381251275539398,0.15941937267780304,0.532622754573822,0.9855049252510071
156,0.1504812240600586,0.17188745737075806,0.5382128357887268,1.010356068611145
157,0.14734525978565216,0.16808412969112396,0.514980137348175,1.0121657848358154
158,0.14088471233844757,0.1706380546092987,0.5161541104316711,1.0271213054656982
159,0.132345512509346,0.17069700360298157,0.5153037309646606,1.0500638484954834
160,0.15093059837818146,0.17882081866264343,0.5326768755912781,1.0515750646591187
161,0.1399720311164856,0.16997170448303223,0.5159635543823242,1.0235286951065063
162,0.14600524306297302,0.17312844097614288,0.5046711564064026,1.007201910018921
163,0.14516788721084595,0.18017297983169556,0.5120635628700256,1.033385992050171
164,0.14563050866127014,0.17465591430664062,0.5007091164588928,1.0123820304870605
165,0.13943853974342346,0.17435191571712494,0.4983575642108917,1.0275654792785645
166,0.13314099609851837,0.17513762414455414,0.49645471572875977,1.0483721494674683
167,0.13378167152404785,0.18295666575431824,0.49849414825439453,1.0498842000961304
168,0.14315757155418396,0.18274076282978058,0.500299870967865,1.034019947052002
169,0.14550602436065674,0.1802624613046646,0.49126163125038147,1.0127573013305664
170,0.12401366233825684,0.18363335728645325,0.49022534489631653,1.0563085079193115
171,0.13633166253566742,0.1839112788438797,0.4830559194087982,1.0221048593521118
172,0.13980835676193237,0.18857376277446747,0.49406349658966064,1.0409470796585083
173,0.13904257118701935,0.1850067675113678,0.4975694715976715,1.0469961166381836
174,0.12478164583444595,0.1832583099603653,0.47773393988609314,1.0454623699188232
175,0.13354071974754333,0.18182265758514404,0.48696547746658325,1.0488778352737427
176,0.1352299302816391,0.18164277076721191,0.5035232901573181,1.097349762916565
177,0.13938742876052856,0.18223802745342255,0.49117523431777954,1.0485872030258179
178,0.14953941106796265,0.18376298248767853,0.4787829518318176,0.9914658665657043
179,0.12997348606586456,0.18862269818782806,0.4748995304107666,1.023390769958496
180,0.1361997425556183,0.18687500059604645,0.46525248885154724,1.0009101629257202
181,0.1325630247592926,0.1888408660888672,0.47563260793685913,1.0372157096862793
182,0.13317465782165527,0.19429853558540344,0.46974286437034607,1.0328125953674316
183,0.13564042747020721,0.18994379043579102,0.4777276813983917,1.0372123718261719
184,0.15657180547714233,0.19972769916057587,0.49895524978637695,1.0312665700912476
185,0.1352010816335678,0.19303885102272034,0.4656958281993866,1.0069307088851929
186,0.13848137855529785,0.18620610237121582,0.4622426927089691,1.0009682178497314
187,0.15137426555156708,0.19047124683856964,0.4705791771411896,0.9885634779930115
188,0.14939682185649872,0.1858479231595993,0.4661300778388977,0.9931755065917969
189,0.13829706609249115,0.18833518028259277,0.45895281434059143,0.9937650561332703
190,0.13900703191757202,0.2011212259531021,0.4620117247104645,1.0206936597824097
191,0.12723863124847412,0.1966954618692398,0.4681853950023651,1.0561046600341797
192,0.13308127224445343,0.2040943205356598,0.46353915333747864,1.053238034248352
193,0.127132847905159,0.196491539478302,0.4557158052921295,1.0461653470993042
194,0.14073359966278076,0.19911909103393555,0.4601205587387085,1.0006868839263916
195,0.13683058321475983,0.2016189843416214,0.45348507165908813,1.0136181116104126
196,0.1385056972503662,0.19745361804962158,0.4626675546169281,1.0351811647415161
197,0.12904465198516846,0.20234572887420654,0.44486531615257263,1.012192964553833
198,0.1368105709552765,0.1970280259847641,0.45007532835006714,1.005908727645874
199,0.15291020274162292,0.19265680015087128,0.45633697509765625,0.9767387509346008
200,0.1442156583070755,0.19545422494411469,0.46042749285697937,1.015212893486023
201,0.13148610293865204,0.1982770711183548,0.43560120463371277,0.9888477921485901
202,0.11758618801832199,0.2169254720211029,0.44244080781936646,1.0553340911865234
203,0.13628970086574554,0.2029496729373932,0.44859448075294495,1.023037075996399
204,0.1422146111726761,0.1987355351448059,0.4521889388561249,1.0140689611434937
205,0.14427943527698517,0.20363441109657288,0.45328301191329956,0.997724711894989
206,0.13995195925235748,0.2073264867067337,0.4571780860424042,1.0329850912094116
207,0.1323104202747345,0.20527228713035583,0.44611743092536926,1.0306503772735596
208,0.1414736658334732,0.20359402894973755,0.4549075961112976,1.0102028846740723
209,0.1407184898853302,0.20335645973682404,0.4474821090698242,1.0037121772766113
210,0.13266554474830627,0.20388834178447723,0.42903417348861694,0.990365207195282
211,0.13654783368110657,0.2108881175518036,0.4395737648010254,1.012905478477478
212,0.13434477150440216,0.2007519006729126,0.44222378730773926,1.0101301670074463
213,0.14545081555843353,0.2005072981119156,0.4432118535041809,0.9910067915916443
214,0.14180371165275574,0.2076297551393509,0.4439210593700409,0.9913662672042847
215,0.1341581642627716,0.20747627317905426,0.436887264251709,1.0212697982788086
216,0.1313425600528717,0.20994296669960022,0.4256335496902466,1.0132665634155273
217,0.12355578690767288,0.20368079841136932,0.42102447152137756,1.0118250846862793
218,0.12725050747394562,0.21066085994243622,0.4321240186691284,1.0320978164672852
219,0.13831177353858948,0.20157137513160706,0.4419606029987335,1.0302342176437378
220,0.12189953774213791,0.21725477278232574,0.4329783618450165,1.0463526248931885
221,0.11981586366891861,0.2196560651063919,0.41439664363861084,1.0145564079284668
222,0.12611590325832367,0.20286214351654053,0.42278721928596497,1.016740322113037
223,0.131488636136055,0.21269674599170685,0.43136975169181824,1.0240882635116577
224,0.14339740574359894,0.20427370071411133,0.4266355037689209,0.9599734544754028
225,0.13263726234436035,0.21554473042488098,0.43074312806129456,1.0250146389007568
226,0.13331936299800873,0.22098995745182037,0.4289969503879547,1.0132262706756592
227,0.14052309095859528,0.2180764228105545,0.4414779543876648,1.0288816690444946
228,0.11932283639907837,0.2212553471326828,0.42523154616355896,1.0487090349197388
229,0.1238475814461708,0.20833048224449158,0.43225744366645813,1.0385937690734863
230,0.1284417361021042,0.2194320261478424,0.4227510988712311,1.010627269744873
231,0.138192817568779,0.21406571567058563,0.43883368372917175,1.0369945764541626
232,0.1270284205675125,0.21399815380573273,0.4152383506298065,1.0052490234375
233,0.13115189969539642,0.2175363451242447,0.43516701459884644,1.0354558229446411
234,0.14885178208351135,0.2064441293478012,0.42783474922180176,0.9685201048851013
235,0.12814226746559143,0.22392523288726807,0.42071768641471863,1.0348643064498901
236,0.12965844571590424,0.20962904393672943,0.4152776598930359,0.9973476529121399
237,0.1333474963903427,0.21564766764640808,0.41805633902549744,0.9906946420669556
238,0.13510803878307343,0.21329335868358612,0.42263373732566833,1.023146152496338
239,0.13063761591911316,0.22287337481975555,0.4239233732223511,1.0105760097503662
240,0.14290347695350647,0.21394018828868866,0.4371662139892578,1.0143927335739136
241,0.1371127814054489,0.216591939330101,0.4251319169998169,0.9994063377380371
242,0.14696381986141205,0.21401217579841614,0.428400456905365,0.9879834055900574
243,0.14400489628314972,0.2103983759880066,0.4287561774253845,0.9980728626251221
244,0.1360769122838974,0.21016646921634674,0.4180431663990021,0.9782335162162781
245,0.1285739541053772,0.22534839808940887,0.42919743061065674,1.0420482158660889
246,0.1423460990190506,0.2193198800086975,0.4290893077850342,0.9855836629867554
247,0.1482287347316742,0.20214104652404785,0.4167563021183014,0.9425206184387207
248,0.13382452726364136,0.22345833480358124,0.4233042597770691,1.0155397653579712
249,0.13159269094467163,0.21713881194591522,0.42210617661476135,1.0085948705673218
250,0.13691824674606323,0.22124123573303223,0.4238262176513672,1.000057578086853
251,0.13437962532043457,0.23366811871528625,0.4213269054889679,1.0263601541519165
252,0.1380344182252884,0.21676817536354065,0.415291965007782,0.977624237537384
253,0.13997791707515717,0.22625499963760376,0.4254043996334076,0.9983566403388977
254,0.15193535387516022,0.22404196858406067,0.42305538058280945,0.9756984114646912
255,0.12592656910419464,0.23156000673770905,0.40941908955574036,1.0179400444030762
256,0.13885405659675598,0.2129703313112259,0.4101550877094269,0.9738304615020752
257,0.16012395918369293,0.22536440193653107,0.44221583008766174,0.9759778380393982
258,0.14230608940124512,0.22702962160110474,0.42369478940963745,1.004130482673645
259,0.1467030644416809,0.23419271409511566,0.4345325529575348,1.0254451036453247
260,0.1333642452955246,0.21817883849143982,0.4018189609050751,0.9686489701271057
261,0.13274720311164856,0.21700958907604218,0.40941283106803894,0.9869087934494019
262,0.14732886850833893,0.2257918417453766,0.4216075539588928,0.9836789965629578
263,0.14195744693279266,0.209725022315979,0.419046014547348,0.9831840395927429
264,0.13316495716571808,0.22718065977096558,0.41620561480522156,1.010492205619812
265,0.12854419648647308,0.2201038897037506,0.40948158502578735,1.0213302373886108
266,0.12654194235801697,0.21824084222316742,0.400922030210495,0.9826630353927612
267,0.14383594691753387,0.2141919732093811,0.41664278507232666,0.9765084981918335
268,0.14257028698921204,0.21895238757133484,0.40844491124153137,0.9618626832962036
269,0.1376912146806717,0.21954330801963806,0.4133586287498474,0.9853971004486084
270,0.1436343491077423,0.2229814976453781,0.4143705666065216,0.9854419827461243
271,0.13888469338417053,0.21642985939979553,0.4080686867237091,0.9741737246513367
272,0.1318664401769638,0.22775600850582123,0.4041612446308136,1.0330010652542114
273,0.13257107138633728,0.21181516349315643,0.4122743606567383,1.0047770738601685
274,0.14359374344348907,0.22284886240959167,0.4124608039855957,0.9918971061706543
275,0.1360887885093689,0.21927829086780548,0.40897059440612793,0.982957661151886
276,0.1389666348695755,0.2134649157524109,0.40158501267433167,0.9502794742584229
277,0.14473849534988403,0.22437073290348053,0.4156253933906555,0.9907745718955994
278,0.13915380835533142,0.22424297034740448,0.41754522919654846,0.9929981231689453
279,0.14774176478385925,0.22306565940380096,0.41918978095054626,0.9845864772796631
280,0.14144375920295715,0.2082895040512085,0.3940802812576294,0.9258219003677368
281,0.12908026576042175,0.21792559325695038,0.38843053579330444,0.9587107300758362
282,0.12133380770683289,0.21747994422912598,0.38199692964553833,0.9530286192893982
283,0.1459309607744217,0.2272443175315857,0.4018406569957733,0.9439965486526489
284,0.13342516124248505,0.22916367650032043,0.4063357412815094,1.0015462636947632
285,0.12298388034105301,0.21791347861289978,0.39081284403800964,0.9801793694496155
286,0.14272399246692657,0.2306433618068695,0.41557180881500244,0.987492024898529
287,0.15182164311408997,0.22964419424533844,0.41066479682922363,0.9503456354141235
288,0.14725741744041443,0.21943573653697968,0.4008074402809143,0.9456725120544434
289,0.12876677513122559,0.22992528975009918,0.39439448714256287,0.9780951738357544
290,0.1418321281671524,0.23464927077293396,0.4065071642398834,0.988539457321167
291,0.13915273547172546,0.22214248776435852,0.3959563076496124,0.9401642084121704
292,0.14222048223018646,0.2307949662208557,0.40681904554367065,0.974820077419281
293,0.1368120312690735,0.23576699197292328,0.39693906903266907,0.9704066514968872
294,0.14829349517822266,0.22801578044891357,0.40790313482284546,0.9698157906532288
295,0.14136381447315216,0.22806409001350403,0.4013853967189789,0.9747739434242249
296,0.12782107293605804,0.23788443207740784,0.40721508860588074,1.0310087203979492
297,0.12993891537189484,0.22868891060352325,0.4029230773448944,1.0207440853118896
298,0.13319502770900726,0.23731756210327148,0.39529672265052795,0.9769300222396851
299,0.14100071787834167,0.2232723832130432,0.4053022861480713,0.9790934324264526
300,0.1433534175157547,0.23577101528644562,0.40692001581192017,0.9831652045249939
301,0.13005495071411133,0.22838062047958374,0.4030601382255554,1.011310338973999
302,0.1323736011981964,0.22853806614875793,0.39504119753837585,0.9883171916007996
303,0.13248825073242188,0.22971010208129883,0.3965858817100525,0.9989489316940308
304,0.12780992686748505,0.24351145327091217,0.40184375643730164,1.0293179750442505
305,0.1323326677083969,0.23524238169193268,0.3963262438774109,0.9981874823570251
306,0.13222460448741913,0.23292125761508942,0.393756240606308,0.9912465810775757
307,0.12448759377002716,0.23557807505130768,0.38957980275154114,1.008255958557129
308,0.12342526018619537,0.24274490773677826,0.3894069492816925,1.0115724802017212
309,0.1280384063720703,0.24059560894966125,0.3901938199996948,1.0087004899978638
310,0.13491825759410858,0.23785561323165894,0.4009225368499756,1.014665126800537
311,0.12952058017253876,0.2359970211982727,0.39185547828674316,1.0013915300369263
312,0.13067379593849182,0.23557531833648682,0.39880606532096863,1.0290074348449707
313,0.13172796368598938,0.23917067050933838,0.3971932828426361,1.0088520050048828
314,0.1280316561460495,0.25135064125061035,0.4033564627170563,1.0398290157318115
315,0.12564988434314728,0.24551621079444885,0.39436233043670654,1.0228140354156494
316,0.12233856320381165,0.24232009053230286,0.39084485173225403,1.0236445665359497
317,0.13557970523834229,0.24259191751480103,0.4024435579776764,1.0189704895019531
318,0.11582308262586594,0.2547878324985504,0.3892897963523865,1.0439988374710083
319,0.13066118955612183,0.24440790712833405,0.39520955085754395,1.0096441507339478
320,0.13004179298877716,0.2471807897090912,0.39725929498672485,1.0188651084899902
321,0.13152730464935303,0.24102269113063812,0.3930494785308838,0.9956510066986084
322,0.13082532584667206,0.2393377721309662,0.39229947328567505,0.9946006536483765
323,0.12455569952726364,0.24913543462753296,0.3930777311325073,1.016629934310913
324,0.12814652919769287,0.2417403608560562,0.39027896523475647,0.9977245926856995
325,0.1258811056613922,0.2399999350309372,0.39189305901527405,1.0133427381515503
326,0.1140398383140564,0.2528773844242096,0.3880595862865448,1.0450966358184814
327,0.12098995596170425,0.247206911444664,0.39283350110054016,1.0321136713027954
328,0.12413889169692993,0.2463115006685257,0.3914485573768616,1.0220510959625244
329,0.1165490597486496,0.25207164883613586,0.39187997579574585,1.049957513809204
330,0.12985217571258545,0.24294833838939667,0.3896104097366333,0.9951629042625427
331,0.12061137706041336,0.2532286047935486,0.38936761021614075,1.0292428731918335
332,0.12457275390625,0.24838046729564667,0.394904762506485,1.0333753824234009
333,0.11730250716209412,0.25240597128868103,0.38822659850120544,1.0369038581848145
334,0.11399375647306442,0.2540304660797119,0.39610394835472107,1.0795758962631226
335,0.12053883820772171,0.2456895411014557,0.39168059825897217,1.036186933517456
336,0.12640555202960968,0.2540664076805115,0.4033396542072296,1.0542964935302734
337,0.12604521214962006,0.248530313372612,0.3950164318084717,1.0283466577529907
338,0.12591451406478882,0.2497185617685318,0.3955858051776886,1.0295186042785645
339,0.12706907093524933,0.2465231716632843,0.3994123637676239,1.0363343954086304
340,0.12135525047779083,0.2483004629611969,0.39067623019218445,1.0309158563613892
341,0.12398183345794678,0.2519024610519409,0.3964693546295166,1.0371273756027222
342,0.12353067100048065,0.25271525979042053,0.402820885181427,1.0650686025619507
343,0.12301790714263916,0.25133979320526123,0.39733874797821045,1.0501888990402222
344,0.12353082746267319,0.2613164186477661,0.4035467207431793,1.0732786655426025
345,0.12478123605251312,0.2528402507305145,0.3994004726409912,1.0516152381896973
346,0.1285461038351059,0.25095295906066895,0.404689222574234,1.0557267665863037
347,0.11732301115989685,0.2559110224246979,0.3901076316833496,1.0485750436782837
348,0.12034369260072708,0.2547593414783478,0.39761096239089966,1.0606269836425781
349,0.12443996965885162,0.25458890199661255,0.39771711826324463,1.0449517965316772
350,0.11932924389839172,0.2645125091075897,0.4001612365245819,1.0753989219665527
351,0.12643447518348694,0.25779858231544495,0.40042412281036377,1.0542361736297607
352,0.13111692667007446,0.253175288438797,0.3996182978153229,1.0340956449508667
353,0.12571150064468384,0.2548261284828186,0.3988369107246399,1.0497667789459229
354,0.11531469225883484,0.25826960802078247,0.39403852820396423,1.0712661743164062
355,0.12246005982160568,0.2507089674472809,0.39364588260650635,1.042435884475708
356,0.12111327052116394,0.25399234890937805,0.3972659707069397,1.0544257164001465
357,0.12332533299922943,0.25273579359054565,0.39694687724113464,1.0471227169036865
358,0.11685232818126678,0.25991737842559814,0.39655300974845886,1.064178466796875
359,0.12350594997406006,0.2549976408481598,0.3968384563922882,1.0453742742538452
360,0.12281373888254166,0.25331151485443115,0.39721691608428955,1.048627495765686
