1,1.6407153606414795,0.24428854882717133,1.8376269340515137,0.2931734323501587
2,1.58293879032135,0.2817574739456177,1.7877013683319092,0.30850133299827576
3,1.5502883195877075,0.2978050410747528,1.7813793420791626,0.31008031964302063
4,1.4460691213607788,0.35903024673461914,1.747380018234253,0.3576311469078064
5,1.4299625158309937,0.4167119264602661,1.7949175834655762,0.3721408247947693
6,1.4211832284927368,0.41364312171936035,1.7965604066848755,0.3711453676223755
7,0.4574556350708008,0.503288745880127,0.6913461089134216,0.627982497215271
8,0.4280911982059479,0.5144177079200745,0.5465977787971497,0.5990146398544312
9,0.46939271688461304,0.5344891548156738,0.5458126068115234,0.5975030660629272
10,0.44138604402542114,0.5240564942359924,0.5115984082221985,0.5901309251785278
11,0.4084012508392334,0.4696579575538635,0.5308809280395508,0.5941703915596008
12,0.34875568747520447,0.49529290199279785,0.4577784836292267,0.619754433631897
13,0.38259798288345337,0.5044047832489014,0.4866211712360382,0.6229468584060669
14,0.38336947560310364,0.5138558745384216,0.48589107394218445,0.6217890381813049
15,0.3857297897338867,0.49349522590637207,0.48521554470062256,0.6035704016685486
16,0.39319705963134766,0.4817688465118408,0.48453855514526367,0.5724016427993774
17,0.40796229243278503,0.5169696807861328,0.5043893456459045,0.6156999468803406
18,0.396579384803772,0.51537024974823,0.4883682429790497,0.6204448938369751
19,0.4207874536514282,0.5025087594985962,0.5086082220077515,0.6007083058357239
20,0.3906806707382202,0.5040375590324402,0.48172178864479065,0.6116852164268494
21,0.3949431777000427,0.500993013381958,0.4886045455932617,0.6173364520072937
22,0.3604351580142975,0.5228296518325806,0.44804707169532776,0.6229454874992371
23,0.3951554298400879,0.5715744495391846,0.49033036828041077,0.695401668548584
24,0.3704266846179962,0.5133183598518372,0.45806384086608887,0.6281624436378479
25,0.37031006813049316,0.5242846012115479,0.4530072510242462,0.631786048412323
26,0.39631301164627075,0.504098117351532,0.4749310612678528,0.606058657169342
27,0.3838736414909363,0.544981837272644,0.4663717746734619,0.656330943107605
28,0.36732739210128784,0.5410542488098145,0.4496506452560425,0.6509279608726501
29,0.37667182087898254,0.5188766717910767,0.44829559326171875,0.610895574092865
30,0.375076025724411,0.5446982979774475,0.45002609491348267,0.6340219378471375
31,0.35265448689460754,0.5395776033401489,0.4248954653739929,0.6332141757011414
32,0.3962222635746002,0.5347347259521484,0.4711105525493622,0.6303822994232178
33,0.35080277919769287,0.5417513847351074,0.4249255359172821,0.6395910382270813
34,0.3603484332561493,0.5416457653045654,0.4275400936603546,0.6192941069602966
35,0.4025614261627197,0.5651828050613403,0.4686617851257324,0.6536030769348145
36,0.3706273138523102,0.5656536221504211,0.4421977996826172,0.6630798578262329
37,0.3850366175174713,0.5336607694625854,0.45456957817077637,0.620519757270813
38,0.3604719340801239,0.5483013391494751,0.4228286147117615,0.6188887357711792
39,0.3660276234149933,0.5833088755607605,0.43640896677970886,0.6721746325492859
40,0.40230706334114075,0.5711650848388672,0.46633487939834595,0.6421499848365784
41,0.38808324933052063,0.5777002573013306,0.4522565007209778,0.6556023955345154
42,0.34913399815559387,0.5677840709686279,0.40829241275787354,0.6428818106651306
43,0.38914230465888977,0.5689703226089478,0.44795504212379456,0.635881245136261
44,0.3537326157093048,0.5852416753768921,0.4185953140258789,0.6679244637489319
45,0.34936487674713135,0.6104725003242493,0.4096581041812897,0.6786677241325378
46,0.38329604268074036,0.6092440485954285,0.4463227689266205,0.6788852214813232
47,0.37970298528671265,0.5993569493293762,0.4366956055164337,0.6611055731773376
48,0.35917407274246216,0.5910509824752808,0.4232481122016907,0.6714590191841125
49,0.3723491132259369,0.6010982394218445,0.42486560344696045,0.6569972634315491
50,0.38419899344444275,0.5770328044891357,0.44550126791000366,0.6532261371612549
51,0.405767560005188,0.5680056214332581,0.4654254913330078,0.652376651763916
52,0.3878062069416046,0.6317512392997742,0.4450760781764984,0.6940709352493286
53,0.3707847595214844,0.6074004769325256,0.4265477657318115,0.6677120923995972
54,0.3603841960430145,0.660947859287262,0.4165453612804413,0.7189986705780029
55,0.3692184090614319,0.6099984645843506,0.42341482639312744,0.6770886778831482
56,0.37638455629348755,0.6073746681213379,0.4267217516899109,0.6582600474357605
57,0.39483457803726196,0.595362663269043,0.4399868845939636,0.6304828524589539
58,0.38516947627067566,0.6103031635284424,0.43914246559143066,0.6633481979370117
59,0.37741243839263916,0.5701920390129089,0.4330517053604126,0.633833110332489
60,0.3672845959663391,0.6073073148727417,0.4216773509979248,0.6686816811561584
61,0.3452306091785431,0.669333279132843,0.39591267704963684,0.7219167947769165
62,0.36384278535842896,0.6282088756561279,0.4081486761569977,0.6471550464630127
63,0.356170654296875,0.6561898589134216,0.41243666410446167,0.7212920188903809
64,0.3571837246417999,0.6474782824516296,0.41104656457901,0.6997648477554321
65,0.3663538992404938,0.6407873630523682,0.4182051718235016,0.7023444771766663
66,0.3462968170642853,0.7022156119346619,0.39651986956596375,0.7475060820579529
67,0.3787442743778229,0.6573576927185059,0.42664504051208496,0.7045608758926392
68,0.3570829927921295,0.6641469597816467,0.4024944603443146,0.7060087323188782
69,0.36862868070602417,0.6621719598770142,0.41159552335739136,0.7043845653533936
70,0.40784063935279846,0.6310786604881287,0.45248913764953613,0.6682813167572021
71,0.38084831833839417,0.6789895296096802,0.4184124171733856,0.6989087462425232
72,0.3643459677696228,0.686951220035553,0.40677890181541443,0.7155514359474182
73,0.3621932566165924,0.7692080736160278,0.4187060594558716,0.8463850617408752
74,0.36240583658218384,0.6903865337371826,0.41164523363113403,0.742924690246582
75,0.36675432324409485,0.6381463408470154,0.4097842574119568,0.6790647506713867
76,0.34619075059890747,0.7042115330696106,0.3849184811115265,0.7257590293884277
77,0.33942604064941406,0.7326657772064209,0.3907138407230377,0.8045897483825684
78,0.3666299283504486,0.6591798663139343,0.40822115540504456,0.6975660920143127
79,0.3545636236667633,0.6956914663314819,0.39351898431777954,0.7257751226425171
80,0.3862224817276001,0.6839037537574768,0.42357727885246277,0.7218334078788757
81,0.3851134777069092,0.6873196363449097,0.429561972618103,0.7364403009414673
82,0.3629298210144043,0.6629524230957031,0.3992137312889099,0.6833850145339966
83,0.3444570004940033,0.6905034184455872,0.3876338303089142,0.7245835065841675
84,0.34904420375823975,0.7347549796104431,0.40107977390289307,0.7966445088386536
85,0.3541177213191986,0.6969292759895325,0.39411672949790955,0.7315627336502075
86,0.37530404329299927,0.6891705393791199,0.41547003388404846,0.7162453532218933
87,0.3641653060913086,0.7401726841926575,0.41647306084632874,0.8028204441070557
88,0.3691956102848053,0.7419477701187134,0.4058815538883209,0.7662680149078369
89,0.35877329111099243,0.6895527243614197,0.3929101228713989,0.702038049697876
90,0.3581373393535614,0.6840366125106812,0.38688674569129944,0.6875535845756531
91,0.34153690934181213,0.7305353879928589,0.37851327657699585,0.7564691305160522
92,0.3553861975669861,0.6726713180541992,0.38586825132369995,0.6866039633750916
93,0.3361126780509949,0.678322970867157,0.36812329292297363,0.6949067115783691
94,0.34684863686561584,0.6759232878684998,0.3729677200317383,0.6801257729530334
95,0.36515119671821594,0.7318713068962097,0.4044595956802368,0.7602059841156006
96,0.381637841463089,0.7258756160736084,0.4179828464984894,0.7597085237503052
97,0.38135620951652527,0.6802107095718384,0.4136902391910553,0.6979346871376038
98,0.400915265083313,0.6563075184822083,0.43717414140701294,0.6891587972640991
99,0.3826521337032318,0.7058326005935669,0.4189789295196533,0.7331064939498901
100,0.3556716740131378,0.681606113910675,0.37940311431884766,0.6772242188453674
101,0.35938191413879395,0.7239762544631958,0.3900170922279358,0.7413603067398071
102,0.37863588333129883,0.7625014185905457,0.41369330883026123,0.797636866569519
103,0.3701409697532654,0.7437773942947388,0.3964616358280182,0.7454873919487
104,0.3675776422023773,0.7070940136909485,0.39255690574645996,0.7069137692451477
105,0.3617238402366638,0.6911467909812927,0.3955833613872528,0.7131412625312805
106,0.35282665491104126,0.7227815985679626,0.37956491112709045,0.7304657101631165
107,0.3657209277153015,0.7057620286941528,0.3987882137298584,0.7220199704170227
108,0.37884852290153503,0.7608252167701721,0.41716238856315613,0.7945526838302612
109,0.3317738473415375,0.761939525604248,0.36346325278282166,0.7746915221214294
110,0.35933586955070496,0.7133496999740601,0.3867852985858917,0.7121637463569641
111,0.3872145414352417,0.7188339233398438,0.4134262204170227,0.7238039374351501
112,0.36360451579093933,0.7244925498962402,0.39256972074508667,0.7428324818611145
113,0.3856974244117737,0.7200334668159485,0.411432147026062,0.7322715520858765
114,0.3486577868461609,0.7106793522834778,0.37917160987854004,0.7304902672767639
115,0.3508554995059967,0.7363225221633911,0.3803349733352661,0.7560248970985413
116,0.35473495721817017,0.731269121170044,0.3794037103652954,0.7418069243431091
117,0.3557267487049103,0.7402772307395935,0.3889103829860687,0.7641279697418213
118,0.37499281764030457,0.7906225323677063,0.3938763737678528,0.7733334302902222
119,0.38099101185798645,0.7551209926605225,0.40283143520355225,0.7547098398208618
120,0.3680693805217743,0.7459664940834045,0.3890950381755829,0.7404785752296448
121,0.35699933767318726,0.7992804646492004,0.3850191831588745,0.8045342564582825
122,0.36933884024620056,0.8019900321960449,0.3887283205986023,0.7832460403442383
123,0.34461092948913574,0.7407135367393494,0.3717356026172638,0.7581678628921509
124,0.3663089871406555,0.7366371750831604,0.39783841371536255,0.759783148765564
125,0.37198373675346375,0.7582459449768066,0.4030827581882477,0.7758664488792419
126,0.3526019752025604,0.7316827774047852,0.3723849356174469,0.7272075414657593
127,0.38122114539146423,0.7459388375282288,0.3994868993759155,0.7336809039115906
128,0.3701693117618561,0.743233859539032,0.39381808042526245,0.7445045113563538
129,0.3731825649738312,0.79334956407547,0.39542466402053833,0.7937666177749634
130,0.35314634442329407,0.7917606234550476,0.36895114183425903,0.7571596503257751
131,0.35348188877105713,0.7878113389015198,0.37186846137046814,0.7703686356544495
132,0.37670302391052246,0.7576983571052551,0.3985391855239868,0.7467172145843506
133,0.3620527684688568,0.7804160118103027,0.3844129741191864,0.7838386297225952
134,0.3531932830810547,0.7891276478767395,0.3650464117527008,0.7673416137695312
135,0.3570033609867096,0.7539610862731934,0.3668096959590912,0.7218125462532043
136,0.345671147108078,0.7760748863220215,0.3609810769557953,0.758937418460846
137,0.36568713188171387,0.7769370079040527,0.39091914892196655,0.7876917719841003
138,0.35684680938720703,0.7679773569107056,0.37960106134414673,0.7722131013870239
139,0.3509977459907532,0.7437589168548584,0.3653743863105774,0.7226775884628296
140,0.34190869331359863,0.7917401194572449,0.3582620322704315,0.7746455073356628
141,0.3735198378562927,0.7548250555992126,0.39598312973976135,0.7509438991546631
142,0.36582934856414795,0.8275755643844604,0.39149871468544006,0.838938295841217
143,0.348829984664917,0.7715765237808228,0.36862730979919434,0.7641422748565674
144,0.35790228843688965,0.7879695892333984,0.37707677483558655,0.785464882850647
145,0.3426860272884369,0.7847835421562195,0.3604789674282074,0.7757366299629211
146,0.3864807188510895,0.7527796030044556,0.3996802866458893,0.7319803833961487
147,0.3582179546356201,0.804054856300354,0.3697485327720642,0.7885994911193848
148,0.35588452219963074,0.7557038068771362,0.3677385151386261,0.7356377243995667
149,0.3530028760433197,0.8097272515296936,0.36448660492897034,0.7772517800331116
150,0.37221747636795044,0.7877774238586426,0.3875448405742645,0.780398428440094
151,0.3791997730731964,0.8129450678825378,0.3972725570201874,0.8014310598373413
152,0.3496377766132355,0.8037320375442505,0.3498169183731079,0.7576206922531128
153,0.3376122713088989,0.8345766067504883,0.3302849531173706,0.7731598615646362
154,0.3474098742008209,0.8222649693489075,0.3428678512573242,0.7721615433692932
155,0.3442852795124054,0.8329898118972778,0.33662906289100647,0.775486171245575
156,0.35479897260665894,0.861793577671051,0.3447251319885254,0.7927675247192383
157,0.34815970063209534,0.8553004860877991,0.33661478757858276,0.7879287600517273
158,0.35081222653388977,0.8543250560760498,0.34391266107559204,0.8015050292015076
159,0.34435099363327026,0.8893733024597168,0.3288387656211853,0.8124420046806335
160,0.349993497133255,0.8721526861190796,0.3362288177013397,0.8005496859550476
161,0.3480297029018402,0.8800644278526306,0.33017227053642273,0.798247218132019
162,0.3488512635231018,0.9360002279281616,0.32747194170951843,0.8455027341842651
163,0.35460346937179565,0.9119928479194641,0.33422163128852844,0.826149046421051
164,0.3483525514602661,0.8862480521202087,0.33115077018737793,0.8094035387039185
165,0.36011528968811035,0.9068670272827148,0.3398481607437134,0.821862518787384
166,0.3522367477416992,0.9303557872772217,0.3296324610710144,0.8433024287223816
167,0.3507198691368103,0.90220707654953,0.32883700728416443,0.8144267201423645
168,0.35490551590919495,0.8960075974464417,0.3333457112312317,0.8088535070419312
169,0.35495591163635254,0.9355027079582214,0.3282332420349121,0.8338982462882996
170,0.34619972109794617,0.8968262076377869,0.3251308798789978,0.8112496733665466
171,0.35420674085617065,0.9601070880889893,0.3327105641365051,0.8753235936164856
172,0.35194340348243713,0.9440923929214478,0.32317686080932617,0.8351086974143982
173,0.3549765944480896,0.9537086486816406,0.32803550362586975,0.8533702492713928
174,0.36040356755256653,0.9473738670349121,0.3330240845680237,0.8473057150840759
175,0.36028167605400085,0.9727981090545654,0.3281138241291046,0.8654952049255371
176,0.36457645893096924,0.969782829284668,0.33504974842071533,0.8672478795051575
177,0.36073827743530273,0.9550297856330872,0.33150795102119446,0.8498053550720215
178,0.36596792936325073,0.9532262086868286,0.33747267723083496,0.8528743982315063
179,0.3585667312145233,0.9718735814094543,0.3237486183643341,0.8564527630805969
180,0.36914604902267456,0.9431819915771484,0.3399353623390198,0.8385681509971619
181,0.3648611009120941,0.9785714745521545,0.33202579617500305,0.861081600189209
182,0.3707751929759979,0.9692592024803162,0.33661720156669617,0.8484470844268799
183,0.36345937848091125,0.972640335559845,0.3283475339412689,0.8508188724517822
184,0.3625667989253998,0.9961012005805969,0.32349836826324463,0.8654338717460632
185,0.36993783712387085,0.9910580515861511,0.3338315486907959,0.8702095746994019
186,0.3607625365257263,1.0132395029067993,0.3224307894706726,0.8870026469230652
187,0.372570276260376,0.9814922213554382,0.3419753313064575,0.8765487670898438
188,0.36424702405929565,1.0043439865112305,0.3258432447910309,0.8762996196746826
189,0.36759045720100403,0.9657762050628662,0.33347398042678833,0.8511313199996948
190,0.37351059913635254,1.00486159324646,0.33570265769958496,0.8773739337921143
191,0.37239906191825867,1.0161396265029907,0.33187663555145264,0.8844820857048035
192,0.37157195806503296,0.9902106523513794,0.33405500650405884,0.8666499257087708
193,0.3762524724006653,0.9725756049156189,0.3383110463619232,0.8451038599014282
194,0.36974620819091797,0.9993512630462646,0.3296324908733368,0.8690056800842285
195,0.3676809072494507,0.9828895330429077,0.3316994309425354,0.8651295900344849
196,0.37168726325035095,1.0336413383483887,0.32875582575798035,0.8982690572738647
197,0.37947165966033936,1.0109946727752686,0.33568665385246277,0.8728382587432861
198,0.37980419397354126,1.0620943307876587,0.33615171909332275,0.9266098737716675
199,0.3848242461681366,1.0183988809585571,0.34212860465049744,0.8855590224266052
200,0.3762097954750061,1.0171312093734741,0.3345435559749603,0.8880081176757812
201,0.37980544567108154,1.05387282371521,0.3307012915611267,0.9053676724433899
202,0.3798327147960663,1.0328896045684814,0.3293672800064087,0.8796873092651367
203,0.3766491115093231,1.0147989988327026,0.33205071091651917,0.8793665766716003
204,0.38096487522125244,1.0040197372436523,0.33641374111175537,0.8725340366363525
205,0.3761882185935974,1.0466943979263306,0.3267763555049896,0.8981024622917175
206,0.3748362362384796,1.0192557573318481,0.3288745582103729,0.8798748850822449
207,0.38644343614578247,1.0374958515167236,0.3417220413684845,0.9032841920852661
208,0.3798781931400299,1.0058420896530151,0.3335520327091217,0.8677250146865845
209,0.3786994218826294,1.0489370822906494,0.32583919167518616,0.8912383913993835
210,0.3767806887626648,1.0287775993347168,0.3318173885345459,0.8971408605575562
211,0.39031079411506653,1.0564221143722534,0.3399019241333008,0.9057019352912903
212,0.3879068195819855,1.0163323879241943,0.34234073758125305,0.8793886303901672
213,0.38499248027801514,1.0210219621658325,0.339575856924057,0.885494589805603
214,0.3925917446613312,1.0700680017471313,0.3414614498615265,0.91971755027771
215,0.38784128427505493,1.077436089515686,0.33181965351104736,0.9082971811294556
216,0.39339935779571533,1.0392752885818481,0.3466048538684845,0.8967809677124023
217,0.3912620544433594,1.0405704975128174,0.34265923500061035,0.895889401435852
218,0.38619762659072876,1.0582423210144043,0.33434349298477173,0.9074553847312927
219,0.38893869519233704,1.0146753787994385,0.3419492244720459,0.8777576684951782
220,0.39310139417648315,1.0669273138046265,0.34033021330833435,0.9136629104614258
221,0.3938010632991791,1.0337119102478027,0.34658458828926086,0.8946413397789001
222,0.4077204763889313,1.0947978496551514,0.3650032579898834,0.9566126465797424
223,0.40798231959342957,1.0529508590698242,0.36077696084976196,0.9085659384727478
224,0.39126336574554443,0.9832189083099365,0.3468388319015503,0.8457018136978149
225,0.391458123922348,1.0469651222229004,0.3437473177909851,0.9046077132225037
226,0.4075660705566406,1.0584899187088013,0.35910409688949585,0.9086812138557434
227,0.388764351606369,1.0491271018981934,0.33695077896118164,0.8941729664802551
228,0.39803364872932434,1.0764319896697998,0.35985779762268066,0.9532389640808105
229,0.3992808163166046,1.0423213243484497,0.35211730003356934,0.899071455001831
230,0.4146936237812042,0.9946361184120178,0.3699580132961273,0.8573485612869263
231,0.4153192937374115,1.1398487091064453,0.3571624457836151,0.9657207727432251
232,0.39508742094039917,1.084517002105713,0.341077595949173,0.9178401231765747
233,0.4063553512096405,0.9908387660980225,0.3658781945705414,0.8691195845603943
234,0.39828673005104065,1.0815002918243408,0.34733471274375916,0.9338696599006653
235,0.39845049381256104,1.1035267114639282,0.34095320105552673,0.9319469332695007
236,0.38957154750823975,1.080358862876892,0.33323198556900024,0.919055163860321
237,0.40443742275238037,1.0644097328186035,0.3521229326725006,0.9149690270423889
238,0.3934539556503296,1.014276146888733,0.3438291847705841,0.8639991879463196
239,0.3941406011581421,1.0852954387664795,0.33589816093444824,0.9178122282028198
240,0.3980461061000824,1.0332489013671875,0.3453077971935272,0.873802661895752
241,0.4014059901237488,1.1154685020446777,0.348157674074173,0.9641900658607483
242,0.3953249752521515,1.0309349298477173,0.3426821231842041,0.8753284811973572
243,0.41148123145103455,1.075744390487671,0.3566075563430786,0.9152803421020508
244,0.4070376753807068,0.990328311920166,0.36336883902549744,0.855761706829071
245,0.4004439115524292,1.0478408336639404,0.34820932149887085,0.8899074196815491
246,0.40148288011550903,1.0829542875289917,0.34607043862342834,0.9216447472572327
247,0.40543076395988464,1.0686882734298706,0.35413968563079834,0.9192546606063843
248,0.4071192741394043,1.0658551454544067,0.3544376790523529,0.9096363186836243
249,0.3941613733768463,1.0744147300720215,0.34073615074157715,0.9163868427276611
250,0.4008497893810272,1.064367651939392,0.3489033281803131,0.9082837104797363
251,0.40104058384895325,1.0766891241073608,0.34363028407096863,0.9046939611434937
252,0.4064308702945709,1.0891680717468262,0.34777605533599854,0.9200239777565002
253,0.4126892387866974,1.068292260169983,0.3613608479499817,0.9242563843727112
254,0.4090330898761749,1.1012821197509766,0.35175034403800964,0.932252824306488
255,0.40953129529953003,1.0842504501342773,0.35503220558166504,0.9242463707923889
256,0.40742868185043335,1.0228251218795776,0.3562439978122711,0.8656525611877441
257,0.40422523021698,1.0690363645553589,0.3549286425113678,0.9240651726722717
258,0.418290376663208,1.0468926429748535,0.3687089681625366,0.897502064704895
259,0.41007888317108154,1.1191154718399048,0.3497004806995392,0.9478508234024048
260,0.39676928520202637,1.0491106510162354,0.3438381850719452,0.8982805013656616
261,0.39869049191474915,1.0956662893295288,0.3490411937236786,0.9627401232719421
262,0.3964298367500305,1.0097249746322632,0.35279005765914917,0.8808143734931946
263,0.41339460015296936,1.0800681114196777,0.3585439622402191,0.9247999787330627
264,0.4161684215068817,1.1262271404266357,0.35436156392097473,0.9550638198852539
265,0.401551216840744,1.0684808492660522,0.34751811623573303,0.9112148284912109
266,0.4042019248008728,1.001813292503357,0.36167213320732117,0.8767817616462708
267,0.403425931930542,1.0927278995513916,0.34688082337379456,0.9270037412643433
268,0.405504047870636,1.059093952178955,0.3509270250797272,0.9009614586830139
269,0.4064984619617462,1.1123157739639282,0.3504358232021332,0.9561038613319397
270,0.40142008662223816,1.0502363443374634,0.34728097915649414,0.8959793448448181
271,0.4021780788898468,1.0589957237243652,0.3463321328163147,0.8988040685653687
272,0.40055587887763977,1.0690090656280518,0.34521135687828064,0.9143785834312439
273,0.4092930257320404,1.1230242252349854,0.3535475432872772,0.9673431515693665
274,0.41534826159477234,1.1294139623641968,0.35797008872032166,0.9753625988960266
275,0.40170928835868835,1.0967767238616943,0.34543678164482117,0.9415791034698486
276,0.4123176336288452,1.071569561958313,0.35629501938819885,0.9133533239364624
277,0.40994903445243835,1.0347400903701782,0.3553139865398407,0.8786036372184753
278,0.4149571657180786,1.0709216594696045,0.35844308137893677,0.9108176231384277
279,0.4244368374347687,1.1108155250549316,0.3670996129512787,0.9514670372009277
280,0.41329360008239746,1.0989922285079956,0.3550236225128174,0.9321165680885315
281,0.41805678606033325,1.1140400171279907,0.3599100112915039,0.9575523734092712
282,0.40590929985046387,1.0535171031951904,0.34918490052223206,0.8995181322097778
283,0.41280385851860046,1.0861220359802246,0.3559136986732483,0.9375717639923096
284,0.4169875979423523,1.1219913959503174,0.35780733823776245,0.9660335183143616
285,0.41336575150489807,1.1065045595169067,0.353244811296463,0.9507585167884827
286,0.4043348431587219,1.0703108310699463,0.3481408655643463,0.9268308281898499
287,0.4130074083805084,1.0975022315979004,0.35133054852485657,0.9311246275901794
288,0.4238288700580597,1.142451524734497,0.3625127673149109,0.9782599210739136
289,0.4282081425189972,1.0851738452911377,0.3726790249347687,0.9379346966743469
290,0.41670218110084534,1.1211447715759277,0.35462242364883423,0.949671745300293
291,0.4185207486152649,1.1115782260894775,0.3602088689804077,0.9551758170127869
292,0.41243430972099304,1.1186573505401611,0.3557935953140259,0.9689165949821472
293,0.4137640595436096,1.120565414428711,0.3522898554801941,0.9617806077003479
294,0.42593544721603394,1.1173286437988281,0.3648442327976227,0.9557479619979858
295,0.42043089866638184,1.1187046766281128,0.35863617062568665,0.9522903561592102
296,0.4168258309364319,1.1088509559631348,0.35480597615242004,0.9418379068374634
297,0.41610491275787354,1.1094651222229004,0.35055482387542725,0.9230843186378479
298,0.41967830061912537,1.211642861366272,0.3522453308105469,1.0382646322250366
299,0.42053279280662537,1.0976910591125488,0.3609330654144287,0.9310992360115051
300,0.41172680258750916,1.1210417747497559,0.34684985876083374,0.940114438533783
301,0.4230027496814728,1.1212224960327148,0.3637998104095459,0.9666593074798584
302,0.41945746541023254,1.1404832601547241,0.3560808598995209,0.9760897755622864
303,0.42012283205986023,1.1659172773361206,0.3481642007827759,0.9801177978515625
304,0.41809794306755066,1.0975539684295654,0.35568365454673767,0.9313518404960632
305,0.4193699061870575,1.1307305097579956,0.35322245955467224,0.9564707279205322
306,0.42211759090423584,1.1428200006484985,0.35588929057121277,0.9694511294364929
307,0.42042455077171326,1.108149766921997,0.35637199878692627,0.9400952458381653
308,0.4221201241016388,1.1366761922836304,0.35567986965179443,0.9601958990097046
309,0.4230116307735443,1.161821961402893,0.3555779457092285,0.9876226186752319
310,0.422494500875473,1.175219178199768,0.3528815507888794,0.9966804385185242
311,0.422542005777359,1.1573978662490845,0.3540627956390381,0.9817430973052979
312,0.4264463186264038,1.12154221534729,0.36522433161735535,0.9646406173706055
313,0.418817400932312,1.1338154077529907,0.35339048504829407,0.9674728512763977
314,0.42694422602653503,1.161905288696289,0.3572951853275299,0.9831072092056274
315,0.4239245355129242,1.1264257431030273,0.358260840177536,0.9571434259414673
316,0.42447614669799805,1.1522982120513916,0.3583986759185791,0.9789549112319946
317,0.4233452081680298,1.179578423500061,0.3529312014579773,1.000605583190918
318,0.4231760799884796,1.129380702972412,0.3570743501186371,0.9563281536102295
319,0.42243748903274536,1.113770842552185,0.3577374219894409,0.9423556327819824
320,0.42583999037742615,1.1697369813919067,0.35425275564193726,0.985503613948822
321,0.42657968401908875,1.1418732404708862,0.3574404716491699,0.9643384218215942
322,0.427007257938385,1.1804430484771729,0.3560968339443207,0.9979134798049927
323,0.4266270697116852,1.1554943323135376,0.3571285605430603,0.9754695892333984
324,0.4311780631542206,1.1597282886505127,0.3617618978023529,0.9840072989463806
325,0.42964088916778564,1.1605404615402222,0.3595273792743683,0.9810056090354919
326,0.42829808592796326,1.1408330202102661,0.36285001039505005,0.9734250903129578
327,0.4289153218269348,1.1799709796905518,0.3553820550441742,0.9898309111595154
328,0.4255105257034302,1.130807876586914,0.35780060291290283,0.9566799998283386
329,0.43006467819213867,1.2332513332366943,0.34976786375045776,1.0308154821395874
330,0.42229145765304565,1.15458345413208,0.3546403646469116,0.9802274107933044
331,0.42613863945007324,1.158168911933899,0.3553566634654999,0.9757530689239502
332,0.4287225008010864,1.1287617683410645,0.3610464632511139,0.9546769261360168
333,0.42516791820526123,1.15394926071167,0.3559179902076721,0.9774614572525024
334,0.42707929015159607,1.1722723245620728,0.35522323846817017,0.9905156493186951
335,0.42583292722702026,1.1106544733047485,0.3631784915924072,0.9486128687858582
336,0.42721983790397644,1.1532825231552124,0.3568105697631836,0.9719846248626709
337,0.4264935255050659,1.2175871133804321,0.35067808628082275,1.0251706838607788
338,0.4258880019187927,1.1281989812850952,0.3573167324066162,0.9505701661109924
339,0.4294861853122711,1.1788058280944824,0.3579961359500885,0.9969154596328735
340,0.42868974804878235,1.1340041160583496,0.36238381266593933,0.9633714556694031
341,0.42644035816192627,1.1688116788864136,0.35621100664138794,0.989677906036377
342,0.4277489185333252,1.13545823097229,0.36007970571517944,0.9608305096626282
343,0.42763006687164307,1.1838558912277222,0.3547241985797882,0.9975666999816895
344,0.42653822898864746,1.1376233100891113,0.35912367701530457,0.965696394443512
345,0.42682769894599915,1.1675777435302734,0.3555109202861786,0.986711323261261
346,0.42552682757377625,1.1711698770523071,0.35167935490608215,0.9807237386703491
347,0.4318462312221527,1.1677080392837524,0.36058661341667175,0.9872164130210876
348,0.4278048872947693,1.1397708654403687,0.3589881956577301,0.9599933624267578
349,0.4236394166946411,1.1758816242218018,0.3531733751296997,0.9956321120262146
350,0.42996636033058167,1.1425408124923706,0.36135953664779663,0.966618537902832
351,0.42825940251350403,1.162595510482788,0.3589751124382019,0.987375020980835
352,0.4278758466243744,1.12799072265625,0.3608364760875702,0.9537228941917419
353,0.42577818036079407,1.153469204902649,0.35732996463775635,0.9805716276168823
354,0.4288642406463623,1.1476482152938843,0.3607725203037262,0.9735214114189148
355,0.42783692479133606,1.1618884801864624,0.35931599140167236,0.9892487525939941
356,0.4285373091697693,1.1600959300994873,0.35819318890571594,0.9834579229354858
357,0.431890070438385,1.177332878112793,0.3620956540107727,0.9992913007736206
358,0.42723000049591064,1.142392873764038,0.360567569732666,0.9744921326637268
359,0.4223681688308716,1.1487133502960205,0.3551214039325714,0.9795435667037964
360,0.4265668988227844,1.1385358572006226,0.35818204283714294,0.964214026927948
