1,1.3349411487579346,0.33583977818489075,1.5142850875854492,0.4139671325683594
2,1.2881838083267212,0.3459748327732086,1.4766021966934204,0.40139687061309814
3,1.2716984748840332,0.35582849383354187,1.5038219690322876,0.3903203308582306
4,1.164547085762024,0.40416690707206726,1.4821902513504028,0.4278288185596466
5,1.0700582265853882,0.45250147581100464,1.4887796640396118,0.454975426197052
6,1.0703486204147339,0.4526684582233429,1.488744854927063,0.4549803137779236
7,0.3805006444454193,0.3881985545158386,0.59889817237854,0.5708981156349182
8,0.3421153724193573,0.3762199282646179,0.5298005938529968,0.5856572389602661
9,0.3247043490409851,0.3664974272251129,0.5079565048217773,0.5952641367912292
10,0.33377256989479065,0.36728158593177795,0.4938852787017822,0.5809422731399536
11,0.3111603856086731,0.38352224230766296,0.46169397234916687,0.599141001701355
12,0.2947330176830292,0.3461131155490875,0.44210612773895264,0.573642909526825
13,0.30769622325897217,0.36773863434791565,0.4641917645931244,0.6123492121696472
14,0.29981938004493713,0.3867271840572357,0.44161635637283325,0.6136853694915771
15,0.3388938307762146,0.35825100541114807,0.47474387288093567,0.5813570022583008
16,0.32977455854415894,0.3827378749847412,0.46550723910331726,0.6031001806259155
17,0.3112085163593292,0.38645729422569275,0.4538073241710663,0.6270568370819092
18,0.29350149631500244,0.36837640404701233,0.42771241068840027,0.607372522354126
19,0.3039361834526062,0.37409070134162903,0.43322327733039856,0.6053467988967896
20,0.3276914656162262,0.3761902451515198,0.4566045105457306,0.60886549949646
21,0.30056867003440857,0.40065798163414,0.4315711259841919,0.6487317085266113
22,0.30981042981147766,0.38943639397621155,0.43156710267066956,0.6311706900596619
23,0.33156096935272217,0.3836785852909088,0.46273672580718994,0.6421898007392883
24,0.3091415762901306,0.4012395739555359,0.43318626284599304,0.650199294090271
25,0.3297017514705658,0.40093401074409485,0.454537957906723,0.6604971885681152
26,0.32721245288848877,0.3977387845516205,0.44950753450393677,0.6467702388763428
27,0.2980465292930603,0.4030904173851013,0.4190680682659149,0.6581518650054932
28,0.32574892044067383,0.3953806459903717,0.4430440366268158,0.6261904239654541
29,0.3490249216556549,0.38234883546829224,0.46663087606430054,0.6250132322311401
30,0.3170121908187866,0.3799908757209778,0.43656137585639954,0.6346139311790466
31,0.32681915163993835,0.4229174256324768,0.45020249485969543,0.679498016834259
32,0.31417760252952576,0.3974359333515167,0.4294251799583435,0.6380519270896912
33,0.34094855189323425,0.4179813861846924,0.4580974578857422,0.6554508209228516
34,0.3236132562160492,0.41028153896331787,0.4393848478794098,0.6516134142875671
35,0.31785139441490173,0.40275710821151733,0.43036746978759766,0.6416439414024353
36,0.31443583965301514,0.3925879895687103,0.42514768242836,0.622316300868988
37,0.3234838843345642,0.4055125117301941,0.43133604526519775,0.6407662630081177
38,0.3295874297618866,0.37870630621910095,0.43819719552993774,0.6047439575195312
39,0.30846476554870605,0.44019797444343567,0.42778101563453674,0.6845701932907104
40,0.3203715682029724,0.43063870072364807,0.43485161662101746,0.6722094416618347
41,0.31002137064933777,0.43342745304107666,0.4216284453868866,0.6567947268486023
42,0.2909869849681854,0.43740618228912354,0.4091857373714447,0.6852921843528748
43,0.31245121359825134,0.44834235310554504,0.4311754107475281,0.6938914060592651
44,0.2828300893306732,0.43524888157844543,0.3997077941894531,0.6945831775665283
45,0.2953472435474396,0.42327988147735596,0.40261930227279663,0.6656907200813293
46,0.3146275579929352,0.4382573664188385,0.4178522527217865,0.6609606742858887
47,0.3207230567932129,0.43919914960861206,0.44102898240089417,0.6901733875274658
48,0.2859404683113098,0.42691266536712646,0.4003392457962036,0.6804330348968506
49,0.3176979422569275,0.43044543266296387,0.4274927079677582,0.6732361912727356
50,0.3157110810279846,0.4138461649417877,0.41997864842414856,0.6411157250404358
51,0.2835507094860077,0.45088061690330505,0.3958089351654053,0.6952329277992249
52,0.2604452073574066,0.46619412302970886,0.37794241309165955,0.7237472534179688
53,0.32951366901397705,0.44977498054504395,0.4414187967777252,0.6908677816390991
54,0.2928037643432617,0.49371248483657837,0.4082322120666504,0.7432460784912109
55,0.29012197256088257,0.42380428314208984,0.40351009368896484,0.6717831492424011
56,0.29325470328330994,0.4535040557384491,0.3981492817401886,0.6840314865112305
57,0.3021422326564789,0.4555759131908417,0.41180554032325745,0.6779605150222778
58,0.2748279571533203,0.4809027314186096,0.38799700140953064,0.7275883555412292
59,0.3060952425003052,0.48577308654785156,0.42953693866729736,0.7454096078872681
60,0.30030375719070435,0.46769458055496216,0.421524316072464,0.7122167348861694
61,0.28075578808784485,0.4301527738571167,0.3929654657840729,0.670420229434967
62,0.2988821864128113,0.46535688638687134,0.41388946771621704,0.7221919894218445
63,0.29119202494621277,0.508283257484436,0.4068603217601776,0.749438464641571
64,0.2853319048881531,0.4567858874797821,0.3980071246623993,0.7023640871047974
65,0.2918682396411896,0.4378155767917633,0.3972560465335846,0.6724927425384521
66,0.29125627875328064,0.45105940103530884,0.3986423909664154,0.6913278102874756
67,0.29098042845726013,0.4540955722332001,0.3977952003479004,0.680797815322876
68,0.27346283197402954,0.46051985025405884,0.38178449869155884,0.6947675943374634
69,0.31938081979751587,0.4880431890487671,0.4440705180168152,0.7513090372085571
70,0.30637556314468384,0.44980373978614807,0.40735337138175964,0.6655048727989197
71,0.27920806407928467,0.460136353969574,0.3847108781337738,0.6984010934829712
72,0.27746421098709106,0.4768388271331787,0.3887963593006134,0.718586266040802
73,0.3195628821849823,0.4701370298862457,0.43603745102882385,0.7265443205833435
74,0.28801247477531433,0.4711112082004547,0.39854615926742554,0.7119167447090149
75,0.3135133683681488,0.4996616542339325,0.427094966173172,0.7284283638000488
76,0.28382495045661926,0.4799613058567047,0.39381566643714905,0.7190068960189819
77,0.2854936718940735,0.4841679632663727,0.3973717987537384,0.7344735264778137
78,0.25605806708335876,0.48127883672714233,0.3637806475162506,0.7157910466194153
79,0.2957269549369812,0.45409896969795227,0.407696396112442,0.7067631483078003
80,0.26496997475624084,0.5578716993331909,0.3695175349712372,0.8107222318649292
81,0.2963217794895172,0.4910885989665985,0.4103722870349884,0.7377483248710632
82,0.28880977630615234,0.5383958220481873,0.40071454644203186,0.7616688013076782
83,0.2568374276161194,0.4973008334636688,0.3660285472869873,0.738556444644928
84,0.28256988525390625,0.492837518453598,0.39699503779411316,0.7279165387153625
85,0.2644973397254944,0.48386868834495544,0.3732152283191681,0.7271587252616882
86,0.310192346572876,0.4942658543586731,0.4240274727344513,0.7532531023025513
87,0.26634323596954346,0.49015185236930847,0.37957003712654114,0.7371019721031189
88,0.2952273488044739,0.4984697103500366,0.4069863557815552,0.7296667098999023
89,0.2837315797805786,0.5262590050697327,0.4050852358341217,0.7799824476242065
90,0.2872655391693115,0.4597069025039673,0.3869241774082184,0.6683764457702637
91,0.26856905221939087,0.48487693071365356,0.375389963388443,0.7172024846076965
92,0.2653867304325104,0.5038784742355347,0.3810808062553406,0.7608683109283447
93,0.3108132779598236,0.5047156810760498,0.42205554246902466,0.7414565086364746
94,0.27609363198280334,0.5351644158363342,0.40116509795188904,0.8060211539268494
95,0.26626861095428467,0.5211113691329956,0.375254362821579,0.7545985579490662
96,0.303556889295578,0.5064272284507751,0.40407198667526245,0.717353880405426
97,0.266496866941452,0.5162649750709534,0.3811224102973938,0.7703205943107605
98,0.28467294573783875,0.5048312544822693,0.3857254087924957,0.7337194085121155
99,0.28160151839256287,0.498495876789093,0.3913065195083618,0.7469956874847412
100,0.27168989181518555,0.5086522698402405,0.3792126774787903,0.7390336394309998
101,0.25604432821273804,0.5201796293258667,0.3674287796020508,0.7658159136772156
102,0.27918699383735657,0.5233745574951172,0.3869200646877289,0.770121157169342
103,0.27565911412239075,0.5107184052467346,0.37391147017478943,0.7263080477714539
104,0.28198376297950745,0.48673734068870544,0.388365775346756,0.7092785239219666
105,0.2667640745639801,0.5358372926712036,0.3787648379802704,0.7646799683570862
106,0.26790961623191833,0.5356784462928772,0.3754425048828125,0.7627386450767517
107,0.2586621046066284,0.4779946208000183,0.36390337347984314,0.7171169519424438
108,0.2791183590888977,0.5158253312110901,0.3788618743419647,0.7366387248039246
109,0.2564000189304352,0.5198021531105042,0.3653451204299927,0.7631967663764954
110,0.27405136823654175,0.4911932647228241,0.3713889420032501,0.7089819312095642
111,0.2771475315093994,0.5054460763931274,0.38210704922676086,0.7411695718765259
112,0.2861500382423401,0.4883395731449127,0.39040881395339966,0.711833119392395
113,0.2593936324119568,0.5040765404701233,0.3657650649547577,0.7227607369422913
114,0.2617208957672119,0.5042778849601746,0.3673257529735565,0.7348693609237671
115,0.2577865719795227,0.5247654914855957,0.367475688457489,0.7666416764259338
116,0.25575220584869385,0.5111252665519714,0.3536125123500824,0.7362455129623413
117,0.2770957350730896,0.4813990592956543,0.37646540999412537,0.7075347900390625
118,0.26631811261177063,0.5011274218559265,0.3659757673740387,0.7235923409461975
119,0.2556692659854889,0.5160950422286987,0.3633519411087036,0.7624448537826538
120,0.27529144287109375,0.49619749188423157,0.3751792013645172,0.717494010925293
121,0.31538933515548706,0.5093950629234314,0.4141756296157837,0.7228034734725952
122,0.27746230363845825,0.49108630418777466,0.37186098098754883,0.6933783888816833
123,0.27573660016059875,0.524147629737854,0.38039419054985046,0.7491126656532288
124,0.2710602283477783,0.5055081844329834,0.3638174831867218,0.7138828635215759
125,0.24665901064872742,0.5605884194374084,0.3653230667114258,0.812396228313446
126,0.2525705099105835,0.5091105699539185,0.3601146936416626,0.7504327297210693
127,0.2674834728240967,0.4971720576286316,0.3671770989894867,0.718744158744812
128,0.28058290481567383,0.5487760305404663,0.3983372747898102,0.7946011424064636
129,0.266708105802536,0.5127381682395935,0.3741612732410431,0.7530676126480103
130,0.2550862729549408,0.49028950929641724,0.3554501235485077,0.7113950252532959
131,0.261968731880188,0.500338077545166,0.36354100704193115,0.7206879258155823
132,0.2721976339817047,0.5254733562469482,0.3814701437950134,0.7690070271492004
133,0.2506208121776581,0.5114325284957886,0.3522549271583557,0.7434191107749939
134,0.2725832462310791,0.514289379119873,0.3720417618751526,0.7317025065422058
135,0.2675408720970154,0.5183407068252563,0.3704792261123657,0.7394320368766785
136,0.2535829544067383,0.5049118399620056,0.36190786957740784,0.758898138999939
137,0.2818048894405365,0.5317145586013794,0.39073747396469116,0.77117520570755
138,0.25470244884490967,0.5000215768814087,0.3418262004852295,0.6885644197463989
139,0.2901749014854431,0.5244101285934448,0.3943040370941162,0.741805911064148
140,0.2553008496761322,0.5074270963668823,0.3583672344684601,0.735167384147644
141,0.26230743527412415,0.5106392502784729,0.3613189458847046,0.7446737289428711
142,0.25993770360946655,0.5474370718002319,0.35951510071754456,0.7515953779220581
143,0.26603639125823975,0.5024701952934265,0.35735437273979187,0.7208665609359741
144,0.2625354826450348,0.5026151537895203,0.35273727774620056,0.7032652497291565
145,0.267721027135849,0.514239490032196,0.35672008991241455,0.707945704460144
146,0.296392023563385,0.49052202701568604,0.39540889859199524,0.7070532441139221
147,0.28011488914489746,0.510779619216919,0.3777371644973755,0.7228738069534302
148,0.24779485166072845,0.5282853245735168,0.34506502747535706,0.7429183125495911
149,0.2734868824481964,0.5338122248649597,0.3660452365875244,0.7383184432983398
150,0.2660861015319824,0.5733324885368347,0.3638996481895447,0.789962887763977
151,0.29072317481040955,0.5143809914588928,0.38724055886268616,0.7253484725952148
152,0.24804037809371948,0.5451123118400574,0.33264750242233276,0.7375390529632568
153,0.23547425866127014,0.5687008500099182,0.32450902462005615,0.7714132070541382
154,0.23616361618041992,0.5570243000984192,0.31879234313964844,0.7469913363456726
155,0.22293028235435486,0.5923038125038147,0.30895480513572693,0.7919067144393921
156,0.23223821818828583,0.593742847442627,0.3130551278591156,0.7776048183441162
157,0.23985573649406433,0.6015386581420898,0.32883650064468384,0.8104663491249084
158,0.24586662650108337,0.5930706858634949,0.333807110786438,0.8024407029151917
159,0.2351188212633133,0.6030479669570923,0.32099246978759766,0.8036647439002991
160,0.2288656085729599,0.5994476675987244,0.3164176344871521,0.8013421893119812
161,0.23377513885498047,0.6151841878890991,0.32190242409706116,0.8231229186058044
162,0.22667118906974792,0.6194120049476624,0.31186023354530334,0.8204210996627808
163,0.21757858991622925,0.6373777985572815,0.30336615443229675,0.840831995010376
164,0.23507194221019745,0.6124790906906128,0.31673869490623474,0.8043208122253418
165,0.23923419415950775,0.608017086982727,0.32308298349380493,0.8075926899909973
166,0.2316981703042984,0.608997642993927,0.31582245230674744,0.8070955276489258
167,0.2308967560529709,0.6396277546882629,0.3125877380371094,0.8317530155181885
168,0.24293680489063263,0.6067997217178345,0.3231170177459717,0.7947739958763123
169,0.24900342524051666,0.6155023574829102,0.32829591631889343,0.8002583384513855
170,0.22639086842536926,0.6219372153282166,0.30792978405952454,0.8174962997436523
171,0.23714132606983185,0.6201238632202148,0.31955769658088684,0.815355658531189
172,0.23627759516239166,0.6297285556793213,0.31620436906814575,0.8189005851745605
173,0.24352088570594788,0.6188609004020691,0.3257408142089844,0.81328946352005
174,0.24907401204109192,0.6308390498161316,0.3309479355812073,0.8253292441368103
175,0.2442617565393448,0.6188634037971497,0.32546380162239075,0.8135743141174316
176,0.2402055710554123,0.635786771774292,0.32438018918037415,0.8389986753463745
177,0.23042111098766327,0.6699880361557007,0.31282272934913635,0.8665837645530701
178,0.24165116250514984,0.6404690146446228,0.32073721289634705,0.8277573585510254
179,0.2485383003950119,0.637083888053894,0.3298908472061157,0.8332287669181824
180,0.2483111321926117,0.6514087915420532,0.3302261233329773,0.8416362404823303
181,0.2427370697259903,0.646098256111145,0.3214404284954071,0.8359459638595581
182,0.2400277554988861,0.6589657068252563,0.3190394341945648,0.8446894884109497
183,0.24947406351566315,0.6638932228088379,0.3260556161403656,0.8365263342857361
184,0.24399855732917786,0.65599125623703,0.32128670811653137,0.8351790904998779
185,0.2526148855686188,0.6536627411842346,0.3314718008041382,0.8373225927352905
186,0.24675777554512024,0.6413272619247437,0.322914183139801,0.8192203044891357
187,0.24618001282215118,0.6573900580406189,0.3292716145515442,0.8613360524177551
188,0.2521677613258362,0.6635408997535706,0.32954078912734985,0.843521237373352
189,0.25223156809806824,0.6657743453979492,0.3312908411026001,0.8476993441581726
190,0.24924513697624207,0.6771501302719116,0.3314005136489868,0.8685354590415955
191,0.24753747880458832,0.6906406283378601,0.3273501694202423,0.8730366826057434
192,0.24424828588962555,0.6547335982322693,0.3240910470485687,0.8456652164459229
193,0.2478482872247696,0.6845941543579102,0.32946574687957764,0.8757189512252808
194,0.2558317482471466,0.6553505063056946,0.33277252316474915,0.8318360447883606
195,0.263018399477005,0.6830227375030518,0.34066444635391235,0.8577122688293457
196,0.2531128227710724,0.6821697354316711,0.3329293727874756,0.8684640526771545
197,0.24754559993743896,0.6879417300224304,0.32723256945610046,0.8780310750007629
198,0.2502541244029999,0.6678964495658875,0.3305196464061737,0.8568981885910034
199,0.25689786672592163,0.6636659502983093,0.3323807716369629,0.8398191332817078
200,0.24745449423789978,0.6909388303756714,0.32553428411483765,0.876505434513092
201,0.25463274121284485,0.6695901155471802,0.333466112613678,0.8582720756530762
202,0.24992473423480988,0.6544409394264221,0.3254970908164978,0.8379314541816711
203,0.25465184450149536,0.6670910120010376,0.3261812627315521,0.8329248428344727
204,0.24169395864009857,0.6878873109817505,0.3187212646007538,0.8718178272247314
205,0.2634402811527252,0.6644262671470642,0.3388068377971649,0.840181291103363
206,0.25426721572875977,0.6863937377929688,0.32654133439064026,0.8477512001991272
207,0.2497599571943283,0.701623797416687,0.32465967535972595,0.8735518455505371
208,0.2521286606788635,0.7233497500419617,0.33027544617652893,0.903883159160614
209,0.2523866593837738,0.7186158299446106,0.3285062611103058,0.8984653949737549
210,0.2602164149284363,0.7017148733139038,0.33579927682876587,0.8781650066375732
211,0.2576824426651001,0.6939667463302612,0.33164504170417786,0.8685795068740845
212,0.25192099809646606,0.691764771938324,0.3264528214931488,0.8700356483459473
213,0.25770214200019836,0.7128950953483582,0.3357483744621277,0.8978680968284607
214,0.2612498104572296,0.7043254971504211,0.3360745906829834,0.8801730275154114
215,0.25066274404525757,0.7291452288627625,0.3272894024848938,0.9057760834693909
216,0.2665119469165802,0.6910611987113953,0.3406519591808319,0.8627272844314575
217,0.2502383887767792,0.7100671529769897,0.32409629225730896,0.8789743185043335
218,0.25937899947166443,0.7131446599960327,0.33527132868766785,0.8893419504165649
219,0.2633194625377655,0.7160187363624573,0.341209352016449,0.8963696956634521
220,0.24950304627418518,0.7285048365592957,0.3296966850757599,0.9181046485900879
221,0.26369708776474,0.7579045295715332,0.34943896532058716,0.9668548703193665
222,0.2756984233856201,0.692945659160614,0.3494308292865753,0.8607799410820007
223,0.2622833549976349,0.7048233151435852,0.3378954827785492,0.8843487501144409
224,0.2613948881626129,0.7233462333679199,0.33566734194755554,0.8938844203948975
225,0.26293590664863586,0.7226612567901611,0.34013399481773376,0.9043177366256714
226,0.26844707131385803,0.7341411113739014,0.3436855971813202,0.9077552556991577
227,0.26562049984931946,0.7325406670570374,0.3444714844226837,0.9176545143127441
228,0.2652893364429474,0.7450682520866394,0.3402057886123657,0.9128783941268921
229,0.2476348578929901,0.7359076142311096,0.32458817958831787,0.910477340221405
230,0.2637118995189667,0.7276213765144348,0.3384198844432831,0.8954857587814331
231,0.2730402648448944,0.7295747399330139,0.34923309087753296,0.9024051427841187
232,0.2705543339252472,0.7085832357406616,0.3433964252471924,0.8740960955619812
233,0.25519752502441406,0.7301468849182129,0.33344781398773193,0.9167552590370178
234,0.26318269968032837,0.715958297252655,0.339928537607193,0.896458625793457
235,0.2674945890903473,0.7158884406089783,0.3439802825450897,0.8950030207633972
236,0.2697562277317047,0.7345293760299683,0.34565484523773193,0.9048191905021667
237,0.25266045331954956,0.7690905332565308,0.32916122674942017,0.9438909888267517
238,0.2693554759025574,0.7337365746498108,0.3459225296974182,0.9071000218391418
239,0.2696017026901245,0.7404250502586365,0.3445572853088379,0.9074415564537048
240,0.26557159423828125,0.7103450894355774,0.3386879861354828,0.8800928592681885
241,0.2658402621746063,0.7058727741241455,0.33851194381713867,0.875922679901123
242,0.2545088827610016,0.7243875861167908,0.3306201100349426,0.9059086441993713
243,0.25872164964675903,0.7548147439956665,0.33255574107170105,0.9201075434684753
244,0.27514204382896423,0.7334892153739929,0.3527396321296692,0.9139286875724792
245,0.27335208654403687,0.7223334908485413,0.34690943360328674,0.8965924978256226
246,0.2612459659576416,0.7343012094497681,0.3379817605018616,0.9139912724494934
247,0.2570376992225647,0.7499550580978394,0.32922619581222534,0.9132583141326904
248,0.25926974415779114,0.7903724908828735,0.33850401639938354,0.9709860682487488
249,0.2625260651111603,0.7543434500694275,0.3354417681694031,0.922534704208374
250,0.2652570307254791,0.7408030033111572,0.34147852659225464,0.9158787131309509
251,0.26766538619995117,0.7337697148323059,0.34274184703826904,0.9037359356880188
252,0.2634596526622772,0.7712116837501526,0.3421432077884674,0.9511023163795471
253,0.26549267768859863,0.7676652669906616,0.3452230989933014,0.9527137279510498
254,0.2718939185142517,0.7328525185585022,0.3478003442287445,0.9037345051765442
255,0.2753409147262573,0.7396343350410461,0.3506380617618561,0.9062597155570984
256,0.27286139130592346,0.7660501003265381,0.3521781861782074,0.9452024102210999
257,0.2648838460445404,0.7485382556915283,0.3397579491138458,0.9156394004821777
258,0.2744843065738678,0.7535433173179626,0.34837606549263,0.91976398229599
259,0.2648997902870178,0.7946098446846008,0.34091150760650635,0.9645075798034668
260,0.2749779224395752,0.7392070889472961,0.34873664379119873,0.9036275148391724
261,0.2697505056858063,0.7521021366119385,0.3423360586166382,0.9175474643707275
262,0.27293920516967773,0.7574237585067749,0.3460206985473633,0.9212584495544434
263,0.2727746367454529,0.7730227708816528,0.3478628396987915,0.9351555109024048
264,0.27097177505493164,0.7788130640983582,0.3464108407497406,0.9433732032775879
265,0.2739323079586029,0.7597619295120239,0.3510393500328064,0.9315146803855896
266,0.28047841787338257,0.7676407694816589,0.3566214442253113,0.9345191121101379
267,0.2703683376312256,0.783476710319519,0.345136433839798,0.94633948802948
268,0.2673564851284027,0.8145864605903625,0.3459921181201935,0.984721302986145
269,0.2746952176094055,0.7537848949432373,0.35268503427505493,0.9339818954467773
270,0.27271366119384766,0.757796049118042,0.3514379560947418,0.9415708780288696
271,0.2697660028934479,0.7573906779289246,0.3440810739994049,0.9208367466926575
272,0.27125680446624756,0.7546927332878113,0.34945350885391235,0.9365034103393555
273,0.2760150134563446,0.7656697630882263,0.34934553503990173,0.9262146949768066
274,0.2725512385368347,0.7864625453948975,0.3506505489349365,0.9669785499572754
275,0.2736196517944336,0.7675790190696716,0.3516789674758911,0.946814239025116
276,0.26765570044517517,0.7757704854011536,0.34651729464530945,0.9547647833824158
277,0.26790812611579895,0.7689573168754578,0.34855276346206665,0.957668662071228
278,0.26566600799560547,0.7931477427482605,0.3399861752986908,0.9535537958145142
279,0.27353671193122864,0.7820022702217102,0.34986910223960876,0.9498350620269775
280,0.26228171586990356,0.797674834728241,0.3382025361061096,0.9668564200401306
281,0.26425257325172424,0.7722935676574707,0.34279218316078186,0.9527637958526611
282,0.2738519310951233,0.7711210250854492,0.34785836935043335,0.9354932904243469
283,0.26941123604774475,0.8224034905433655,0.3484481871128082,0.9916638731956482
284,0.273567795753479,0.7899775505065918,0.3529973328113556,0.968217134475708
285,0.26498526334762573,0.7932793498039246,0.34650906920433044,0.9796181917190552
286,0.2724844217300415,0.7981677651405334,0.35357803106307983,0.9847609996795654
287,0.2742554843425751,0.7868295907974243,0.35040202736854553,0.9565471410751343
288,0.27720990777015686,0.7791633605957031,0.35637572407722473,0.9640274047851562
289,0.276429682970047,0.765350341796875,0.3522641956806183,0.9370104670524597
290,0.2778560221195221,0.7680661678314209,0.3552374243736267,0.9424188733100891
291,0.2766629159450531,0.7772839069366455,0.3528650999069214,0.9427332878112793
292,0.2808913290500641,0.7526078224182129,0.3568420112133026,0.9249663352966309
293,0.2775311768054962,0.763991117477417,0.3537112772464752,0.9328994154930115
294,0.2729780077934265,0.8053783774375916,0.3537582457065582,0.9850959777832031
295,0.27397236227989197,0.7868257164955139,0.35115212202072144,0.95938640832901
296,0.2802201211452484,0.792323112487793,0.35712453722953796,0.9575220942497253
297,0.2728573977947235,0.7877238988876343,0.3465345799922943,0.9462300539016724
298,0.2664600610733032,0.8386938571929932,0.35176655650138855,1.0369975566864014
299,0.2723126709461212,0.8126595616340637,0.35018324851989746,0.9884895086288452
300,0.2924325466156006,0.7827775478363037,0.37014225125312805,0.9585714936256409
301,0.26354286074638367,0.8074142336845398,0.34482908248901367,0.9934515357017517
302,0.2798949182033539,0.7610100507736206,0.3569416105747223,0.9377114772796631
303,0.26783785223960876,0.7893790006637573,0.3453986346721649,0.9641634821891785
304,0.2595321536064148,0.7867255806922913,0.33502861857414246,0.9530748724937439
305,0.27249476313591003,0.8020232319831848,0.35067376494407654,0.9771625399589539
306,0.27949264645576477,0.783159077167511,0.35757091641426086,0.9636747241020203
307,0.2631920576095581,0.8411235213279724,0.34482666850090027,1.026745080947876
308,0.2751399874687195,0.782973051071167,0.3528098165988922,0.9603993892669678
309,0.27328619360923767,0.7959750890731812,0.3516107201576233,0.9755145907402039
310,0.2718675434589386,0.8333588242530823,0.35239535570144653,1.0151827335357666
311,0.2736453413963318,0.8194640874862671,0.35348886251449585,1.0021202564239502
312,0.2805562913417816,0.8022084832191467,0.35872504115104675,0.9802687764167786
313,0.2770351469516754,0.8191653490066528,0.3572224974632263,1.002031922340393
314,0.27565836906433105,0.8080594539642334,0.35413122177124023,0.9856709241867065
315,0.28060099482536316,0.7968482375144958,0.35945993661880493,0.9765627384185791
316,0.26968061923980713,0.8256039619445801,0.3496716320514679,1.0055465698242188
317,0.2813842296600342,0.7987973690032959,0.3580852448940277,0.9709094166755676
318,0.2757517993450165,0.8255994319915771,0.3542308807373047,1.0004898309707642
319,0.2797313630580902,0.7901819348335266,0.3571837842464447,0.9650214314460754
320,0.27211707830429077,0.8358287811279297,0.3535991311073303,1.0221832990646362
321,0.28047916293144226,0.8077940940856934,0.3596339225769043,0.9879637956619263
322,0.2777649462223053,0.796151340007782,0.3556417226791382,0.9745374321937561
323,0.2787424921989441,0.8383181691169739,0.3591940701007843,1.0182476043701172
324,0.280728816986084,0.8080811500549316,0.3583454489707947,0.9825777411460876
325,0.27730655670166016,0.8164888620376587,0.3565150499343872,0.9963552355766296
326,0.27258145809173584,0.824038028717041,0.35249125957489014,1.0047739744186401
327,0.27686232328414917,0.8230020403862,0.35529622435569763,0.9987276196479797
328,0.27987298369407654,0.8169106245040894,0.35757750272750854,0.9901739954948425
329,0.28287047147750854,0.8262646198272705,0.36261481046676636,1.006632685661316
330,0.27414989471435547,0.8485670685768127,0.3543338477611542,1.0279170274734497
331,0.2819150686264038,0.8218718767166138,0.36055928468704224,0.9998071193695068
332,0.27220478653907776,0.8633989095687866,0.35351672768592834,1.044547438621521
333,0.2822363078594208,0.8079204559326172,0.35958749055862427,0.9817212820053101
334,0.27185460925102234,0.8549057245254517,0.35594961047172546,1.0471601486206055
335,0.276711106300354,0.8405190110206604,0.35779792070388794,1.023246169090271
336,0.28401297330856323,0.8192396759986877,0.3623753786087036,0.9949761629104614
337,0.28073155879974365,0.8205522894859314,0.3597165644168854,0.9991669058799744
338,0.27211543917655945,0.851085901260376,0.3533923327922821,1.0342434644699097
339,0.2695956528186798,0.8613388538360596,0.3520037531852722,1.046358346939087
340,0.28159675002098083,0.8051890134811401,0.35984209179878235,0.9823560118675232
341,0.2798976004123688,0.8222770690917969,0.35956916213035583,1.0007374286651611
342,0.28545719385147095,0.8071210980415344,0.3633323311805725,0.9824093580245972
343,0.2806554138660431,0.8131913542747498,0.35915786027908325,0.9900676012039185
344,0.2828969657421112,0.8130703568458557,0.3618037700653076,0.9917004704475403
345,0.27979111671447754,0.8217077851295471,0.3602406084537506,1.0056248903274536
346,0.2847515940666199,0.8173945546150208,0.36331281065940857,0.99355548620224
347,0.2764473855495453,0.8271075487136841,0.3554101288318634,1.0043247938156128
348,0.27689531445503235,0.845461905002594,0.3590777516365051,1.031426191329956
349,0.27754417061805725,0.8414468765258789,0.357689768075943,1.0199666023254395
350,0.28120601177215576,0.8463032245635986,0.3627671003341675,1.030214786529541
351,0.283213347196579,0.8131707310676575,0.3614378273487091,0.9888173341751099
352,0.28337547183036804,0.8270599842071533,0.3618927299976349,1.0019595623016357
353,0.2822958827018738,0.8205846548080444,0.36109694838523865,0.9986773729324341
354,0.2807579040527344,0.8194726705551147,0.3595627546310425,0.9959151744842529
355,0.27381807565689087,0.8698537349700928,0.35549691319465637,1.0506303310394287
356,0.2755693197250366,0.8394348621368408,0.35638487339019775,1.0229078531265259
357,0.2812899947166443,0.8150765895843506,0.35967350006103516,0.9918150901794434
358,0.2818625867366791,0.8138279914855957,0.35934221744537354,0.9862228035926819
359,0.28476256132125854,0.8134204745292664,0.36250725388526917,0.9866310358047485
360,0.2547873258590698,0.8283931016921997,0.3363151550292969,1.018010139465332
