1,1.3354101181030273,0.3359966576099396,1.5146244764328003,0.4140852391719818
2,1.2854427099227905,0.3465104103088379,1.4741876125335693,0.40222495794296265
3,1.2708086967468262,0.3558918535709381,1.5031803846359253,0.39067330956459045
4,1.1655830144882202,0.40491783618927,1.4829132556915283,0.4275835156440735
5,1.0667306184768677,0.4529173970222473,1.4851878881454468,0.45744144916534424
6,1.0661755800247192,0.4526730179786682,1.4852484464645386,0.4574079215526581
7,0.37283486127853394,0.383954793214798,0.5924482941627502,0.574932336807251
8,0.35716119408607483,0.3697001338005066,0.5525087118148804,0.5901028513908386
9,0.3188874125480652,0.372346967458725,0.49985769391059875,0.6096913814544678
10,0.32612988352775574,0.38213199377059937,0.5032254457473755,0.622291088104248
11,0.3118622303009033,0.3695519268512726,0.4806624948978424,0.6090309023857117
12,0.3285907208919525,0.36028411984443665,0.4902181029319763,0.5940630435943604
13,0.3121245205402374,0.3724946677684784,0.46619558334350586,0.6008009910583496
14,0.34704598784446716,0.3534800708293915,0.4873533248901367,0.573864221572876
15,0.3440007269382477,0.3820979595184326,0.4922754466533661,0.6074467301368713
16,0.3000331521034241,0.37107422947883606,0.4425816833972931,0.6137165427207947
17,0.3275001645088196,0.37039729952812195,0.46233487129211426,0.6021584868431091
18,0.33477506041526794,0.3664759397506714,0.47253182530403137,0.6014410853385925
19,0.34069475531578064,0.36905598640441895,0.46930837631225586,0.5929636359214783
20,0.3220738172531128,0.383889764547348,0.4499070942401886,0.5994740724563599
21,0.29806649684906006,0.3954913914203644,0.4294193685054779,0.6562732458114624
22,0.344244122505188,0.37847939133644104,0.46649500727653503,0.6022286415100098
23,0.3491532504558563,0.41641926765441895,0.4778866171836853,0.647750198841095
24,0.282449334859848,0.38381558656692505,0.40149661898612976,0.6150485873222351
25,0.2995097041130066,0.41123998165130615,0.423951119184494,0.6519088745117188
26,0.27544131875038147,0.3902151584625244,0.3954768478870392,0.631957471370697
27,0.2900545597076416,0.4058997929096222,0.4189852774143219,0.6602494120597839
28,0.2940402925014496,0.3971673548221588,0.40724706649780273,0.6289249062538147
29,0.303777277469635,0.40370166301727295,0.41977906227111816,0.6364349126815796
30,0.2952846586704254,0.392965704202652,0.41260427236557007,0.6313158869743347
31,0.2930498421192169,0.4233707785606384,0.4161623418331146,0.6696010231971741
32,0.307722806930542,0.4530490040779114,0.4317803978919983,0.7021034359931946
33,0.3354983925819397,0.4344765245914459,0.45549559593200684,0.6692020893096924
34,0.32772737741470337,0.42908942699432373,0.44639188051223755,0.6638370156288147
35,0.30570483207702637,0.3929097354412079,0.41662853956222534,0.6251413226127625
36,0.2884571850299835,0.43463069200515747,0.3997526466846466,0.6689408421516418
37,0.3117339313030243,0.39856889843940735,0.41910311579704285,0.6223030090332031
38,0.3092699944972992,0.41210392117500305,0.42556333541870117,0.6536556482315063
39,0.3106997013092041,0.4398331344127655,0.4258044362068176,0.6723305583000183
40,0.2954367399215698,0.44772472977638245,0.40785565972328186,0.7013443112373352
41,0.3062306046485901,0.43438076972961426,0.41750961542129517,0.6657280921936035
42,0.30189061164855957,0.4549470841884613,0.42241618037223816,0.6962131261825562
43,0.308705598115921,0.4229830503463745,0.4162473976612091,0.6492441892623901
44,0.3016936779022217,0.4381663203239441,0.4150194525718689,0.6779712438583374
45,0.3103850185871124,0.40307554602622986,0.41383951902389526,0.6353347301483154
46,0.3297046720981598,0.4101305305957794,0.43629810214042664,0.6298848390579224
47,0.3739217519760132,0.3751324415206909,0.4765687584877014,0.5737438201904297
48,0.28331413865089417,0.4640965461730957,0.3958788812160492,0.6958035230636597
49,0.3096449673175812,0.4379914402961731,0.41491636633872986,0.6738892793655396
50,0.3269071877002716,0.45518040657043457,0.4338182210922241,0.6762434840202332
51,0.2856576144695282,0.44248396158218384,0.3872123956680298,0.6660894155502319
52,0.2955523133277893,0.4453161358833313,0.4076650142669678,0.6878686547279358
53,0.3019648492336273,0.4255410134792328,0.406247615814209,0.6552502512931824
54,0.2763456702232361,0.47573742270469666,0.38060760498046875,0.705359935760498
55,0.3081628382205963,0.4553150534629822,0.41397824883461,0.687646746635437
56,0.3111332356929779,0.46272167563438416,0.41890186071395874,0.6887527704238892
57,0.31466469168663025,0.43450286984443665,0.41741102933883667,0.6540058255195618
58,0.2841046452522278,0.44288620352745056,0.39235952496528625,0.6862743496894836
59,0.305829793214798,0.44228455424308777,0.41188693046569824,0.6629188060760498
60,0.28522929549217224,0.45671552419662476,0.3935887813568115,0.6929821968078613
61,0.31210601329803467,0.4945477545261383,0.43226078152656555,0.7488706707954407
62,0.2782784104347229,0.44159168004989624,0.3852572441101074,0.6805931925773621
63,0.2938772737979889,0.47165852785110474,0.4013374447822571,0.7055595517158508
64,0.32094067335128784,0.4600001275539398,0.42637115716934204,0.6802365183830261
65,0.3066808879375458,0.4907172620296478,0.4094218313694,0.7031553387641907
66,0.2700992226600647,0.486139178276062,0.3791585862636566,0.7167169451713562
67,0.30361467599868774,0.4701928496360779,0.40853267908096313,0.6894530653953552
68,0.2588927149772644,0.49151086807250977,0.37845587730407715,0.7480248212814331
69,0.2859860360622406,0.5129043459892273,0.4057173430919647,0.7792593240737915
70,0.2658534646034241,0.4723202884197235,0.3857279419898987,0.7297989726066589
71,0.2697908282279968,0.4837227165699005,0.3784409463405609,0.7247949242591858
72,0.28755906224250793,0.45166662335395813,0.39114484190940857,0.6742621660232544
73,0.3034329116344452,0.4625096023082733,0.40475472807884216,0.6906537413597107
74,0.28055399656295776,0.46958160400390625,0.38760191202163696,0.7051268219947815
75,0.27044400572776794,0.495604544878006,0.37946322560310364,0.7253896594047546
76,0.27811968326568604,0.47824007272720337,0.38946256041526794,0.7191845178604126
77,0.28698068857192993,0.5050418376922607,0.3954160213470459,0.7339731454849243
78,0.28926360607147217,0.494297057390213,0.39607229828834534,0.7116650342941284
79,0.27462753653526306,0.47515547275543213,0.38612231612205505,0.7305575013160706
80,0.2753233015537262,0.4770143926143646,0.3790024518966675,0.699573814868927
81,0.2658173441886902,0.47943317890167236,0.3696000874042511,0.7142680287361145
82,0.25970616936683655,0.4606671929359436,0.36142289638519287,0.6810510158538818
83,0.30481699109077454,0.44958457350730896,0.3967074155807495,0.6519664525985718
84,0.27021974325180054,0.5392909049987793,0.39201390743255615,0.8016505241394043
85,0.27586838603019714,0.5067715048789978,0.3761660158634186,0.7241495251655579
86,0.27887365221977234,0.51904296875,0.39504462480545044,0.77474045753479
87,0.3180323839187622,0.476269006729126,0.4108688235282898,0.6728829145431519
88,0.2846830487251282,0.5101163983345032,0.3940173089504242,0.7485634684562683
89,0.30056291818618774,0.4856390655040741,0.39454278349876404,0.6933912634849548
90,0.2785549759864807,0.5064221620559692,0.38755813241004944,0.741885244846344
91,0.2588639259338379,0.509438693523407,0.3800196945667267,0.7785882353782654
92,0.25891321897506714,0.485013872385025,0.36205366253852844,0.7155954837799072
93,0.27752867341041565,0.47478997707366943,0.37287798523902893,0.6821533441543579
94,0.2778952717781067,0.4782218337059021,0.3802703022956848,0.7028760313987732
95,0.2544517517089844,0.5085212588310242,0.3629288971424103,0.7422006130218506
96,0.26926034688949585,0.5164458751678467,0.36742785573005676,0.7324535250663757
97,0.2803119719028473,0.5086014270782471,0.37615859508514404,0.7170253396034241
98,0.2548837959766388,0.5262942314147949,0.3596469461917877,0.7532349824905396
99,0.30030810832977295,0.4784226715564728,0.40038546919822693,0.7003790736198425
100,0.2599768340587616,0.48831290006637573,0.36093854904174805,0.7062112092971802
101,0.26962506771087646,0.48621299862861633,0.3648624122142792,0.6937165856361389
102,0.2697046101093292,0.5098257660865784,0.36732301115989685,0.7076966166496277
103,0.27548226714134216,0.5077244639396667,0.37160995602607727,0.718600332736969
104,0.2587873041629791,0.5129209160804749,0.35218796133995056,0.7161695957183838
105,0.2631309926509857,0.4980827271938324,0.3606405556201935,0.7194502949714661
106,0.292422890663147,0.5017266273498535,0.386008083820343,0.7013220191001892
107,0.2698920667171478,0.525005578994751,0.37844663858413696,0.7630212306976318
108,0.2591802775859833,0.5143285393714905,0.35907870531082153,0.7467338442802429
109,0.2700726091861725,0.5166212320327759,0.3621305823326111,0.7145122289657593
110,0.2762286961078644,0.498371422290802,0.3732948899269104,0.6978592276573181
111,0.25527817010879517,0.5364304184913635,0.35995393991470337,0.7708073258399963
112,0.28293633460998535,0.5170422792434692,0.3794379234313965,0.7189997434616089
113,0.26973456144332886,0.5156658887863159,0.3655722737312317,0.7334222197532654
114,0.26177987456321716,0.5086116790771484,0.3648677468299866,0.7402135729789734
115,0.2753320336341858,0.5041487216949463,0.3754841387271881,0.7236093878746033
116,0.27809035778045654,0.5196442604064941,0.37316054105758667,0.7122154831886292
117,0.271094411611557,0.515465497970581,0.38800883293151855,0.771835446357727
118,0.27976077795028687,0.5157781839370728,0.3799144923686981,0.7281199097633362
119,0.2664899230003357,0.5237835049629211,0.36287054419517517,0.7493776679039001
120,0.26384392380714417,0.5372321009635925,0.3619825839996338,0.7453621029853821
121,0.27882716059684753,0.5266192555427551,0.3747241497039795,0.7347632050514221
122,0.26388654112815857,0.5051352977752686,0.3650011718273163,0.7352773547172546
123,0.2451305091381073,0.5233715176582336,0.34248796105384827,0.7420347332954407
124,0.2583676278591156,0.5501160621643066,0.364125519990921,0.7695386409759521
125,0.2673415541648865,0.5019131898880005,0.3620684742927551,0.7135913968086243
126,0.2728251516819,0.5004602074623108,0.3649844825267792,0.6924360394477844
127,0.27793318033218384,0.5444539785385132,0.3842316269874573,0.7666473984718323
128,0.2851870059967041,0.5406673550605774,0.39781448245048523,0.7705305218696594
129,0.2642688453197479,0.5470748543739319,0.3713710904121399,0.7853273153305054
130,0.2840822637081146,0.5026794075965881,0.3705771267414093,0.7046290040016174
131,0.27024415135383606,0.5407291054725647,0.37384384870529175,0.7647905349731445
132,0.2696090042591095,0.5079714059829712,0.36421653628349304,0.7007180452346802
133,0.26337292790412903,0.6135948896408081,0.35330960154533386,0.7873924970626831
134,0.2773580253124237,0.5460934638977051,0.39036715030670166,0.7723168134689331
135,0.28339171409606934,0.5187403559684753,0.373483270406723,0.7235172986984253
136,0.24348878860473633,0.5271280407905579,0.3459736704826355,0.7524731159210205
137,0.27212032675743103,0.4921247363090515,0.3553959131240845,0.6826946139335632
138,0.26582449674606323,0.5132907032966614,0.37258464097976685,0.7592758536338806
139,0.2506435513496399,0.5330244302749634,0.35313087701797485,0.7439367771148682
140,0.2803293466567993,0.5079361200332642,0.3761904835700989,0.7164788246154785
141,0.2660580575466156,0.5198919177055359,0.3623276650905609,0.726165235042572
142,0.28069165349006653,0.5172812938690186,0.37946608662605286,0.7189483642578125
143,0.28152450919151306,0.5407209992408752,0.36991333961486816,0.7362180352210999
144,0.2698472738265991,0.5088902115821838,0.36040374636650085,0.7082909941673279
145,0.26551079750061035,0.545034646987915,0.3596669137477875,0.7409084439277649
146,0.28373804688453674,0.5491706728935242,0.3859066367149353,0.7579928636550903
147,0.2640746831893921,0.5400299429893494,0.3653232455253601,0.7680733799934387
148,0.2622472941875458,0.5489093065261841,0.35766318440437317,0.7517396807670593
149,0.25521767139434814,0.5433530211448669,0.34786516427993774,0.7413414120674133
150,0.2670397162437439,0.5333600640296936,0.36095303297042847,0.7275312542915344
151,0.27954721450805664,0.522179365158081,0.3703339397907257,0.7198861837387085
152,0.2283533662557602,0.5614153742790222,0.3125797510147095,0.7564104795455933
153,0.23197390139102936,0.573988139629364,0.31246674060821533,0.7586669325828552
154,0.23509930074214935,0.5775899291038513,0.3173021674156189,0.7667503952980042
155,0.22979559004306793,0.605211079120636,0.3104268014431,0.7859498262405396
156,0.2393103688955307,0.5904579758644104,0.31648650765419006,0.7661058902740479
157,0.2334272563457489,0.6203047633171082,0.3133441209793091,0.803459882736206
158,0.23799267411231995,0.5971072912216187,0.31328916549682617,0.7738713026046753
159,0.22907960414886475,0.6115573048591614,0.3069051206111908,0.7887653112411499
160,0.23622068762779236,0.6037465929985046,0.31370118260383606,0.7796666026115417
161,0.23401330411434174,0.6255691647529602,0.3126199543476105,0.8072240948677063
162,0.23820707201957703,0.6098529696464539,0.3158084750175476,0.7905683517456055
163,0.22920221090316772,0.6396490931510925,0.3091214895248413,0.8225438594818115
164,0.2480432540178299,0.6105742454528809,0.32330504059791565,0.7830235958099365
165,0.23811820149421692,0.6291801929473877,0.3150826394557953,0.8051420450210571
166,0.2528609037399292,0.6289381980895996,0.3284301161766052,0.8032254576683044
167,0.24670881032943726,0.6549952030181885,0.32233864068984985,0.8229310512542725
168,0.2310277223587036,0.6513479351997375,0.30667904019355774,0.8243130445480347
169,0.24672289192676544,0.649281919002533,0.32431724667549133,0.8245412707328796
170,0.24866175651550293,0.6305067539215088,0.3252817988395691,0.8082515001296997
171,0.23212289810180664,0.6748121976852417,0.31033724546432495,0.8555624485015869
172,0.24812519550323486,0.6409124135971069,0.3222864270210266,0.8170651793479919
173,0.24876637756824493,0.6526864171028137,0.32605209946632385,0.8339868783950806
174,0.23158489167690277,0.6882280707359314,0.30773085355758667,0.8620129227638245
175,0.24511709809303284,0.6876064538955688,0.3196796178817749,0.8543915748596191
176,0.2507387399673462,0.6531510353088379,0.32057270407676697,0.8086400032043457
177,0.24805429577827454,0.6643416285514832,0.32244622707366943,0.8388923406600952
178,0.24299202859401703,0.6750774383544922,0.3169296681880951,0.8461258411407471
179,0.24785469472408295,0.6913064122200012,0.32119759917259216,0.8583623170852661
180,0.2533024251461029,0.6651809215545654,0.3267652690410614,0.8302802443504333
181,0.25971800088882446,0.6772151589393616,0.3317914605140686,0.8388110995292664
182,0.2533276677131653,0.6825264096260071,0.3255901336669922,0.8477282524108887
183,0.24981984496116638,0.6681944131851196,0.32009339332580566,0.8300130367279053
184,0.24515734612941742,0.715954601764679,0.3184826076030731,0.8814965486526489
185,0.25238946080207825,0.702796459197998,0.32307907938957214,0.8713168501853943
186,0.264152467250824,0.7005671858787537,0.3346807062625885,0.8606696724891663
187,0.2544471323490143,0.7190954685211182,0.32622063159942627,0.8806232213973999
188,0.251950204372406,0.7147655487060547,0.3247606158256531,0.8858076333999634
189,0.2597942352294922,0.7020296454429626,0.3305843472480774,0.8663707375526428
190,0.25543519854545593,0.7290877103805542,0.32593056559562683,0.8831928968429565
191,0.25522148609161377,0.6919436454772949,0.32728174328804016,0.8650227785110474
192,0.2553636431694031,0.7181463241577148,0.32573357224464417,0.8816043138504028
193,0.2560812830924988,0.7273804545402527,0.32784518599510193,0.8954160213470459
194,0.2680223882198334,0.7053499221801758,0.33896803855895996,0.868365466594696
195,0.24703609943389893,0.7303285598754883,0.31782054901123047,0.8936097025871277
196,0.25886639952659607,0.7019924521446228,0.3283551335334778,0.8630646467208862
197,0.2589912712574005,0.6874048113822937,0.3285719156265259,0.8469026684761047
198,0.2619391679763794,0.7048496603965759,0.33129242062568665,0.8658397197723389
199,0.26281532645225525,0.7049753665924072,0.33338427543640137,0.8642680644989014
200,0.26261985301971436,0.7170690894126892,0.3330540657043457,0.8752670288085938
201,0.2691281735897064,0.7283523082733154,0.33657148480415344,0.8809866905212402
202,0.258550763130188,0.7530102133750916,0.33070775866508484,0.915380597114563
203,0.25158530473709106,0.7761958837509155,0.32323795557022095,0.9389787912368774
204,0.2619176506996155,0.7155684232711792,0.32967913150787354,0.8724332451820374
205,0.26265525817871094,0.6863584518432617,0.3308049142360687,0.8532084822654724
206,0.2604924142360687,0.7153646945953369,0.32543590664863586,0.8587947487831116
207,0.25874173641204834,0.7479843497276306,0.32585057616233826,0.895252525806427
208,0.2724609971046448,0.695889413356781,0.3370232582092285,0.8405474424362183
209,0.2667413651943207,0.815756618976593,0.3423033058643341,0.9988743662834167
210,0.26774072647094727,0.7332019209861755,0.3339451849460602,0.8846988677978516
211,0.27941492199897766,0.7221240401268005,0.3418812155723572,0.8541837334632874
212,0.27227652072906494,0.7544108629226685,0.335315078496933,0.8817214965820312
213,0.28715625405311584,0.7457240223884583,0.3553086817264557,0.8813939094543457
214,0.2740422189235687,0.735139787197113,0.33797672390937805,0.865219235420227
215,0.2674553096294403,0.7704976201057434,0.3322850167751312,0.904082715511322
216,0.2733844518661499,0.7686957716941833,0.34411105513572693,0.9291386008262634
217,0.2772343158721924,0.7419573664665222,0.3458426594734192,0.900463342666626
218,0.2705608606338501,0.7664541006088257,0.33500170707702637,0.9063429236412048
219,0.2731647789478302,0.7786672115325928,0.33751046657562256,0.9148919582366943
220,0.27173537015914917,0.7375624775886536,0.3348972201347351,0.877367377281189
221,0.2771781086921692,0.7547701597213745,0.3433537483215332,0.8988579511642456
222,0.27400678396224976,0.7859200835227966,0.3401879668235779,0.931861937046051
223,0.27291810512542725,0.7580745816230774,0.34045907855033875,0.9178271889686584
224,0.2679058909416199,0.7385993599891663,0.33593297004699707,0.8984710574150085
225,0.27174827456474304,0.7503508925437927,0.3403792977333069,0.9113069176673889
226,0.2660863399505615,0.7491772770881653,0.33120033144950867,0.8988519310951233
227,0.2658151090145111,0.7655086517333984,0.3342260420322418,0.9241634011268616
228,0.26753607392311096,0.7746531963348389,0.3347238600254059,0.9210023283958435
229,0.27030742168426514,0.7537412047386169,0.3377385437488556,0.9063515067100525
230,0.2746764123439789,0.7336601614952087,0.33949998021125793,0.8804505467414856
231,0.2699960470199585,0.7666333317756653,0.3345707356929779,0.9116945266723633
232,0.28135785460472107,0.7401399612426758,0.3493340015411377,0.9005641937255859
233,0.26426950097084045,0.7585229873657227,0.329725980758667,0.9038839936256409
234,0.27657729387283325,0.7516846060752869,0.3375996947288513,0.8821972608566284
