1,1.6397409439086914,0.2439911663532257,1.8376787900924683,0.2931734025478363
2,1.582940697669983,0.28147751092910767,1.7876321077346802,0.3084409832954407
3,1.5473411083221436,0.29691585898399353,1.7801038026809692,0.3099992275238037
4,1.4427374601364136,0.3597049117088318,1.745570182800293,0.35866788029670715
5,1.429328203201294,0.4185873568058014,1.792934775352478,0.3729931712150574
6,1.416770339012146,0.4140019416809082,1.7948907613754272,0.3718555271625519
7,0.4075373709201813,0.517288863658905,0.6191096305847168,0.6411887407302856
8,0.4534030556678772,0.5168954730033875,0.5711086392402649,0.5994417071342468
9,0.4635567367076874,0.5158126354217529,0.536820113658905,0.580808699131012
10,0.4290270209312439,0.5309710502624512,0.487479031085968,0.5916734933853149
11,0.3807010352611542,0.4824218451976776,0.4968753159046173,0.5978831648826599
12,0.3723057210445404,0.456045925617218,0.4783012568950653,0.5692238211631775
13,0.3846900463104248,0.49302950501441956,0.48432329297065735,0.5993514657020569
14,0.377018541097641,0.5066092610359192,0.47887834906578064,0.6166673302650452
15,0.3786235451698303,0.5061743259429932,0.47784507274627686,0.6131604909896851
16,0.4060031473636627,0.4887697696685791,0.5052587985992432,0.5988814234733582
17,0.39956027269363403,0.505031406879425,0.4972091317176819,0.6036169528961182
18,0.4048670828342438,0.5023277401924133,0.49843907356262207,0.5937516093254089
19,0.36573368310928345,0.5609979033470154,0.4613345265388489,0.6748664379119873
20,0.37933769822120667,0.5028842091560364,0.4685955047607422,0.6136797666549683
21,0.3705311417579651,0.4812580943107605,0.45435255765914917,0.5786324739456177
22,0.3817347586154938,0.5084169507026672,0.4669899046421051,0.616793692111969
23,0.4122534692287445,0.5025399327278137,0.49439042806625366,0.5982269644737244
24,0.3919467329978943,0.5181535482406616,0.47371479868888855,0.6205890774726868
25,0.3688805103302002,0.5092431306838989,0.4463033080101013,0.6072999835014343
26,0.36475059390068054,0.5560209155082703,0.43967103958129883,0.6472262740135193
27,0.3866780698299408,0.5406047701835632,0.4620113670825958,0.6298365592956543
28,0.3797594904899597,0.5399582982063293,0.45264190435409546,0.6242208480834961
29,0.3927555978298187,0.5367510318756104,0.4622311592102051,0.6105287671089172
30,0.3234948217868805,0.6202495694160461,0.40022116899490356,0.7112876176834106
31,0.3777303099632263,0.5633739829063416,0.44665566086769104,0.6392161846160889
32,0.37597230076789856,0.5636428594589233,0.44640296697616577,0.6390442848205566
33,0.3664441704750061,0.578436017036438,0.4407743811607361,0.6759212613105774
34,0.3403402864933014,0.5731363296508789,0.4109353721141815,0.6680655479431152
35,0.3548356592655182,0.5732918381690979,0.4261224865913391,0.6582501530647278
36,0.3644658029079437,0.5894956588745117,0.4375634491443634,0.6836766004562378
37,0.37539348006248474,0.5588065981864929,0.4451865553855896,0.6540879011154175
38,0.3659915626049042,0.5585833191871643,0.43324097990989685,0.6427721381187439
39,0.34958258271217346,0.602925717830658,0.41875696182250977,0.6951741576194763
40,0.36038246750831604,0.5577182173728943,0.42468398809432983,0.6417429447174072
41,0.3680686056613922,0.5832110643386841,0.43364790081977844,0.6666262745857239
42,0.35557660460472107,0.5792247653007507,0.4212624728679657,0.6716610193252563
43,0.3493212163448334,0.5895535945892334,0.40830686688423157,0.6566938161849976
44,0.3674074411392212,0.6059391498565674,0.4264727234840393,0.6655173897743225
45,0.3578462302684784,0.5970649719238281,0.4150811433792114,0.6609472632408142
46,0.381165474653244,0.5912433862686157,0.4398549497127533,0.6576882600784302
47,0.40568050742149353,0.5789803266525269,0.46532270312309265,0.6435807943344116
48,0.39195725321769714,0.5711463689804077,0.45453500747680664,0.6489574313163757
49,0.364326536655426,0.6055251955986023,0.41980862617492676,0.6664248108863831
50,0.39331626892089844,0.5571867227554321,0.4512946903705597,0.6299328207969666
51,0.3778826594352722,0.6296179294586182,0.4426325261592865,0.713474452495575
52,0.36096981167793274,0.5893921256065369,0.41349515318870544,0.6392555832862854
53,0.37389716506004333,0.6222554445266724,0.4355545938014984,0.6952098608016968
54,0.3399186432361603,0.5962737798690796,0.39989086985588074,0.6854393482208252
55,0.387803316116333,0.6146413087844849,0.4480223059654236,0.6957569718360901
56,0.3622741401195526,0.6126434803009033,0.41243740916252136,0.663486659526825
57,0.36762169003486633,0.7373583912849426,0.4345095157623291,0.8188241124153137
58,0.37097668647766113,0.5942363142967224,0.42596301436424255,0.6566655039787292
59,0.3765445053577423,0.6522330641746521,0.4319106340408325,0.7043851017951965
60,0.3652898669242859,0.6450795531272888,0.4205871522426605,0.718166708946228
61,0.37025704979896545,0.6190088391304016,0.4175366759300232,0.6681777238845825
62,0.37240904569625854,0.6243709921836853,0.42124199867248535,0.6735527515411377
63,0.37448519468307495,0.6451348066329956,0.4259985685348511,0.6908634305000305
64,0.34973040223121643,0.6328033804893494,0.4076513648033142,0.6988621950149536
65,0.34563156962394714,0.6594682335853577,0.3972552418708801,0.7116531133651733
66,0.3497067987918854,0.6405001282691956,0.3943502604961395,0.6739465594291687
67,0.4127635061740875,0.6644722819328308,0.46698278188705444,0.7106003165245056
68,0.3468497693538666,0.6872328519821167,0.4011971056461334,0.7464464902877808
69,0.3683309257030487,0.6504232883453369,0.42278945446014404,0.7102536559104919
70,0.34336376190185547,0.683509349822998,0.3912074863910675,0.7166527509689331
71,0.3591766953468323,0.6221171021461487,0.4111689627170563,0.6721057295799255
72,0.3914046287536621,0.6564581990242004,0.43492788076400757,0.6817407608032227
73,0.3715292513370514,0.6468716263771057,0.4101833403110504,0.66854327917099
74,0.36689963936805725,0.6396158337593079,0.4109783172607422,0.6807092428207397
75,0.3750149607658386,0.666455090045929,0.4226951003074646,0.7126631736755371
76,0.3576640784740448,0.6634916067123413,0.4022403657436371,0.7001297473907471
77,0.3688141703605652,0.6699026226997375,0.41466349363327026,0.7150998115539551
78,0.35729920864105225,0.6898666024208069,0.3988490402698517,0.7227963209152222
79,0.35175153613090515,0.7253672480583191,0.4000810384750366,0.7789971828460693
80,0.381081223487854,0.6673914790153503,0.4249505400657654,0.7034426927566528
81,0.3961448073387146,0.7111412882804871,0.4354351758956909,0.7328711152076721
82,0.3668200969696045,0.6632209420204163,0.4126725196838379,0.7162356972694397
83,0.3661576211452484,0.6753842234611511,0.4078088104724884,0.7035399675369263
84,0.36735954880714417,0.654804527759552,0.41030368208885193,0.6947082281112671
85,0.3710441291332245,0.6656737327575684,0.41082268953323364,0.6929546594619751
86,0.35022521018981934,0.6729992628097534,0.3938555121421814,0.7187133431434631
87,0.3560941219329834,0.689035952091217,0.4007457196712494,0.7256513237953186
88,0.35965561866760254,0.7131980657577515,0.40168577432632446,0.7462643980979919
89,0.3529866635799408,0.6706907749176025,0.39077386260032654,0.6949942708015442
90,0.34354501962661743,0.6761188507080078,0.3827998638153076,0.7023985981941223
91,0.3639066219329834,0.6670251488685608,0.4010472893714905,0.6876224279403687
92,0.3562794029712677,0.69321209192276,0.39327195286750793,0.7242576479911804
93,0.3454605042934418,0.6970514059066772,0.38377806544303894,0.7181261777877808
94,0.37614744901657104,0.6632229089736938,0.41872572898864746,0.7028970122337341
95,0.3658468723297119,0.6899195313453674,0.4033781886100769,0.7164955139160156
96,0.37160685658454895,0.7402122616767883,0.41130635142326355,0.7787702679634094
97,0.3574175238609314,0.714634358882904,0.39886197447776794,0.7541530132293701
98,0.35610431432724,0.657611608505249,0.38680145144462585,0.6733436584472656
99,0.3710886836051941,0.7470721006393433,0.4028507471084595,0.7633860111236572
100,0.35476264357566833,0.6895233392715454,0.38821882009506226,0.7080081701278687
101,0.35901594161987305,0.699629545211792,0.3889785706996918,0.7079612612724304
102,0.3583478033542633,0.7034723162651062,0.38672512769699097,0.7025393843650818
103,0.34577476978302,0.7165064215660095,0.37814080715179443,0.7357333898544312
104,0.35143569111824036,0.7104121446609497,0.3854660391807556,0.7283564209938049
105,0.3686135411262512,0.742853581905365,0.40525510907173157,0.7802857160568237
106,0.3708600103855133,0.7130606174468994,0.40641435980796814,0.7371003031730652
107,0.36250126361846924,0.6935843825340271,0.39603209495544434,0.7086265087127686
108,0.3601384162902832,0.754967451095581,0.3989587426185608,0.7765323519706726
109,0.3547886610031128,0.6997213959693909,0.3895350396633148,0.7191287875175476
110,0.33588555455207825,0.7479798793792725,0.3724142611026764,0.7790404558181763
111,0.36044636368751526,0.749140202999115,0.40240463614463806,0.8015629053115845
112,0.3556918203830719,0.7851976156234741,0.3926338255405426,0.8039639592170715
113,0.3588103652000427,0.7165036201477051,0.39082249999046326,0.7387559413909912
114,0.3330560624599457,0.7588021159172058,0.36485210061073303,0.7756205797195435
115,0.38161835074424744,0.7303503155708313,0.4095956087112427,0.7331281900405884
116,0.35895290970802307,0.8047255873680115,0.38381195068359375,0.8014286756515503
117,0.35140907764434814,0.7073673605918884,0.3791109025478363,0.7157692909240723
118,0.3638065457344055,0.741167426109314,0.3944665789604187,0.7597209811210632
119,0.37304064631462097,0.7349377870559692,0.40207016468048096,0.7414230108261108
120,0.3701680302619934,0.7933157086372375,0.4036935865879059,0.8072405457496643
121,0.36765480041503906,0.747273862361908,0.395460307598114,0.7526106238365173
122,0.3707730770111084,0.7221939563751221,0.3971291482448578,0.7186914682388306
123,0.3574707806110382,0.7768192887306213,0.3879016041755676,0.7862095832824707
124,0.3567659258842468,0.722579300403595,0.3843953013420105,0.7339994311332703
125,0.3540085256099701,0.7424587607383728,0.38037049770355225,0.7418482899665833
126,0.3651891052722931,0.6924530863761902,0.38490474224090576,0.6795960068702698
127,0.3832748830318451,0.751491367816925,0.41049060225486755,0.7565527558326721
128,0.3698883056640625,0.6879372596740723,0.39319631457328796,0.6903552412986755
129,0.36544546484947205,0.7035571932792664,0.39111265540122986,0.7056698799133301
130,0.3646392226219177,0.7116888165473938,0.39760488271713257,0.7350422143936157
131,0.3628172278404236,0.7644621133804321,0.3884952664375305,0.7586164474487305
132,0.360736608505249,0.7407519817352295,0.38845041394233704,0.751591682434082
133,0.3693309724330902,0.7935265302658081,0.39097246527671814,0.780060350894928
134,0.3511658310890198,0.7617248296737671,0.37071749567985535,0.7575207352638245
135,0.3684651255607605,0.7577720284461975,0.3897164762020111,0.7489683628082275
136,0.3579438626766205,0.7198162078857422,0.3819997012615204,0.7220661640167236
137,0.35774555802345276,0.7387803792953491,0.38202741742134094,0.7361968755722046
138,0.34837526082992554,0.7515856623649597,0.3718391954898834,0.7479828000068665
139,0.34340181946754456,0.742804229259491,0.3573274612426758,0.7254288792610168
140,0.36745041608810425,0.7786149978637695,0.38728663325309753,0.7697402834892273
141,0.3753766119480133,0.7579463124275208,0.3944026529788971,0.7396303415298462
142,0.33559679985046387,0.715485155582428,0.35435032844543457,0.7074486613273621
143,0.3555504083633423,0.7723739147186279,0.3711317479610443,0.7562888264656067
144,0.38834691047668457,0.7351255416870117,0.4168112874031067,0.7516955733299255
145,0.34386971592903137,0.7663641571998596,0.36949098110198975,0.7697197198867798
146,0.38252004981040955,0.7733795642852783,0.3995095491409302,0.74425208568573
147,0.35639557242393494,0.7693225741386414,0.3823961317539215,0.7751443982124329
148,0.3774295151233673,0.7655913233757019,0.39175668358802795,0.7414482831954956
149,0.3844078481197357,0.7500171065330505,0.4018981456756592,0.7374235391616821
150,0.37525391578674316,0.798156201839447,0.3974044919013977,0.8066268563270569
151,0.36383870244026184,0.7707332968711853,0.3765842914581299,0.7489078044891357
152,0.3459104299545288,0.8204687237739563,0.3464542329311371,0.7700783610343933
153,0.34412020444869995,0.8345504999160767,0.34201106429100037,0.7797220349311829
154,0.34510666131973267,0.8427062630653381,0.34001725912094116,0.7773347496986389
155,0.3513002395629883,0.8615067601203918,0.3441770672798157,0.7911814451217651
156,0.34954577684402466,0.8654167652130127,0.34182438254356384,0.7989032864570618
157,0.35109296441078186,0.8460966348648071,0.3442497253417969,0.7752894163131714
158,0.3584553003311157,0.9049887657165527,0.3499956727027893,0.8324080109596252
159,0.3507106602191925,0.8933289647102356,0.3363206386566162,0.8041310906410217
160,0.3507674038410187,0.861935555934906,0.3392334282398224,0.7803105711936951
161,0.3508858382701874,0.8976285457611084,0.3383222222328186,0.8195474743843079
162,0.35147640109062195,0.9187921285629272,0.3328964114189148,0.8266469240188599
163,0.35680171847343445,0.89885413646698,0.3411690890789032,0.8087884783744812
164,0.3565061688423157,0.934140682220459,0.3367963135242462,0.8338901996612549
165,0.359336256980896,0.9063498973846436,0.3422509431838989,0.8166882395744324
166,0.3491003215312958,0.9279805421829224,0.3284146785736084,0.8298051953315735
167,0.3604220151901245,0.9598836898803711,0.33674705028533936,0.8560873866081238
168,0.3566427230834961,0.9251340627670288,0.33350667357444763,0.8257049918174744
169,0.3565441370010376,0.9745734930038452,0.3290177881717682,0.8642869591712952
170,0.3594549894332886,0.925789475440979,0.33423635363578796,0.817984402179718
171,0.35429853200912476,0.9471344351768494,0.325146347284317,0.8308401703834534
172,0.35189440846443176,0.9601337909698486,0.32449522614479065,0.8463530540466309
173,0.35641923546791077,0.987524688243866,0.3261350393295288,0.8684502243995667
174,0.3581468462944031,0.9477059841156006,0.3313942551612854,0.8348972201347351
175,0.35342830419540405,0.9363598823547363,0.32442858815193176,0.8240366578102112
176,0.3594712018966675,0.9721879959106445,0.32897961139678955,0.8548769950866699
177,0.3601304590702057,0.9613888263702393,0.32859596610069275,0.8445516228675842
178,0.3618397116661072,0.9913819432258606,0.32884177565574646,0.8678039908409119
179,0.36546093225479126,0.9596213102340698,0.33677974343299866,0.8496922254562378
180,0.3647281229496002,0.976705014705658,0.3309420943260193,0.8513040542602539
181,0.3698444664478302,0.9830798506736755,0.3345983326435089,0.8580842614173889
182,0.36658644676208496,0.9560777544975281,0.33264830708503723,0.836023211479187
183,0.36689960956573486,0.9966074824333191,0.3324441611766815,0.8724783658981323
184,0.36779332160949707,0.972514808177948,0.3338856101036072,0.8529403209686279
185,0.36962345242500305,0.9816915988922119,0.33472028374671936,0.8595677018165588
186,0.3696037232875824,1.045075535774231,0.331059068441391,0.9099917411804199
187,0.37140724062919617,1.0154222249984741,0.32974475622177124,0.8750472068786621
188,0.370370477437973,0.9839833974838257,0.33422425389289856,0.8565542697906494
189,0.3736245632171631,1.0139257907867432,0.33361363410949707,0.8788369297981262
190,0.3741154372692108,1.02590012550354,0.33092808723449707,0.8822383284568787
191,0.37918516993522644,0.9940202832221985,0.3396507799625397,0.8608842492103577
192,0.3817043900489807,1.013238549232483,0.3419135808944702,0.8756853342056274
193,0.3773662745952606,0.9837995767593384,0.3367924690246582,0.84920334815979
194,0.37767577171325684,0.9808675050735474,0.336675226688385,0.8465485572814941
195,0.38183507323265076,1.0061922073364258,0.3409176766872406,0.8713453412055969
196,0.3787626624107361,0.9891809225082397,0.3395577371120453,0.8539649248123169
197,0.37794333696365356,0.9869133830070496,0.3392670750617981,0.8557306528091431
198,0.37637531757354736,0.991434633731842,0.33900678157806396,0.8635752201080322
199,0.3855396509170532,1.0003401041030884,0.34322473406791687,0.8568580150604248
200,0.38102614879608154,1.05327308177948,0.3370048403739929,0.907263457775116
201,0.37744227051734924,1.0336391925811768,0.3349972367286682,0.891729474067688
202,0.38431844115257263,1.0090878009796143,0.34165239334106445,0.8666369915008545
203,0.3819594383239746,1.0097556114196777,0.3407098948955536,0.8732684254646301
204,0.3742784857749939,1.0169482231140137,0.33493319153785706,0.8888628482818604
205,0.38382038474082947,1.0296783447265625,0.3377678096294403,0.8777408003807068
206,0.37891685962677,1.025023102760315,0.33436354994773865,0.8794915080070496
207,0.37835657596588135,1.0676844120025635,0.32895952463150024,0.9127067923545837
208,0.38809576630592346,1.0800596475601196,0.3404083847999573,0.9299009442329407
209,0.38379979133605957,1.045659065246582,0.3341416120529175,0.8937509059906006
210,0.3843589425086975,0.9979919791221619,0.3419840931892395,0.859102189540863
211,0.3815036714076996,1.0199733972549438,0.33569228649139404,0.8768528699874878
212,0.39714473485946655,1.0472017526626587,0.3468770384788513,0.8898565173149109
213,0.3935076594352722,1.0411196947097778,0.3448351323604584,0.8897092342376709
214,0.3935434818267822,1.0697319507598877,0.3435631990432739,0.9215062856674194
215,0.39296719431877136,1.0564277172088623,0.34276434779167175,0.9077808260917664
216,0.3934614360332489,1.0700716972351074,0.3416844308376312,0.9181867241859436
217,0.3992807865142822,1.0902472734451294,0.3454325497150421,0.9317731857299805
218,0.40065622329711914,1.0708928108215332,0.3500095307826996,0.9194294810295105
219,0.4010445773601532,1.0843572616577148,0.34996145963668823,0.9301318526268005
220,0.39486247301101685,1.0672091245651245,0.3439067602157593,0.907256007194519
221,0.40290558338165283,1.0692307949066162,0.35503843426704407,0.9202261567115784
222,0.3854484260082245,1.0845273733139038,0.33405521512031555,0.9312644600868225
223,0.3971764147281647,1.0561407804489136,0.34590044617652893,0.8992412090301514
224,0.3937174379825592,1.0648224353790283,0.3427169620990753,0.9112357497215271
225,0.3945295512676239,1.054366111755371,0.3481883406639099,0.9127815961837769
226,0.3900570273399353,1.0645995140075684,0.3380400240421295,0.911735475063324
227,0.39287272095680237,1.0820072889328003,0.33981335163116455,0.9235774874687195
228,0.39593932032585144,1.097503900527954,0.3454144597053528,0.9489947557449341
229,0.39891672134399414,1.0989291667938232,0.34634989500045776,0.9447050094604492
230,0.39783233404159546,1.049937129020691,0.34897205233573914,0.9034069776535034
231,0.4007420837879181,1.083734154701233,0.34855708479881287,0.9320716857910156
232,0.40606608986854553,1.0924075841903687,0.3497786223888397,0.9270179271697998
233,0.40009382367134094,1.1057326793670654,0.34534183144569397,0.9507361054420471
234,0.4037877023220062,1.1142843961715698,0.3445078432559967,0.9394463896751404
235,0.39600032567977905,1.0507707595825195,0.34046709537506104,0.8865118026733398
236,0.39963099360466003,1.1138100624084473,0.34148067235946655,0.9475892186164856
237,0.3945084512233734,1.0707439184188843,0.33863696455955505,0.9112576246261597
238,0.4019859731197357,1.0518834590911865,0.34883514046669006,0.9026248455047607
239,0.4035356342792511,1.0875389575958252,0.34852471947669983,0.9286707639694214
240,0.4107779264450073,1.1109232902526855,0.3540681004524231,0.9494088292121887
241,0.4056731164455414,1.0999658107757568,0.34605643153190613,0.9275996088981628
242,0.40680819749832153,1.1402642726898193,0.34474480152130127,0.9656705856323242
243,0.4001603424549103,1.1568162441253662,0.356293648481369,1.0171016454696655
244,0.3957900106906891,1.124434232711792,0.34802067279815674,0.9591590762138367
245,0.4017067551612854,1.1664975881576538,0.3476971387863159,1.0033451318740845
246,0.40223512053489685,1.1685528755187988,0.3513334393501282,1.0167382955551147
247,0.38705122470855713,1.1065495014190674,0.33776119351387024,0.9326564073562622
248,0.38924649357795715,1.065836787223816,0.3405095636844635,0.9174404144287109
249,0.4034433960914612,1.0817352533340454,0.35277315974235535,0.9317989945411682
250,0.41350141167640686,1.0711301565170288,0.36122927069664,0.9136289954185486
251,0.4093893766403198,1.1155930757522583,0.3519972264766693,0.9493906497955322
252,0.410754919052124,1.113166332244873,0.35417455434799194,0.9473572969436646
253,0.41165992617607117,1.0908327102661133,0.356202095746994,0.9253914952278137
254,0.3995648920536041,1.0679947137832642,0.35398563742637634,0.927890956401825
255,0.4103395640850067,1.099815845489502,0.3563814163208008,0.9443971514701843
256,0.41067004203796387,1.0494877099990845,0.3618367910385132,0.907891571521759
257,0.4099790155887604,1.0413237810134888,0.3616549074649811,0.902802050113678
258,0.4177660346031189,1.1132609844207764,0.3656034767627716,0.9530186653137207
259,0.40900471806526184,1.0829260349273682,0.35821476578712463,0.9361046552658081
260,0.4196286201477051,1.2212380170822144,0.3722250163555145,1.0870003700256348
261,0.4009552299976349,1.079239845275879,0.35818910598754883,0.9411485195159912
262,0.4079834520816803,1.0739433765411377,0.35401806235313416,0.9190583229064941
263,0.4116281270980835,1.078374981880188,0.3610948622226715,0.9289712309837341
264,0.40866655111312866,1.0637480020523071,0.3593735694885254,0.913414716720581
265,0.40824180841445923,1.087568998336792,0.35087040066719055,0.9176613092422485
266,0.4206823408603668,1.153907060623169,0.36022037267684937,0.9859212040901184
267,0.4120677411556244,1.0812697410583496,0.3561200797557831,0.924244225025177
268,0.4097904562950134,1.0848067998886108,0.35794273018836975,0.9353869557380676
269,0.4087393581867218,1.0867544412612915,0.35405096411705017,0.930415153503418
270,0.42033877968788147,1.1017353534698486,0.3648947775363922,0.9469477534294128
271,0.418673574924469,1.0479240417480469,0.369187593460083,0.9032461047172546
272,0.4156048595905304,1.0206843614578247,0.3703044354915619,0.8869367837905884
273,0.41733744740486145,1.09611976146698,0.35965877771377563,0.9332357048988342
274,0.4072720408439636,1.1108660697937012,0.34657493233680725,0.9384174346923828
275,0.40801918506622314,1.1116571426391602,0.3473197817802429,0.9494463205337524
276,0.4232458770275116,1.0775928497314453,0.3677253723144531,0.9172834753990173
277,0.40669646859169006,1.1107710599899292,0.34561994671821594,0.9367738962173462
278,0.41025614738464355,1.1059815883636475,0.35201072692871094,0.9388244152069092
279,0.4159849286079407,1.0730501413345337,0.3594827353954315,0.9110804796218872
280,0.4085138738155365,1.0517067909240723,0.3518463373184204,0.8947457671165466
281,0.40624070167541504,1.0588971376419067,0.3481912612915039,0.9006180167198181
282,0.40748661756515503,1.0548523664474487,0.35147416591644287,0.899192214012146
283,0.414950966835022,1.0977338552474976,0.3516312539577484,0.9271588325500488
284,0.41154173016548157,1.0957732200622559,0.3501778841018677,0.9301139116287231
285,0.4071366488933563,1.1439224481582642,0.34390130639076233,0.9752236008644104
286,0.4154771566390991,1.090936541557312,0.3554299771785736,0.9298949241638184
287,0.4156740605831146,1.0732189416885376,0.35843634605407715,0.9149080514907837
288,0.41192957758903503,1.073630690574646,0.35796698927879333,0.9259710907936096
289,0.41481778025627136,1.1111849546432495,0.35804662108421326,0.9574734568595886
290,0.40657418966293335,1.0925215482711792,0.3505540192127228,0.937257707118988
291,0.4197380840778351,1.130323052406311,0.3578510880470276,0.9643898010253906
292,0.4148057699203491,1.1855510473251343,0.3475840091705322,1.0109959840774536
293,0.4145284593105316,1.1162128448486328,0.35543423891067505,0.9570639729499817
294,0.4132573902606964,1.115466594696045,0.34928232431411743,0.9430667757987976
295,0.4171038866043091,1.093663215637207,0.3597060441970825,0.939202606678009
296,0.41342976689338684,1.081392765045166,0.35698482394218445,0.9292112588882446
297,0.4274669587612152,1.157058835029602,0.36763647198677063,0.9974574446678162
298,0.4205753207206726,1.1127510070800781,0.3598858416080475,0.9454277157783508
299,0.43097805976867676,1.1109230518341064,0.3679032623767853,0.9326015114784241
300,0.4204149544239044,1.104292631149292,0.35902148485183716,0.9377339482307434
301,0.42334017157554626,1.0994423627853394,0.364052414894104,0.9385321736335754
302,0.42602357268333435,1.1156450510025024,0.36640962958335876,0.9527223110198975
303,0.42097845673561096,1.128610372543335,0.35653960704803467,0.9577580094337463
304,0.41391587257385254,1.0985792875289917,0.3522537052631378,0.934297502040863
305,0.41858789324760437,1.108231544494629,0.35832473635673523,0.9474933743476868
306,0.4165034592151642,1.1213469505310059,0.3544033467769623,0.9574694037437439
307,0.4223681092262268,1.156294584274292,0.35745877027511597,0.9816470146179199
308,0.4240962862968445,1.1325156688690186,0.3579857647418976,0.9553049206733704
309,0.42489540576934814,1.1546690464019775,0.3583682179450989,0.9780187606811523
310,0.4230773448944092,1.115368366241455,0.36150625348091125,0.9508047699928284
311,0.4228229820728302,1.1317548751831055,0.35892540216445923,0.9639357924461365
312,0.4246014952659607,1.1593929529190063,0.35886019468307495,0.9875050187110901
313,0.4249080717563629,1.1088837385177612,0.36402347683906555,0.9469837546348572
314,0.4231528341770172,1.1761624813079834,0.35511860251426697,0.9978647232055664
315,0.4211917817592621,1.1622624397277832,0.35389968752861023,0.9864889979362488
316,0.4221629202365875,1.096976399421692,0.3620966970920563,0.9371249079704285
317,0.43335238099098206,1.144088625907898,0.3686304986476898,0.9719115495681763
318,0.42644062638282776,1.154416799545288,0.3626933991909027,0.9822048544883728
319,0.42404139041900635,1.1053701639175415,0.36440509557724,0.9455420970916748
320,0.4235690236091614,1.1180013418197632,0.3603864312171936,0.9503503441810608
321,0.42847681045532227,1.1503247022628784,0.3616739809513092,0.9745292663574219
322,0.42706403136253357,1.1474401950836182,0.3614087402820587,0.9744591116905212
323,0.4245540201663971,1.1735063791275024,0.35599562525749207,0.9940760135650635
324,0.4255686402320862,1.145082950592041,0.3617721498012543,0.9757793545722961
325,0.4327581524848938,1.1671230792999268,0.36519789695739746,0.9895204305648804
326,0.42931854724884033,1.177190899848938,0.36065763235092163,0.9968429803848267
327,0.4289630353450775,1.1550030708312988,0.36208871006965637,0.9806588292121887
328,0.42924606800079346,1.1671013832092285,0.3620767295360565,0.9895814061164856
329,0.4283284544944763,1.138597846031189,0.36382871866226196,0.9670514464378357
330,0.42061150074005127,1.1777355670928955,0.3505226671695709,0.9925783276557922
331,0.4328475892543793,1.1340794563293457,0.36635416746139526,0.9555585980415344
332,0.427609920501709,1.14029860496521,0.3618824779987335,0.9678806662559509
333,0.43055790662765503,1.1966142654418945,0.3595552444458008,1.0118998289108276
334,0.4308813810348511,1.1272716522216797,0.36653932929039,0.9570463299751282
335,0.4308374226093292,1.1672430038452148,0.3642129600048065,0.9886174201965332
336,0.4293113946914673,1.1245503425598145,0.36741018295288086,0.9594316482543945
337,0.4303308427333832,1.148285150527954,0.36251533031463623,0.9678698182106018
338,0.42578139901161194,1.095056176185608,0.36598002910614014,0.9361693263053894
339,0.4215017557144165,1.1766514778137207,0.3514346778392792,0.9910649061203003
340,0.43251341581344604,1.1951500177383423,0.3603482246398926,1.0038065910339355
341,0.43072107434272766,1.1931244134902954,0.3620060384273529,1.0126025676727295
342,0.4264480471611023,1.1583454608917236,0.36103206872940063,0.9838249683380127
343,0.4291667640209198,1.132668137550354,0.36450836062431335,0.9577339291572571
344,0.4329299032688141,1.1396757364273071,0.3646036386489868,0.958415687084198
345,0.4277017414569855,1.1314572095870972,0.35950857400894165,0.9493146538734436
346,0.4273569583892822,1.1550604104995728,0.36064067482948303,0.98087078332901
347,0.4291551411151886,1.150256872177124,0.3594604432582855,0.9656200408935547
348,0.4366056025028229,1.1981056928634644,0.3636285960674286,1.0084739923477173
349,0.43752819299697876,1.096059799194336,0.37759482860565186,0.9294359683990479
350,0.4263083338737488,1.137013554573059,0.3610934913158417,0.9611583352088928
351,0.4269673228263855,1.1786091327667236,0.35881543159484863,1.0021355152130127
352,0.43969979882240295,1.1866532564163208,0.36949312686920166,1.0002363920211792
353,0.4327335059642792,1.144700288772583,0.36461764574050903,0.9651875495910645
354,0.43574199080467224,1.1730902194976807,0.3681529462337494,0.9930317997932434
355,0.42309725284576416,1.1316078901290894,0.35904935002326965,0.9603426456451416
356,0.43209972977638245,1.1630076169967651,0.3617735803127289,0.9776668548583984
357,0.4258477985858917,1.1737638711929321,0.35591620206832886,0.9873311519622803
358,0.4365779161453247,1.1810176372528076,0.3674251139163971,0.9970367550849915
359,0.43248459696769714,1.1570181846618652,0.3657778203487396,0.97837895154953
360,0.4297125041484833,1.174781322479248,0.3598967492580414,0.9890441298484802
