1,1.3352242708206177,0.3356579840183258,1.5148227214813232,0.4139002561569214
2,1.2868363857269287,0.3465104103088379,1.4758172035217285,0.4018964171409607
3,1.2720787525177002,0.35670632123947144,1.5020344257354736,0.39076748490333557
4,1.1631535291671753,0.40444013476371765,1.4804643392562866,0.4274667501449585
5,1.070141077041626,0.4499722421169281,1.4903713464736938,0.4533768892288208
6,1.0701595544815063,0.4499599039554596,1.490376353263855,0.45338204503059387
7,0.366598904132843,0.38211560249328613,0.5982470512390137,0.5914281010627747
8,0.332599014043808,0.36365145444869995,0.5321749448776245,0.5960512161254883
9,0.3335784673690796,0.36859458684921265,0.516392707824707,0.6004557013511658
10,0.3337477743625641,0.37677642703056335,0.5148975253105164,0.6197823286056519
11,0.3103172183036804,0.3737798035144806,0.48412439227104187,0.6243090629577637
12,0.30487945675849915,0.37978988885879517,0.46698278188705444,0.6180696487426758
13,0.34134674072265625,0.3519810736179352,0.4941116273403168,0.5834644436836243
14,0.3126857280731201,0.3771460950374603,0.4675583243370056,0.6275404691696167
15,0.30016979575157166,0.3740482032299042,0.44793733954429626,0.624803364276886
16,0.3076120913028717,0.3707573711872101,0.4489753842353821,0.619377076625824
17,0.30580610036849976,0.3783142864704132,0.445684015750885,0.6218788623809814
18,0.31956127285957336,0.37477320432662964,0.46028292179107666,0.6177374124526978
19,0.3501160442829132,0.36468279361724854,0.481317937374115,0.588401198387146
20,0.32806316018104553,0.3825209438800812,0.45661887526512146,0.6124178767204285
21,0.3319489657878876,0.3893914818763733,0.4690135419368744,0.6408058404922485
22,0.31464633345603943,0.38079777359962463,0.4450078308582306,0.6327925324440002
23,0.27370139956474304,0.39683476090431213,0.4083370864391327,0.6523731350898743
24,0.29587045311927795,0.3981001079082489,0.42813703417778015,0.6680281162261963
25,0.3473847508430481,0.3768335282802582,0.470010906457901,0.6125869750976562
26,0.3391958177089691,0.37489211559295654,0.44963306188583374,0.6022025346755981
27,0.3400011956691742,0.3878386914730072,0.4702144265174866,0.6510066390037537
28,0.3104352653026581,0.3809061646461487,0.43240705132484436,0.6162031292915344
29,0.3336896300315857,0.3788772225379944,0.45255106687545776,0.6166980862617493
30,0.33819806575775146,0.4282434582710266,0.4551587998867035,0.6691135764122009
31,0.323639839887619,0.4001830220222473,0.438289612531662,0.6401032209396362
32,0.2901715040206909,0.3946433961391449,0.41149765253067017,0.6473451852798462
33,0.2982786297798157,0.3950119614601135,0.4090614914894104,0.6275551319122314
34,0.3123204708099365,0.3799341917037964,0.41851601004600525,0.619359016418457
35,0.2798817753791809,0.41197001934051514,0.39655765891075134,0.6542757749557495
36,0.2929290533065796,0.48639973998069763,0.41466575860977173,0.7564530372619629
37,0.31573596596717834,0.42279791831970215,0.4302738606929779,0.6604329943656921
38,0.31988275051116943,0.4216238558292389,0.435776025056839,0.6621679663658142
39,0.29758402705192566,0.41460517048835754,0.4125007390975952,0.6589498519897461
40,0.30846044421195984,0.3801802694797516,0.41688624024391174,0.6234160661697388
41,0.29538601636886597,0.400441437959671,0.4057238698005676,0.6304504871368408
42,0.29658421874046326,0.4577218294143677,0.42430537939071655,0.7231338024139404
43,0.29438328742980957,0.4269845485687256,0.41186419129371643,0.6829073429107666
44,0.339606910943985,0.4181218147277832,0.44482484459877014,0.6539720296859741
45,0.3095725476741791,0.4453117549419403,0.4264834225177765,0.6886799335479736
46,0.29656875133514404,0.4454702138900757,0.4141778349876404,0.6943912506103516
47,0.2659015953540802,0.45022356510162354,0.39231961965560913,0.7206994295120239
48,0.3265092372894287,0.4485818147659302,0.4360378682613373,0.6744230389595032
49,0.3235698640346527,0.4400489330291748,0.43075913190841675,0.6725760698318481
50,0.303765207529068,0.43652236461639404,0.41315433382987976,0.6780089139938354
51,0.30412372946739197,0.4318867325782776,0.4056590795516968,0.6526802778244019
52,0.31535404920578003,0.4080987870693207,0.41292762756347656,0.6221948266029358
53,0.2907397747039795,0.4345541298389435,0.40060675144195557,0.6732791066169739
54,0.2972334325313568,0.42854881286621094,0.40367406606674194,0.6520459651947021
55,0.3026604950428009,0.4511611759662628,0.4124588966369629,0.6946415901184082
56,0.29227784276008606,0.43819621205329895,0.4017961919307709,0.667036771774292
57,0.26965686678886414,0.4742774963378906,0.3863126039505005,0.7295404076576233
58,0.281800240278244,0.45412686467170715,0.3890130817890167,0.6945620179176331
59,0.31817036867141724,0.4588605761528015,0.4348943531513214,0.7035958170890808
60,0.26913031935691833,0.4599530100822449,0.38075876235961914,0.6980091333389282
61,0.31380271911621094,0.47161099314689636,0.42718401551246643,0.7129458785057068
62,0.2985039949417114,0.4448481500148773,0.4069465398788452,0.6716168522834778
63,0.30685070157051086,0.4441528916358948,0.4100125730037689,0.6674415469169617
64,0.2886253297328949,0.4791122078895569,0.40160223841667175,0.7183865308761597
65,0.28466665744781494,0.48222431540489197,0.3935265839099884,0.7201336026191711
66,0.2902678847312927,0.4767822325229645,0.401737779378891,0.7020378708839417
67,0.283030241727829,0.46133729815483093,0.3939599096775055,0.711839497089386
68,0.27488309144973755,0.4383254051208496,0.3694705367088318,0.655083417892456
69,0.280155748128891,0.4593488276004791,0.38384512066841125,0.6958794593811035
70,0.28535017371177673,0.44868698716163635,0.3859458267688751,0.6680716276168823
71,0.3015148341655731,0.45108944177627563,0.4036271572113037,0.6777249574661255
72,0.24648453295230865,0.46629172563552856,0.3529537618160248,0.690551221370697
73,0.2930240333080292,0.49551162123680115,0.4034000337123871,0.743887186050415
74,0.29089438915252686,0.4497101604938507,0.38093897700309753,0.6462004780769348
75,0.2790517508983612,0.4815647602081299,0.38741838932037354,0.7003933191299438
76,0.28128206729888916,0.46244171261787415,0.3865449130535126,0.699255108833313
77,0.2601137161254883,0.46257394552230835,0.36173340678215027,0.6921777725219727
78,0.2747584581375122,0.4589960277080536,0.37954431772232056,0.6967663764953613
79,0.30052801966667175,0.49347180128097534,0.40962255001068115,0.7255046367645264
80,0.26751914620399475,0.48872408270835876,0.3783981204032898,0.7151870131492615
81,0.27212080359458923,0.4943397641181946,0.37231165170669556,0.7111018300056458
82,0.2784445583820343,0.47195085883140564,0.38049763441085815,0.6992075443267822
83,0.2779901623725891,0.49191465973854065,0.37792113423347473,0.7144652009010315
84,0.24648812413215637,0.48526355624198914,0.3617488443851471,0.7391144037246704
85,0.2650977075099945,0.45138031244277954,0.36611977219581604,0.6777279376983643
86,0.27160149812698364,0.5095639228820801,0.3872169256210327,0.7559736371040344
87,0.274198442697525,0.4757245182991028,0.38533422350883484,0.7240508794784546
88,0.2658974528312683,0.4544919431209564,0.37223848700523376,0.6917952299118042
89,0.26402875781059265,0.5027875304222107,0.37735065817832947,0.7466737031936646
90,0.2891753315925598,0.5139261484146118,0.39331895112991333,0.7401488423347473
91,0.29938241839408875,0.4729025959968567,0.4035859704017639,0.706757128238678
92,0.2832227647304535,0.47866663336753845,0.3899385333061218,0.6969115734100342
93,0.2815942168235779,0.5024977326393127,0.37905415892601013,0.7242608070373535
94,0.2772599160671234,0.5023172497749329,0.3910699784755707,0.7389097213745117
95,0.2591102421283722,0.5120676755905151,0.37544044852256775,0.757798433303833
96,0.27202871441841125,0.5198732018470764,0.3869444727897644,0.7527167797088623
97,0.2691759169101715,0.46877968311309814,0.3817541003227234,0.7147222757339478
98,0.25685760378837585,0.5179762840270996,0.3618758022785187,0.7440195083618164
99,0.28404948115348816,0.45191043615341187,0.37864822149276733,0.6651228070259094
100,0.27589017152786255,0.4782620370388031,0.37441518902778625,0.6951681971549988
101,0.3041292726993561,0.5130645632743835,0.4245772063732147,0.7534186244010925
102,0.24604088068008423,0.48821988701820374,0.3450477123260498,0.7040404081344604
103,0.27525755763053894,0.48039761185646057,0.3796537220478058,0.7074725031852722
104,0.26672616600990295,0.4844872057437897,0.3785674571990967,0.7257871031761169
105,0.24656394124031067,0.498137891292572,0.35121312737464905,0.7298736572265625
106,0.2604432702064514,0.5063793063163757,0.36735999584198,0.7486090064048767
107,0.2568729519844055,0.48379844427108765,0.3548754155635834,0.6918926239013672
108,0.2829626798629761,0.5009703636169434,0.38668543100357056,0.7260770797729492
109,0.27576252818107605,0.48851490020751953,0.3734021484851837,0.6941189169883728
110,0.28768476843833923,0.49651917815208435,0.38708558678627014,0.7165256142616272
111,0.2595599293708801,0.5001993179321289,0.36576783657073975,0.7311083078384399
112,0.25143155455589294,0.5168377161026001,0.3577995300292969,0.7464649677276611
113,0.27090394496917725,0.5342656970024109,0.3858233094215393,0.7759769558906555
114,0.27567651867866516,0.4980734884738922,0.38448113203048706,0.7408593893051147
115,0.2658728361129761,0.5140907764434814,0.37910932302474976,0.7661586403846741
116,0.2466973215341568,0.5385050773620605,0.3461405634880066,0.7556858658790588
117,0.2861745357513428,0.5251251459121704,0.39691102504730225,0.7603536248207092
118,0.26000458002090454,0.49534401297569275,0.3618461489677429,0.7263745665550232
119,0.2867612838745117,0.529410183429718,0.38690388202667236,0.7337850332260132
120,0.26409757137298584,0.5065240263938904,0.366272896528244,0.71275395154953
121,0.2860691249370575,0.5097422003746033,0.39124083518981934,0.7346898913383484
122,0.24698777496814728,0.5033330321311951,0.36357375979423523,0.7601781487464905
123,0.2711637318134308,0.49838918447494507,0.3774486482143402,0.7203741669654846
124,0.2784911096096039,0.4943389594554901,0.3788369297981262,0.7068594694137573
125,0.2634330689907074,0.5002729892730713,0.36280715465545654,0.708531379699707
126,0.2594135105609894,0.49935075640678406,0.35661303997039795,0.711311936378479
127,0.26480600237846375,0.5253389477729797,0.38289281725883484,0.781091570854187
128,0.24785704910755157,0.520314633846283,0.3525710105895996,0.7555638551712036
129,0.28323277831077576,0.512507975101471,0.3768453299999237,0.7233360409736633
130,0.24782471358776093,0.5065206289291382,0.3587237298488617,0.7464063167572021
131,0.2667900025844574,0.48005354404449463,0.366629034280777,0.7094153165817261
132,0.23818090558052063,0.5299007296562195,0.3409239649772644,0.749873697757721
133,0.24487075209617615,0.5266256928443909,0.35057851672172546,0.7515764236450195
134,0.25860345363616943,0.4959186911582947,0.3588954210281372,0.7197498679161072
135,0.25659218430519104,0.5428946018218994,0.3630971908569336,0.773547887802124
136,0.26879793405532837,0.5267570614814758,0.36390936374664307,0.7202150821685791
137,0.2755656838417053,0.5254645347595215,0.3681851625442505,0.7178239226341248
138,0.259076327085495,0.525965690612793,0.361474871635437,0.7459795475006104
139,0.2635161578655243,0.515156090259552,0.36730775237083435,0.7265258431434631
140,0.27159079909324646,0.5412588119506836,0.3778877258300781,0.774937093257904
141,0.26935139298439026,0.5054832100868225,0.3676030933856964,0.7217585444450378
142,0.2867036461830139,0.5018471479415894,0.3896264135837555,0.734430193901062
143,0.26943349838256836,0.5553603768348694,0.3686034381389618,0.7724425792694092
144,0.2848033010959625,0.5384109020233154,0.39065417647361755,0.7582773566246033
145,0.25123029947280884,0.5137045383453369,0.3564166724681854,0.7521339654922485
146,0.2664887309074402,0.5335912108421326,0.37499377131462097,0.7538954019546509
147,0.2701748013496399,0.5141136050224304,0.367433100938797,0.7272511720657349
148,0.27109071612358093,0.4932100176811218,0.3710329532623291,0.7316185832023621
149,0.24912433326244354,0.5549312829971313,0.3564901053905487,0.798701822757721
150,0.2591933310031891,0.5058430433273315,0.35930684208869934,0.7332467436790466
151,0.24771593511104584,0.513427197933197,0.36015522480010986,0.7644311785697937
152,0.21500125527381897,0.5524423122406006,0.3147199749946594,0.7848820090293884
153,0.23272182047367096,0.5358982682228088,0.3263815939426422,0.7528960704803467
154,0.23144574463367462,0.5599231719970703,0.3241967558860779,0.7721933126449585
155,0.22941190004348755,0.5642657279968262,0.31948864459991455,0.769675076007843
156,0.22757534682750702,0.56224524974823,0.31337761878967285,0.7548644542694092
157,0.2332494556903839,0.5647616386413574,0.3211842179298401,0.7657244205474854
158,0.2307267040014267,0.5795019865036011,0.3167091906070709,0.7749113440513611
159,0.21924148499965668,0.6433067321777344,0.3173770010471344,0.8700107932090759
160,0.21828685700893402,0.5988011360168457,0.30794990062713623,0.8131852746009827
161,0.23523440957069397,0.5923913717269897,0.3248410224914551,0.7921878695487976
162,0.24200518429279327,0.59748774766922,0.32860809564590454,0.7900892496109009
163,0.2320256531238556,0.6134799122810364,0.32130423188209534,0.8156775236129761
164,0.22649064660072327,0.6476181149482727,0.31864532828330994,0.8560300469398499
165,0.24460658431053162,0.6190086007118225,0.3309827148914337,0.8100128173828125
166,0.2383929342031479,0.6261330246925354,0.32259491086006165,0.8102927803993225
167,0.23630721867084503,0.6197676658630371,0.3200441896915436,0.807687520980835
168,0.24934086203575134,0.6117284297943115,0.33305877447128296,0.801264762878418
169,0.23293685913085938,0.6174189448356628,0.31879329681396484,0.8153837323188782
170,0.2431858628988266,0.6176602244377136,0.32819926738739014,0.8145602345466614
171,0.2478574961423874,0.6072777509689331,0.33520737290382385,0.8125739693641663
172,0.24046041071414948,0.6224150061607361,0.3253391683101654,0.8187362551689148
173,0.24230098724365234,0.6150989532470703,0.32670390605926514,0.8095189929008484
174,0.23005685210227966,0.6357629299163818,0.3135862350463867,0.8265249729156494
175,0.2518984079360962,0.6351898908615112,0.33534950017929077,0.8239546418190002
176,0.2426537722349167,0.6220755577087402,0.32405710220336914,0.8092851042747498
177,0.2435477375984192,0.6328862309455872,0.3294493854045868,0.8324042558670044
178,0.24207408726215363,0.6485705971717834,0.32665055990219116,0.8466016054153442
179,0.2512301206588745,0.6104074120521545,0.3298713266849518,0.8008912801742554
180,0.24591147899627686,0.657650887966156,0.3305080235004425,0.856201171875
181,0.24282662570476532,0.6694754362106323,0.32821452617645264,0.8629570007324219
182,0.2478993535041809,0.6462088823318481,0.32868140935897827,0.8254626989364624
183,0.2533574104309082,0.6458975076675415,0.3363911509513855,0.8308393955230713
184,0.24820871651172638,0.6552560925483704,0.32974565029144287,0.8387138843536377
185,0.2693103849887848,0.6289234161376953,0.35161536931991577,0.8188594579696655
186,0.23956112563610077,0.6788613796234131,0.32275447249412537,0.8696511387825012
187,0.24998266994953156,0.6483681201934814,0.33067336678504944,0.8335383534431458
188,0.25319668650627136,0.6526941657066345,0.3345332741737366,0.838201642036438
189,0.25535866618156433,0.6653307676315308,0.33695802092552185,0.850984513759613
190,0.24781204760074615,0.6610181927680969,0.33104801177978516,0.859641432762146
191,0.2579023838043213,0.6665398478507996,0.3414284288883209,0.8583835363388062
192,0.2584071755409241,0.681251585483551,0.33961382508277893,0.860694944858551
193,0.24788521230220795,0.680001974105835,0.32988685369491577,0.8691996335983276
194,0.2504124343395233,0.6692778468132019,0.33183082938194275,0.8580977916717529
195,0.2575354278087616,0.6704677939414978,0.34087899327278137,0.8635802865028381
196,0.2521618902683258,0.6873260140419006,0.33299270272254944,0.8682577013969421
197,0.26291581988334656,0.6829593181610107,0.346765398979187,0.8702393770217896
198,0.25373736023902893,0.6898989677429199,0.3322778642177582,0.8632793426513672
199,0.2621619999408722,0.6430903673171997,0.3414452373981476,0.8230530023574829
200,0.27049022912979126,0.6814590096473694,0.3519027531147003,0.8728616237640381
201,0.2617170214653015,0.6930033564567566,0.3445497155189514,0.8823791742324829
202,0.25996696949005127,0.6828166246414185,0.3387044370174408,0.8616691827774048
203,0.24730266630649567,0.7166361212730408,0.326412171125412,0.8959996104240417
204,0.25348299741744995,0.6762790083885193,0.33377403020858765,0.8664833903312683
205,0.2579610049724579,0.6812142133712769,0.33543941378593445,0.8591189384460449
206,0.2506164312362671,0.7130845189094543,0.3323965072631836,0.8953977823257446
207,0.26115769147872925,0.6668696403503418,0.3459007441997528,0.8728218674659729
208,0.2509113550186157,0.7047507762908936,0.33403971791267395,0.9039038419723511
209,0.25996989011764526,0.7167440056800842,0.34269171953201294,0.9082409739494324
210,0.26396071910858154,0.6887918710708618,0.3412933051586151,0.8704665303230286
211,0.2643963098526001,0.705771267414093,0.3424810469150543,0.8867973685264587
212,0.2592707872390747,0.7521377801895142,0.3391500413417816,0.9277567267417908
213,0.26502251625061035,0.7147660255432129,0.3449797034263611,0.8961179256439209
214,0.2487465739250183,0.73801589012146,0.3299204111099243,0.9212313294410706
215,0.2538437843322754,0.7262376546859741,0.33507004380226135,0.9140428304672241
216,0.26250967383384705,0.7178117036819458,0.3392011523246765,0.8913741707801819
217,0.2557348906993866,0.7488463521003723,0.33806660771369934,0.9418085217475891
218,0.24857273697853088,0.7486340999603271,0.32879018783569336,0.9259411692619324
219,0.26327067613601685,0.706378161907196,0.33866220712661743,0.8739945888519287
220,0.26488155126571655,0.7271108627319336,0.3434927761554718,0.9015361666679382
221,0.2656399607658386,0.7227635383605957,0.34302836656570435,0.8957365155220032
222,0.2721404433250427,0.7208981513977051,0.3503356873989105,0.8991320133209229
223,0.2577856481075287,0.7335413694381714,0.33662253618240356,0.9180963635444641
224,0.2573775351047516,0.725141167640686,0.3312671184539795,0.890127420425415
225,0.2652592062950134,0.7212375998497009,0.3407168686389923,0.8938700556755066
226,0.265232652425766,0.7297781109809875,0.3420696556568146,0.902499258518219
227,0.2634721100330353,0.7211357355117798,0.33920130133628845,0.8948348760604858
228,0.2616245150566101,0.7246427536010742,0.3392683267593384,0.9078009724617004
229,0.2651786208152771,0.7261728048324585,0.3452342748641968,0.9146827459335327
230,0.2693710923194885,0.7308387160301208,0.3473329246044159,0.9117358326911926
231,0.2741362154483795,0.7193703055381775,0.35008788108825684,0.894725501537323
232,0.2601913511753082,0.7178608179092407,0.33745765686035156,0.898386538028717
233,0.27087849378585815,0.7032838463783264,0.34277307987213135,0.8692847490310669
234,0.26962846517562866,0.7329079508781433,0.34690195322036743,0.9092462062835693
235,0.252297967672348,0.7561573386192322,0.3317524790763855,0.9384824633598328
236,0.26941049098968506,0.7350585460662842,0.34815704822540283,0.9218090772628784
237,0.2700783312320709,0.7411176562309265,0.34349122643470764,0.9047790765762329
238,0.27492979168891907,0.7343534827232361,0.3505604565143585,0.9091354608535767
239,0.27491235733032227,0.7274259328842163,0.3512968122959137,0.9006718993186951
240,0.2566031813621521,0.7379752993583679,0.3347962498664856,0.9163283109664917
241,0.2521996796131134,0.761066198348999,0.33304718136787415,0.9493133425712585
242,0.2667848765850067,0.7345532178878784,0.34429797530174255,0.9121300578117371
243,0.2580734193325043,0.7673085331916809,0.33609434962272644,0.9429344534873962
244,0.2600097358226776,0.7716243267059326,0.34139373898506165,0.9589203000068665
245,0.2614731192588806,0.735133171081543,0.33535537123680115,0.9024587869644165
