epoch,L_x,L_u,lambda_u,L_reg,L_total
6,1.6304257113086291,0.00103535199675455,49.79338842975207,0.002872466086602408,1.6724564083351576
6,1.6071369250615437,0.0016885612159967423,49.79166666666668,0.003103347717357489,1.6719442556301753
7,1.4435230429223973,0.0014537031688600136,74.82014388489209,0.0035026868329577736,1.5376280177411417
7,1.4558184051859206,0.0015705939031381538,74.81884057971016,0.0038445896884102535,1.5572745622932047
8,1.4015707330766067,0.0014413417746112042,99.83660130718954,0.0045129448659352814,1.5316793232961419
8,1.4097144548466662,0.0014974690175041654,99.83443708609272,0.004188287618496017,1.5448986793195965
9,1.3729642278785947,0.0013972926638796453,124.84177215189875,0.005270030505695864,1.5349579928796502
9,1.3568917100246136,0.0014272616379177915,124.83974358974362,0.0048788549671045095,1.5224036184641032
10,1.3275035468837884,0.001388749684637436,149.84177215189877,0.0055883326022473125,1.523745676761941
10,1.3419305067153493,0.0014200311648706863,149.8407643312102,0.0054707127544661146,1.5422894119457076
11,1.2595915073478543,0.0013160384157861306,174.8310810810811,0.006362075856068751,1.4793474549377286
11,1.2902870229880015,0.001397404888800035,174.83333333333334,0.0061777418401713175,1.5231168103218078
12,1.2540024534861247,0.0013253450219053776,199.83333333333334,0.006884931963092337,1.5094815643628439
12,1.260921097199122,0.0013256606203503906,199.83333333333334,0.006505751563236117,1.5158916028340657
13,1.2420241145292918,0.0012908570854536568,224.83333333333334,0.007682461921746532,1.5234410170714061
13,1.2273624128103255,0.001306904813585182,224.83333333333334,0.006929169765984019,1.5117403614521026
14,1.233523830572764,0.00127860624770013,249.83333333333334,0.007659588016880056,1.5448223221302033
14,1.2468960348765055,0.0013482580167086173,249.83333333333334,0.007129360870458186,1.5745036641756693
15,1.2443230752150218,0.0012906396621838211,274.83333333333337,0.006978309033438563,1.5899656045436859
15,1.2184114317099253,0.0012668705801479518,274.83333333333337,0.007289182965954145,1.5580827943483988
16,1.2203531380494435,0.0012431517883669586,299.8333333333333,0.007322728303261101,1.5852700551350911
16,1.2009775458566294,0.0012462907931736153,299.8322147651007,0.008415735357959798,1.5677937493228273
17,1.203633816242218,0.0012317439397641768,324.8333333333333,0.007942590626577536,1.5960629252592722
17,1.2144329739897044,0.001279026387500008,324.8322147651007,0.007900282812473559,1.621797682454922
18,1.2018411910533906,0.0012538546915554132,349.8333333333333,0.008369083157740534,1.6330230454603831
18,1.1996886110145775,0.001229672173339711,349.8322147651007,0.00825624452316321,1.6227223353097904
19,1.183932385444641,0.0012017493436966712,374.8333333333333,0.007969887158833445,1.6272197186946868
19,1.202342848649761,0.0012701051231573692,374.8322147651007,0.007915446734768431,1.6705155820654543
20,1.1782545701662699,0.0012040496163535862,399.8333333333333,0.007906568668161829,1.6525494492053985
20,1.1807352140445837,0.0012322870542564048,399.8322147651007,0.00914038256304526,1.6674886041839652
21,1.2050285653273265,0.0012467746747036774,400.0,0.008082492994144558,1.7118209218978881
21,1.1868853116995537,0.0012164661694386812,400.0,0.007914237732742756,1.6813860211596392
22,1.1743133103847503,0.001222802457632497,400.0,0.00807876794754217,1.671513058344523
22,1.1853980072339376,0.0012190288685572643,400.0,0.008048591520637274,1.68105814854304
23,1.1752259361743926,0.0011960903267997007,400.0,0.007940866122953593,1.6616029357910156
23,1.1783514455954234,0.0012184486025944353,400.0,0.007977581485950699,1.673708467880885
24,1.1733348055680592,0.0012181791379892578,400.0,0.009274044685686628,1.66988050421079
24,1.1819426937898,0.0012317011004779489,400.0,0.0074659758651008205,1.6820890974998475
25,1.163300151427587,0.0011997555380609507,400.0,0.008881490744339924,1.6520838530858357
25,1.1738334278265634,0.0012108030488404136,400.0,0.00847344591592749,1.6666280941168468
26,1.1651778332392375,0.0011804581482041006,400.0,0.008876040261238814,1.6462371309598287
26,1.1646727220217388,0.0011890039272839203,400.0,0.008713286028554042,1.6489875797430675
27,1.154162078898474,0.001198844272575483,400.0,0.009116189397057358,1.6428159735850152
27,1.1703918276243652,0.0011882178151181326,400.0,0.009216887712947383,1.654895838917486
28,1.1508314305583374,0.0011741630453539285,400.0,0.00860497225939438,1.6291016202099275
28,1.1499756610156684,0.0011713483119506808,400.0,0.008192541487885034,1.626707523074371
29,1.1732002942767363,0.0012245724351216255,400.0,0.00834783173585619,1.671377094376166
29,1.1745713416314283,0.0012110109471435357,400.0,0.008251567682658402,1.667227287166166
30,1.14766814061348,0.0011612670592476447,400.0,0.009081233436217076,1.6212562026567017
30,1.1485763219808112,0.001176023656318877,400.0,0.009213293514010922,1.6281990712841614
31,1.1525188191047568,0.0012005019064881648,400.0,0.008995881296435235,1.6417154598709762
31,1.1425996706975217,0.001165905728163691,400.0,0.009581735157962913,1.6185436971140224
32,1.133592705852938,0.001148459162533789,400.0,0.008796598076117256,1.6017729703164258
32,1.1593477556247584,0.001186729376998403,400.0,0.008652606991347888,1.642692110001646
33,1.1083910141559625,0.0011239140018873188,400.0,0.009892834725154454,1.5678494545008173
33,1.1403980780121505,0.001175311728248015,400.0,0.009066898935468288,1.6195896698149623
34,1.1217281676286104,0.0011471398976563617,400.0,0.009919893240173724,1.590504020255133
34,1.140424202147283,0.001155710972134808,400.0,0.008932253054808825,1.611640849787938
35,1.139089531061665,0.0011848380618778038,400.0,0.00847996068680474,1.6215047145521404
35,1.1221116100879092,0.001121608774778188,400.0,0.009019841207191348,1.5797749640125978
36,1.1334454606700417,0.0011645494875442606,400.0,0.008320133076111064,1.607585384356265
36,1.1487430577215396,0.0011831453946222993,400.0,0.008898248491612705,1.630899466966328
37,1.1418898513442592,0.0011661714130528516,400.0,0.008691224793437868,1.6170496426914867
37,1.123478353023529,0.00112289592985292,400.0,0.009333223934032468,1.5819699499780768
38,1.1507338159962703,0.0011965704859329363,400.0,0.008228683856462962,1.6375906941922087
38,1.1315179961292368,0.0011637978110995487,400.0,0.009398149891670695,1.6064352753915285
39,1.1357877376048189,0.001152413474061943,400.0,0.009527398326961128,1.6062805280089378
39,1.1321478670364933,0.0011889747620443814,400.0,0.008906289541444398,1.616644057788347
40,1.1357333244461763,0.0011365364145221018,400.0,0.009142455845568819,1.5994903492300134
40,1.140074591103353,0.0011995210119685477,400.0,0.009601429722112554,1.6294844225049019
41,1.1350483278694905,0.0011740017325791996,400.0,0.009199355042686588,1.6138483697646542
41,1.1265718111474263,0.0011579562784678082,400.0,0.008987094392068684,1.5987414176526822
42,1.1383745486014767,0.001207146802986053,400.0,0.009219722500634625,1.6304529924926006
42,1.1172642947027558,0.0011425757712506886,400.0,0.008897723078629688,1.5831923265206187
43,1.1142212556380975,0.0011263912155731017,400.0,0.009637853297662284,1.5744155888494693
43,1.1425783700848882,0.0011716553608972678,400.0,0.009110284070055442,1.6203507933961718
44,1.121397566246359,0.001173887949813721,400.0,0.009686237921031486,1.6006389824967635
44,1.101635856848014,0.0011132946285789857,400.0,0.009263383144953926,1.5562170971381037
45,1.1420731246471405,0.0011932307248858514,400.0,0.009146844432076537,1.628512264474442
45,1.1209835116016238,0.0011571191194219097,400.0,0.00925170155670984,1.5930828557986962
46,1.1173439923869937,0.0011459151432255137,400.0,0.009032863740637703,1.5847429127285355
46,1.1250943886606317,0.0011494942516851313,400.0,0.009024927137560505,1.5939170145674755
47,1.1216850704268406,0.0011693788617680855,400.0,0.009103283319793837,1.5985399006228698
47,1.122248616657759,0.0011597561539307016,400.0,0.009189693208195661,1.5953407711104344
48,1.1204088632213443,0.001149103288442252,400.0,0.008603563673157049,1.5886537428749234
48,1.1238341711853679,0.0011717892408150395,400.0,0.009627864689958332,1.6021777262028896
49,1.1270510160845089,0.0011629287155004206,400.0,0.009585311383715057,1.601807811680962
49,1.125202820489281,0.0011500105838900996,400.0,0.008531035271804094,1.5937380814238598
50,1.1279512678875643,0.00116647125181462,400.0,0.009447033106185058,1.603986800885668
50,1.1210818477705413,0.0011450729064272072,400.0,0.010269661765740392,1.5893806752815745
51,1.1122397295400208,0.0011490866946272577,400.0,0.008950746484295604,1.5808251542982712
51,1.120498823574166,0.0011654134590203076,400.0,0.009810560693343481,1.5964747663416894
52,1.1127845789092818,0.0011393811252786857,400.0,0.009703174018867168,1.5782402103243311
52,1.0978979059294158,0.0010990272200015051,400.0,0.00964555517295558,1.547154337752099
53,1.1094358668607824,0.0011296647869421814,400.0,0.009628239669076173,1.570930023598515
53,1.1199619064923205,0.001151111167155547,400.0,0.010381714796976131,1.5907880831388086
54,1.1195495708992607,0.00116243352960354,400.0,0.009694814289871016,1.5942177937219018
54,1.1176272587838516,0.0011548981376013603,400.0,0.008968272955564696,1.5885547859216826
55,1.1081852948195057,0.0011252499530919043,400.0,0.00985301177532069,1.5681382849028236
55,1.1344208904341155,0.0011697868600463361,400.0,0.009079742927128582,1.6114153702274647
56,1.1116779310251372,0.0011358368518652722,400.0,0.009187967209084555,1.5752006375711727
56,1.1097064801290923,0.0011546513363582028,400.0,0.008595551601519771,1.5801625590698392
57,1.1137864737728842,0.0011264306363372705,400.0,0.009454947769994927,1.5738136674843581
57,1.120066139433119,0.0011464765921594222,400.0,0.009677337770185927,1.5883341119959464
58,1.1032708185950135,0.0011017655195163113,400.0,0.00918717263570798,1.553164199676389
58,1.1197219483213487,0.0011591015994591408,400.0,0.009061763980699813,1.5924243576386397
59,1.0994077036583345,0.0011016961978063645,400.0,0.009773075254938377,1.5498592627593895
59,1.1240840406199686,0.0011880901117894335,400.0,0.009570240905566227,1.6088903246362225
60,1.1160510084987465,0.0011348571954371129,400.0,0.010233168554145331,1.5802270501267677
60,1.0882592902464026,0.0010838168498213871,400.0,0.010526160816083742,1.5323121886627347
61,1.1214253999828514,0.0012045340111107852,400.0,0.009367480006653304,1.6126064930865966
61,1.101138749932931,0.0011214184821309412,400.0,0.009865822192902366,1.5595719619514117
62,1.1080635961364298,0.0011223725766457886,400.0,0.009962245000197607,1.5669748716884189
62,1.0986148777350881,0.0011245991589175842,400.0,0.009270926400276474,1.5577254723879248
63,1.0893752937223398,0.0010900046203507635,400.0,0.010592201543557975,1.5359693372171688
63,1.116090055384667,0.0011648483309222178,400.0,0.009956167227119889,1.5919855556456872
64,1.1212828034668967,0.001172121352283284,400.0,0.00978952310553271,1.599920859913421
64,1.1122112671534221,0.0011416644836072902,400.0,0.009943823002924035,1.5788208815007427
65,1.1179095272924386,0.0011604729980105547,400.0,0.009262825173684975,1.5913615522820965
65,1.0885759685553758,0.0011048053622967108,400.0,0.010086395222316283,1.5405845092792136
66,1.1023301001078163,0.0011663777060164566,400.0,0.010701214785085005,1.579582400571287
66,1.1066714396663742,0.0011624596250970891,400.0,0.009814833686534876,1.5814701166807437
67,1.0930959414812476,0.001117450172375291,400.0,0.009321521991997763,1.5493975308985493
67,1.1037140521738265,0.0011183043152057364,400.0,0.009346403691345474,1.5603821795750288
68,1.108064566951951,0.001147633975788683,400.0,0.010060133996839617,1.5771782877398473
68,1.0912882662286945,0.0011176279178376194,400.0,0.008762524734111198,1.5471019608522552
69,1.0938837787547668,0.0011050420552083933,400.0,0.009688682269075185,1.5455892778836287
69,1.102792961145538,0.0011113249946741715,400.0,0.00947147950505704,1.5567944267995997
70,1.1188828913994084,0.0011515385437805474,400.0,0.009523767080109298,1.5890220719225265
70,1.1080017907946718,0.0011492604296578373,400.0,0.009629146527693746,1.5773351091185426
71,1.1013978452651532,0.0011206767527468188,400.0,0.00885973093946549,1.55852827623293
71,1.0939461403078847,0.0011347021445308437,400.0,0.010317355946202266,1.5581443549750686
72,1.1002883725352102,0.0011557949443843651,400.0,0.00957224348124552,1.5721785948648082
72,1.0931414431565767,0.001121114820390093,400.0,0.00976576565087519,1.5513531376015057
73,1.1109891564815075,0.0011490382253745717,400.0,0.009951640304492472,1.5805560907760223
73,1.0975663240079756,0.0011163364266961596,400.0,0.010470341534244938,1.5545712353347183
74,1.098759894634222,0.0011429275743596787,400.0,0.010206919550508647,1.5661378460271018
74,1.1070569465362947,0.0011565454874501193,400.0,0.009751174290013176,1.5794263135373983
75,1.0912376690607566,0.001112721469396931,400.0,0.009833082753269896,1.5461593409637353
75,1.0900099138160804,0.001103511165756454,400.0,0.010786988653012782,1.542201366517451
76,1.102890693909162,0.0011636894434394146,400.0,0.010252516382591581,1.5786189800733095
76,1.0720014390233275,0.0010773188496150633,400.0,0.010790915471840311,1.5137198962174452
77,1.097739974786709,0.0011339643924775254,400.0,0.0094305080862099,1.5607562448297227
77,1.114986339036156,0.0011685688841442754,400.0,0.009676501658605107,1.5920904056698668
78,1.097986264275266,0.0011469369458243276,400.0,0.009535838458263739,1.566296885539959
78,1.0869937768948623,0.0011078621625285473,400.0,0.010340125376078623,1.540478763237498
79,1.0970601830389592,0.0011582289880607277,400.0,0.010128488622049426,1.570480280108266
79,1.1005648931899628,0.0011395149744817285,400.0,0.009733514630465538,1.5661043965971315
80,1.108999090148257,0.0011435760398298598,400.0,0.009880307708056523,1.5763098237576423
80,1.0847641988234087,0.001108191942368247,400.0,0.010023330471345357,1.538064315334543
81,1.087527028151921,0.0011232477019755653,400.0,0.009848553889926958,1.5466746540812704
81,1.113405814031502,0.0011541779571085829,400.0,0.010496785474167047,1.5855737820074156
82,1.103969832132389,0.0011453689546581333,400.0,0.009887715615634503,1.572005124835225
82,1.0856933814364593,0.0010955393087200506,400.0,0.0097955977604664,1.5337047046655183
83,1.0795836537689358,0.001119986236021346,400.0,0.01068997076506932,1.5382681225801442
83,1.104992475989577,0.001152712244551036,400.0,0.010336303247392854,1.576413673239869
84,1.1008567446238036,0.0011450319064103744,400.0,0.010259818600176216,1.5691293238045334
84,1.0819867261044391,0.0010922146987928948,400.0,0.009619590269958045,1.528492190234073
85,1.0843377093990128,0.0011012485733122698,400.0,0.009761768059091425,1.5345989086411216
85,1.0788298376968928,0.0010854343002262925,400.0,0.009965968203380124,1.522969519163107
86,1.090449294486603,0.0011144351010443643,400.0,0.008773293299298105,1.5449966246431523
86,1.09528926479352,0.0011415532020951755,400.0,0.009550882786113237,1.5614614266079743
87,1.1007307458233524,0.0011590350706163527,400.0,0.009727939777378621,1.5740727097183078
87,1.0819368807526377,0.001114879797368504,400.0,0.009984342062349928,1.5378731373068575
88,1.0915547322917294,0.0011469909311619937,400.0,0.009089720018159646,1.5594408260537433
88,1.0818857217763926,0.0011220019440735121,400.0,0.01059671343824306,1.5412832103766405
89,1.0820745663209395,0.0011287157725415784,400.0,0.010213181642549378,1.5437740513256617
89,1.0789970639464144,0.0011118666018289816,400.0,0.010317288124450034,1.5340609894944477
90,1.0794202832432536,0.0010799888401237837,400.0,0.010321658391916714,1.5217374772220462
90,1.0801322553064916,0.0011171201926613735,400.0,0.010773367308951044,1.5377537054674966
91,1.0876866029454517,0.001130567502242501,400.0,0.010887158429854877,1.5508007612321284
91,1.083879028047834,0.0011246598481772128,400.0,0.009420265845785087,1.5431632306668666
92,1.0758142298267734,0.0010836692356068882,400.0,0.010483339897567227,1.519765260527211
92,1.0826744294011748,0.0011419320279466255,400.0,0.009980094850414081,1.5494273281716682
93,1.0967437199183874,0.0011553108074563228,400.0,0.010366566826940163,1.5692346111520545
93,1.091601479363132,0.0011486657568202173,400.0,0.011158195036983528,1.5622259746124219
94,1.0949293467905614,0.0011438344676703723,400.0,0.009987123083782854,1.5624502527636368
94,1.0844236252369819,0.0011286149959929602,400.0,0.009662391118971365,1.545532019881459
95,1.082149499035501,0.0010941789210350676,400.0,0.009543343885596117,1.5293644155774797
95,1.0819597390390212,0.0010979939441782452,400.0,0.010457993488037779,1.5316153080232682
96,1.0878745058140198,0.0011291005677020467,400.0,0.011568845804575106,1.551083575595509
96,1.0715565842966879,0.0010908569917157894,400.0,0.010680096611500748,1.5185794761103968
97,1.0903383640499857,0.0010866385331988189,400.0,0.009996244850169336,1.5349900238699727
97,1.070633101463318,0.0010830370129101098,400.0,0.010505624590141158,1.5143535387131475
98,1.091525899125384,0.0010781644209659986,400.0,0.009439271703882554,1.5322309403450458
98,1.0926371758983981,0.001127764178184612,400.0,0.010318393996285815,1.5540612393809903
99,1.0751337501310534,0.0011049031026496162,400.0,0.010477543432986545,1.5275725307003145
99,1.0967430371742743,0.0011480326600623765,400.0,0.009905088405644932,1.5658611833275138
100,1.0753440445469271,0.001083275055580382,400.0,0.009691237456976406,1.5183453075347408
100,1.0841343228693132,0.0011314146882890688,400.0,0.009665552697555682,1.546365753009722
101,1.0900265635982636,0.0011168928760584564,400.0,0.01044943174647708,1.5472331443140583
101,1.0769522882276965,0.0011143063054224777,400.0,0.011258016274340692,1.5339328312104747
102,1.0839048189501608,0.0011235582933295518,400.0,0.009891107008461991,1.5432192510174167
102,1.0867990263096698,0.0011257517751375842,400.0,0.010685894217995274,1.5477856262163683
103,1.069782409744878,0.0011100978241302072,400.0,0.009970452188844642,1.5237919872806918
103,1.0695945174463333,0.0010894432626364211,400.0,0.010457061252166187,1.5158288828788264
104,1.0863043696649612,0.0011167378761925764,400.0,0.00983578936166821,1.5428353067367309
104,1.0829310682512099,0.0011048767025650089,400.0,0.010438301758239827,1.535320048562942
105,1.083578602152486,0.0011071205875205416,400.0,0.010742895614596144,1.537169736431491
105,1.0656692389543954,0.0010841716318648283,400.0,0.010389173212884502,1.5097270669875207
106,1.0898386528415065,0.0011338722020868331,400.0,0.009795320821144888,1.5531828538064034
106,1.1007805447299759,0.0011686718644341454,400.0,0.010375004406873282,1.5786242914664281
107,1.072471123741519,0.0011003426174753376,400.0,0.01023552564964179,1.5228436935332514
107,1.0861357412030619,0.0011308782108713903,400.0,0.010545803722174417,1.5490328258083712
108,1.065576720237732,0.001046307060507036,400.0,0.01020193618812388,1.4943014775553056
108,1.0551791373760468,0.0010754632856509077,400.0,0.01004452539998437,1.4954089781930369
109,1.0693401182851483,0.0011065848274982625,400.0,0.010830119253707029,1.5228041714237581
109,1.0680288557083375,0.0010755127376591367,400.0,0.010735824232500408,1.5089697695547535
110,1.0767668783664703,0.001134717769943358,400.0,0.01056849203192659,1.5412224777283208
110,1.0911031342321826,0.001114083304550619,400.0,0.010025799301482978,1.5467622595448647
111,1.0767196089990678,0.0011152670737506162,400.0,0.010557644033143597,1.533384084701538
111,1.0739604061649692,0.0011248827803008738,400.0,0.011048535790835177,1.5349620557600452
112,1.0832263992678735,0.0011374589528948549,400.0,0.01044047948333525,1.548650462012137
112,1.0588944142864596,0.001046191978703944,400.0,0.01028713382059528,1.4876583333938354
113,1.0663505792617798,0.0010915965172311952,400.0,0.010343429139785228,1.5133326084383072
113,1.0771124505227612,0.0011094368374606053,400.0,0.010477912600242322,1.5313650984917917
114,1.0893445291826802,0.0011444277154477012,400.0,0.010536585443262612,1.5576522069592629
114,1.0701743835403073,0.001115556436801149,400.0,0.01006537743303324,1.5264623328562705
115,1.0798737172157533,0.0011111370092558284,400.0,0.009908586663884982,1.534237103692947
115,1.0736408433606548,0.0011050869169975481,400.0,0.01077386025609749,1.5264494722889315
116,1.057803398947562,0.0010738600819041172,400.0,0.011386545400525774,1.4987339838858573
116,1.0894067072099256,0.0011347919815189896,400.0,0.01117644986558345,1.5544999476402037
117,1.0835473422081239,0.0011281600362816526,400.0,0.011171014706093458,1.5459823758371414
117,1.063923385835463,0.0010930035775902891,400.0,0.010145105334419396,1.5112699151039124
118,1.0631060423389558,0.0010914816224436848,400.0,0.010484392092292828,1.5101830820883475
118,1.0698811284957392,0.0011011565457128229,400.0,0.010404225952562785,1.5207479792256509
119,1.068330055667508,0.0011080944717245837,400.0,0.01038512998230515,1.5219529774881178
119,1.0557018710720925,0.001067637071772028,400.0,0.010613547719173855,1.4933702395808313
120,1.084518914837991,0.0011058736750255188,400.0,0.010358317376625154,1.5372266946300384
120,1.0610583501477395,0.0010885799534603832,400.0,0.010663978037454428,1.5071543028277736
121,1.0772397252821153,0.001119836775450817,400.0,0.011038503511959025,1.536212932678961
121,1.0724026266605624,0.0011149574141581392,400.0,0.011196597326066225,1.5295821862836039
122,1.0750124577553042,0.0011205742285857277,400.0,0.011372558514197027,1.534614707193067
122,1.0673489278362642,0.0010944938546256914,400.0,0.01035533526071137,1.5155018018138025
123,1.0540939084945187,0.001061609708103201,400.0,0.010881865515764201,1.4896196603775025
123,1.0718530328043046,0.0011116046856548035,400.0,0.010415061735998718,1.5269099723908208
124,1.062714341378981,0.0010866013858767767,400.0,0.011398025773345463,1.508752926126603
124,1.056361944829264,0.0010726625347630152,400.0,0.011208432707034291,1.4966353866361803
125,1.0678049099060798,0.0011178264860063792,400.0,0.01014615428003092,1.5250816718224556
125,1.0858107024623502,0.001133988606330428,400.0,0.01062687843016559,1.5500330259723047
126,1.0820544554341225,0.0011200572559309583,400.0,0.01095672728373639,1.5410340793671147
126,1.0742964894540847,0.0011013409242995324,400.0,0.011422074541089035,1.5262549342647675
127,1.0683404853267053,0.0011006204396366113,400.0,0.010977813736685823,1.5195664671159559
127,1.0767742572292205,0.0011026993215519695,400.0,0.010435437546261857,1.5282894192203398
128,1.0630461973528709,0.0011071713768967216,400.0,0.011328956824276716,1.5172437110254842
128,1.0776031494140625,0.0011040468356617156,400.0,0.010377040156914341,1.5295989236524028
129,1.0774322721265976,0.0011184728929712888,400.0,0.010393398193522327,1.5352148302139774
129,1.0728253710654474,0.0011222102859568212,400.0,0.010241547536345258,1.5319510336845152
130,1.0772393899579202,0.0011300677642030943,400.0,0.010472936932778646,1.5397394311043524
130,1.0609341634858038,0.00107624631810693,400.0,0.010928235779846869,1.5023609330577234
131,1.0504037668628077,0.0010653572416143313,400.0,0.010945357660192155,1.4874920195148837
131,1.0631884213416807,0.0011025898747198705,400.0,0.010059136404625831,1.514283513253735
132,1.0610665321350097,0.001076139139683707,400.0,0.01099838131377774,1.502520570831914
132,1.0591211151692175,0.0010827841652151678,400.0,0.010125875527099256,1.5023606604145419
133,1.0501805067062377,0.0010710436172948609,400.0,0.011696048402377675,1.4902940000257185
133,1.0642612641857516,0.001125998613274386,400.0,0.011589363167783426,1.5262500701412078
134,1.0713832309169153,0.0011395866302923569,400.0,0.010430130888257295,1.5376480110229984
134,1.0678996655248827,0.0011058628895214849,400.0,0.010653870539259045,1.5208986970686142
135,1.052707230275677,0.001091335321618845,400.0,0.010755682319042182,1.4999970420714348
135,1.0619074563826285,0.0011039805814488642,400.0,0.009946421685538465,1.5134461018346972
136,1.0487903727639105,0.0010602143077713046,400.0,0.011834464669828453,1.4847105572300572
136,1.076146519719026,0.00111735868640841,400.0,0.010607849894604908,1.5336978370562577
137,1.069218995109681,0.0011006099870428444,400.0,0.011532615566806447,1.5209956080682816
137,1.0891297058417246,0.0011317843828015984,400.0,0.009684105908187727,1.5515275666346917
138,1.071063530829645,0.0011150952933671615,400.0,0.011971901274556595,1.5290735479324096
138,1.063160152771534,0.001091713535947164,400.0,0.010517969217079762,1.5103635310362546
139,1.0478199624246167,0.0010665410265867268,400.0,0.010634041335734147,1.4850704085442328
139,1.0545058042772355,0.001067507131994071,400.0,0.011247109270264065,1.492755767799193
140,1.0698018835436913,0.0011229700427652608,400.0,0.011410127761923978,1.5304000266136661
140,1.058868836202929,0.0010721934302109143,400.0,0.010816323805239893,1.4985625213192355
141,1.0729433278883658,0.0011072635293878134,400.0,0.009229097356118501,1.525077832898786
141,1.056966785846218,0.0010811404420828987,400.0,0.010421049043596272,1.4998440134909845
142,1.0488489054864454,0.001071562070865184,400.0,0.010553292728840343,1.4880270315754798
142,1.0720564734551215,0.0011109440007262051,400.0,0.010199723497874314,1.5266338036906335
143,1.0586772155377173,0.0010988835630292492,400.0,0.010249947196233176,1.5084805815450606
143,1.0544527373006267,0.001078713652790494,400.0,0.011150717667694534,1.4970889160709997
144,1.0615757457671626,0.0010921265270876428,400.0,0.010601170913075967,1.5090275172264345
144,1.0663947582244873,0.0010974287429088426,400.0,0.010679196983936334,1.5160454484724228
145,1.061808668798016,0.0010892960866312345,400.0,0.010491597021539366,1.5080187020763274
145,1.0715383771927125,0.0011033684935330623,400.0,0.010779666211155633,1.5236654381598196
146,1.0693232201760816,0.0011075533964040299,400.0,0.010183885963934084,1.5225284684088922
146,1.0670830695859848,0.00110657166618283,400.0,0.010969952896477715,1.5206816938615615
147,1.0694148995173283,0.0010921168077635602,400.0,0.010881534619376255,1.517143157048103
147,1.069899849353298,0.0010965231706523487,400.0,0.011153775702921613,1.5196628945489083
148,1.066353577183139,0.0010961095678559956,400.0,0.010708264549893718,1.5155056676556986
148,1.0738029243090215,0.0011178842036408754,400.0,0.01154622068712249,1.532502829646453
149,1.0625055839938502,0.0010983712387256203,400.0,0.011047821775859883,1.5129018971996924
149,1.0714513120742946,0.001103518189502677,400.0,0.010810659416258717,1.5236692455334542
150,1.0722252691945722,0.0011137823767644623,400.0,0.010614402622224824,1.5283526236011136
150,1.0582338166542542,0.0010613400157196268,400.0,0.010823454851141343,1.4935932812782435
151,1.0075048888883282,0.0009585084476237816,400.0,0.009376561904566422,1.4002848332928073
151,1.0124624925275003,0.001006749324921158,400.0,0.009797463240101934,1.4249596822646355
152,0.9679363604514829,0.0008983920780836694,400.0,0.010539964604521952,1.3378331507405927
152,0.9786903977394104,0.0009599481554393987,400.0,0.009883144099806104,1.3725528028703504
153,0.984512536189495,0.0009425827854265196,400.0,0.010264287986315023,1.371809931519704
153,0.9751144498586655,0.0009391014441811981,400.0,0.010030396237897757,1.3607854224168336
154,0.9575596148004899,0.0008856497340438624,400.0,0.01151703965688984,1.3233365473838954
154,0.9715662583326682,0.0009127929373883093,400.0,0.010976708749345003,1.3476601426418011
155,0.9583603393646979,0.0008979224223425732,400.0,0.010905150991053351,1.3284344530874683
155,0.9586205337292109,0.0009154614310365361,400.0,0.011721314769835236,1.3365264273224733
156,0.9714502470615582,0.0009067867703822394,400.0,0.011178622923743648,1.3453435817590127
156,0.9621688650968747,0.0009086636961840738,400.0,0.010523476972220799,1.33615781328617
157,0.9545519535358136,0.000899615880954139,400.0,0.011124369000287678,1.325522678020673
157,0.9565120708101835,0.0008944572647846937,400.0,0.011149941206288835,1.3254449184124286
158,0.9463787432282399,0.0008753995097765418,400.0,0.011340006860570075,1.307878552721097
158,0.9597372747002504,0.0009072763623874217,400.0,0.011898000661928494,1.3345458236260292
159,0.9425541804387019,0.0008729578777349208,400.0,0.011674294370608643,1.3034116266629634
159,0.9680374004901984,0.0009203344085014975,400.0,0.010865737679593552,1.347036891640761
160,0.9481169959673514,0.0009038435583090923,400.0,0.011435396699175144,1.321089811432056
160,0.9575352172056834,0.0009331900370083391,400.0,0.011252915371770564,1.3420641449017403
161,0.9490142025244541,0.0008805859304583208,400.0,0.011641696764108462,1.3128902709636934
161,0.9531921106271255,0.0009058556555455419,400.0,0.011575351872194845,1.3271097227548942
162,0.9466830782401257,0.0008690611432076623,400.0,0.011221420592986621,1.3055289494685638
162,0.9358219962853652,0.0008727314226024856,400.0,0.012582280885022229,1.297496843414429
163,0.9303432422188612,0.000875217344190997,400.0,0.011643912550658943,1.2920740936429074
163,0.9237606854010851,0.0008513333989704291,400.0,0.011748259305022657,1.2760423079897196
164,0.9356196969747543,0.0008641826470221321,400.0,0.011995826341892378,1.2932885854672163
164,0.9457467171626214,0.0008889081453582129,400.0,0.012032926975128552,1.3133429040511448
165,0.9412932010988394,0.0008868613156384806,400.0,0.012017307650799362,1.308055029083521
165,0.9228014674706336,0.0008500965391599144,400.0,0.01188398943318484,1.2747240769557464
166,0.9314042375637934,0.0008412635680332852,400.0,0.012262838462797495,1.2801725023832076
166,0.9366457764154825,0.0008736527590651979,400.0,0.012264353435080593,1.2983712294162848
167,0.9353092759847641,0.0008666122605343565,400.0,0.012371627951208025,1.2943258067736259
167,0.9408854555625182,0.0008711976091338632,400.0,0.011195504491647275,1.3005600040539718
168,0.9238661027107483,0.0008416033607574765,400.0,0.01245766380825677,1.2729651091190486
168,0.9337909271319708,0.0008798618315874288,400.0,0.011712311092429819,1.2974479687519562
169,0.9274262908177499,0.0008568380294607964,400.0,0.011582776030991226,1.2817442829792316
169,0.9259412223711992,0.0008606935261923354,400.0,0.012702142422756132,1.282920778561861
170,0.9494644907804636,0.0008966214753365001,400.0,0.011920784680674283,1.3200338643330793
170,0.9388021708298953,0.0008846155478983211,400.0,0.011609755743008394,1.3042581459650626
171,0.9208623396280484,0.0008402509180693111,400.0,0.012253417442433344,1.269216124445964
171,0.9250644758725778,0.0008453872697151756,400.0,0.01221917451132471,1.2754385631818037
172,0.924896620787107,0.0008669882947101425,400.0,0.011921042662997467,1.2836129852594473
172,0.8986260543266932,0.0007880597778029579,400.0,0.013630851852492644,1.2274808153892174
173,0.9201575718246974,0.0008332492731987701,400.0,0.012762473955845986,1.2662197542496216
173,0.9271604514274842,0.0008481044023005196,400.0,0.012390809594832648,1.2787930205082283
174,0.9214835453491944,0.0008570215977670159,400.0,0.012273967125787376,1.2765661458938549
174,0.9277594028375088,0.0008630447141163481,400.0,0.01273178536659823,1.285709078113238
175,0.9192308439658239,0.0008262409191490569,400.0,0.01216087736732637,1.2618880959657521
175,0.9283078576509769,0.0008509744683322377,400.0,0.01254044490484282,1.2812380912976387
176,0.9137818163786179,0.0008383759273923575,400.0,0.012296070099975437,1.261428261223512
176,0.9284288673064648,0.0008433855973402014,400.0,0.012988249875772268,1.2787713595689871
177,0.9228336425163807,0.0008480083528504623,400.0,0.011818954246476866,1.2738559341583497
177,0.9181941852737696,0.0008383361944139231,400.0,0.012424161902461678,1.2659528240179405
178,0.9229865742799563,0.0008741398330759973,400.0,0.012449275369409664,1.2850917803171353
178,0.9130240629116694,0.0008346910289196202,400.0,0.012960359637732975,1.259860831193435
179,0.9148611061466045,0.0008215063015739314,400.0,0.012615315902691621,1.2560789428460293
179,0.9076148223800536,0.0008139601573370433,400.0,0.013446426299663309,1.2466453111324556
180,0.9234805659223826,0.0008366063617498954,400.0,0.012350314628117932,1.2704734240586941
180,0.9158488175807855,0.0008223875009160764,400.0,0.013960450111577908,1.2587642669677734
181,0.9269068520038556,0.0008723984431596294,400.0,0.012172811784041233,1.2880390416353176
181,0.9062604472423211,0.0008333410238638186,400.0,0.013303345863301402,1.2529002068898616
182,0.9325196108756921,0.0008399646241555158,400.0,0.011948869572594188,1.2804543333940017
182,0.9301295089416015,0.0008889494754559844,400.0,0.013245292455674363,1.2989545884804847
183,0.9060482875658915,0.0008004668396517026,400.0,0.0139803246427805,1.2402153523304524
183,0.9116612273531083,0.00083289262599861,400.0,0.01165410778664339,1.2564723850824895
184,0.8990339902349007,0.0008257872491995863,400.0,0.012435241909817053,1.2417841301514552
184,0.9149517974792383,0.0008228865218160746,400.0,0.012941481456017265,1.2570478847393622
185,0.928538994720349,0.000866401635367089,400.0,0.012695581213427851,1.2877952299821072
185,0.912286122639974,0.000826419169383231,400.0,0.0130154963534994,1.2558692869467614
186,0.9128713584863223,0.0008316722065874507,400.0,0.013314438198740857,1.2588546719306555
186,0.9159299234549204,0.0008379061334544064,400.0,0.012840186057683941,1.2639325572512088
187,0.9189763153210665,0.0008533527012705469,400.0,0.01296788488383381,1.2732852819638374
187,0.9010286044615966,0.0008122267206953182,400.0,0.0129856673331979,1.2389049598803887
188,0.9067659236681767,0.0008197292652487074,400.0,0.013698064026613839,1.2483557023299046
188,0.9155261579614419,0.0008451235490867522,400.0,0.013680281762320261,1.2672558560585365
189,0.9175314211692566,0.0008326548059136631,400.0,0.01268447155598551,1.2632778122639046
189,0.9267528855647796,0.0008467605658109115,400.0,0.013199828666610977,1.2786569404296386
190,0.918728561928639,0.0008207339950529739,400.0,0.01266019393164569,1.2596823523441951
190,0.9100379185416759,0.0008380887511287791,400.0,0.013574992764729243,1.258848406183414
191,0.9119267093065457,0.000822398945344433,400.0,0.012624916248919012,1.2535111976739688
191,0.9181644102701774,0.0008722067290457347,400.0,0.012442606955002516,1.2794897032853885
192,0.9061048802657005,0.0008178368058370558,400.0,0.012680129901780628,1.2459197372962267
192,0.9187108992766111,0.0008458932845361489,400.0,0.012780157962622933,1.2698483725006764
193,0.906041158315463,0.00081146756742666,400.0,0.01341076859105856,1.2440389541861339
193,0.9103174754060231,0.0008060276526614474,400.0,0.01331697759600595,1.246045519144107
194,0.9063131858905157,0.0008091980950363601,400.0,0.013088834606325971,1.243081265917191
194,0.9126348969263908,0.000826042318621125,400.0,0.013446841921764784,1.2564986669100249
195,0.9139225257512851,0.0008509721981401806,400.0,0.013389772693745984,1.2677011791712198
195,0.9052448922242874,0.000795153559663912,400.0,0.013717782507555034,1.2370241024555304
196,0.897958747851543,0.0008074783444709072,400.0,0.013609292887103481,1.234559379518032
196,0.901317162773548,0.000797929289547028,400.0,0.014307986941928856,1.234796866010397
197,0.9053340848439779,0.0008108690830666978,400.0,0.013647667597979307,1.2433293828597436
197,0.8974699179331461,0.0008019421420146663,400.0,0.013735626501819262,1.23198240231245
198,0.9126082981626192,0.0008353786570063302,400.0,0.013725149542248497,1.2604849086357997
198,0.9061090856408461,0.0008204672604990312,400.0,0.013454436157376338,1.247750419836778
199,0.9074873553636746,0.0008159399102833748,400.0,0.012951997769936824,1.2468153131313813
199,0.9142872270865318,0.0008261973627481777,400.0,0.013782416267368274,1.2585485787727895
200,0.9077351861275159,0.0008265028371123406,400.0,0.012508814085800296,1.2508451289091356
200,0.9059544687087719,0.0008053772478142025,400.0,0.013561160551407972,1.2416665340081239
201,0.8973404644773557,0.0008032093845451107,400.0,0.013572389188294228,1.2321965992450714
201,0.898831070233614,0.0008052474318575173,400.0,0.014614197679269964,1.2355442425379386
202,0.9003361276327035,0.0008184163273257675,400.0,0.013828680220728692,1.2415313434142332
202,0.8957646172016095,0.0007933879407154074,400.0,0.013613171651601218,1.226732961451396
203,0.8986522624125848,0.0007937355244044178,400.0,0.01264722109399139,1.2287936821962013
203,0.8862270070956304,0.0007693765094303765,400.0,0.013721278268628968,1.207698894616885
204,0.907220992904443,0.0008206081772349977,400.0,0.012736074478687862,1.248200345497865
204,0.9115996534625689,0.0008170709247329236,400.0,0.013223937417093951,1.2516519629802458
205,0.889140913883845,0.0007875454577562124,400.0,0.013704854430845724,1.217863951738064
205,0.9072631891721334,0.000823978092693067,400.0,0.013768796832897725,1.2506232185241504
206,0.8929361032369809,0.0007811247209573571,400.0,0.014312545748021549,1.2196985402932534
206,0.9032601748521512,0.0008018337196121231,400.0,0.014217158427270941,1.238210821380982
207,0.8942512885118142,0.00079301718645953,400.0,0.01374786553116372,1.2252060239895797
207,0.8990140316578058,0.0007934232556017844,400.0,0.014767653905810455,1.2311509878207476
208,0.903850963864571,0.0008143683190633638,400.0,0.013745140223107181,1.2433434340816278
208,0.8982843229403863,0.0008190494183322582,400.0,0.01340139266073656,1.2393054839892266
209,0.8854218736673013,0.0007799093556782166,400.0,0.013502376613756403,1.210887990700893
209,0.8928873523687705,0.0007827843709935386,400.0,0.01362887512331303,1.2196299724089794
210,0.8863852056555259,0.0007820461324650424,400.0,0.013417099036861403,1.2126207611499689
210,0.9091389221258652,0.0008184399437316012,400.0,0.01359292748160302,1.2501078248023987
211,0.8867348210933881,0.0007877354906574907,400.0,0.01379979475108811,1.2156288085075526
211,0.9057245216308496,0.00081176017659182,400.0,0.01321812736419722,1.2436467126393929
212,0.890113529868615,0.0007980304839386521,400.0,0.013878592931761,1.2232043170011961
212,0.8876698613166809,0.0007873757650742893,400.0,0.013772767634154895,1.2163929408177352
213,0.8986210486827753,0.0007886819954971239,400.0,0.013619298675061705,1.227713141685877
213,0.8881980299185483,0.0008002281446794932,400.0,0.0138320482801646,1.2221213393868544
214,0.8921544504089233,0.0007814371499709802,400.0,0.013953493457311431,1.2186828018763127
214,0.8960079661546609,0.0008197302931176426,400.0,0.013420552743646579,1.237320629832072
215,0.8977699323724477,0.0008242822674592623,400.0,0.012637399474326044,1.2401202363081467
215,0.9024144178017591,0.0008103265336569912,400.0,0.013625404173627688,1.2401704371739657
216,0.8841230714550385,0.0007863253249058452,400.0,0.01334906354224166,1.212002265911836
216,0.8810785191181378,0.0007769553716897439,400.0,0.014005512270766,1.2058661832259252
217,0.8924617330739453,0.0007642207509292302,400.0,0.014243684590432295,1.2123937147438146
217,0.8845854627016263,0.0007783824638374007,400.0,0.014651074333904454,1.2105895284658823
218,0.9032940129945233,0.0008083916414576541,400.0,0.014645086545022619,1.2412957552891628
218,0.8949851940075556,0.000796020513893708,400.0,0.013463296814081378,1.2268566940075312
219,0.915236323502413,0.000819496828881033,400.0,0.013380070038994028,1.2564151275689435
219,0.8930911819140116,0.0007973866968547018,400.0,0.01379580536367706,1.2258416633957472
220,0.8950331082009966,0.000782999797326744,400.0,0.014529721973060518,1.2227627483143169
220,0.8823824950899833,0.0007685543002877146,400.0,0.013204503625344772,1.2030087193617454
221,0.887888474828878,0.0007824326232691135,400.0,0.014561546515602215,1.2154230744975387
221,0.8943138363634705,0.0007872123852932743,400.0,0.013941773154126232,1.2231405669716513
222,0.8764007309819483,0.0007666856706532454,400.0,0.014559050330856613,1.1976340487124815
222,0.8914636925906892,0.0007913853376429041,400.0,0.013476332995127056,1.2214941610196592
223,0.8918932023321747,0.0007839356524985473,400.0,0.013542843798685606,1.219010306012099
223,0.8929392725798735,0.000780850349221776,400.0,0.013667607134219948,1.2189470176484174
224,0.8999735610500262,0.0008043052126641628,400.0,0.013371541316081195,1.2350671940548406
224,0.8870859886430631,0.0007773239259992928,400.0,0.014807204579471782,1.212822757518975
225,0.8998049577330328,0.0007992571622621161,400.0,0.014136722358833453,1.2336445397632136
225,0.8895595533073328,0.0007684013454442262,400.0,0.014315004488690549,1.211235091944409
226,0.8862451698370041,0.0007678633979814584,400.0,0.0140147384576452,1.2074052746508532
226,0.8829023522935855,0.0007831009806398522,400.0,0.013799786309646383,1.2099425314338343
227,0.8991495152567602,0.0008240813913289458,400.0,0.015026581859227959,1.2438086480092092
227,0.8918578097015429,0.0007882858970414574,400.0,0.014097825032332615,1.221269986052422
228,0.9096156123337472,0.0008244404656765092,400.0,0.013495892099442946,1.2528876833095672
228,0.8939090498313782,0.0008041368364386118,400.0,0.013378256021340372,1.228942042703082
229,0.8875186921684606,0.0007731646302513552,400.0,0.013285447110771943,1.210069995587039
229,0.8984390952784544,0.0008037147346875114,400.0,0.01377256738561781,1.2336975579049176
230,0.8992428373379312,0.0008196018545022294,400.0,0.014268432174376242,1.2413520106844083
230,0.8852218809021506,0.000790299577909154,400.0,0.014778838427678036,1.2161205447023842
231,0.8892114321896984,0.0007881345627770112,400.0,0.013976163204142432,1.2184414172628124
231,0.8874346420263789,0.0007857290726113519,400.0,0.013493136701524067,1.2152194065652835
232,0.887161361753561,0.0007786177560148736,400.0,0.014065770559890825,1.2126742377402677
232,0.8939631019428278,0.0007885387247972558,400.0,0.014152539317098678,1.2235311319114297
233,0.8891488349741432,0.0007666975002017341,400.0,0.01499434861289278,1.2108221801982564
233,0.8814724418008404,0.0007857549653809731,400.0,0.014893680668560562,1.2106680970662718
234,0.8962051055993244,0.0007997436806148772,400.0,0.014187789952180757,1.2302903703823211
234,0.883106265098426,0.0007659149531180122,400.0,0.014388711919865696,1.203860958670355
235,0.8852482977186799,0.000793483233224648,400.0,0.014622733827419342,1.2172643280333015
235,0.8917770313609178,0.0007828669623003911,400.0,0.013975616319069437,1.218899428085157
236,0.8879375336276498,0.0007829971940169158,400.0,0.01372848281779202,1.2148648990187676
236,0.8954060738253745,0.0007933049179483086,400.0,0.014163971285389107,1.2268920172551634
237,0.8854978699593028,0.0007815631142643927,400.0,0.013666283419343886,1.2117893976770389
237,0.8891859627833032,0.000794402880436195,400.0,0.014539512126427737,1.22148662843522
238,0.9017228294330039,0.000807437088279718,400.0,0.013278686100391636,1.2379763475648917
238,0.891919329667547,0.0007682647125997171,400.0,0.013821362139609683,1.2130465750481672
239,0.8904392633848129,0.0007833116523314202,400.0,0.014841271982569793,1.2186051920341079
239,0.8925164222337638,0.0008115633823693831,400.0,0.014348674512165746,1.2314904518188186
240,0.888139845838972,0.0007557789416009394,400.0,0.013458810246899534,1.2039102312106236
240,0.8930915730774023,0.0008148984020727146,400.0,0.01458603029797791,1.2336369665565006
241,0.8729628092923741,0.0007647865954330518,400.0,0.015376049176949983,1.1942535018085674
241,0.9004285718984665,0.0007893208519609016,400.0,0.014444401191108546,1.2306013217397556
242,0.8812601964944488,0.0007609311550756275,400.0,0.014642468798953067,1.2002751271056522
242,0.884743727506346,0.0007796063915393344,400.0,0.014327432524270503,1.2109137147095552
243,0.8822697535821586,0.0007741996942174763,400.0,0.01474237807723842,1.2066920156691485
243,0.8835347393515763,0.0007615608708086946,400.0,0.01380910883082231,1.2019681960913786
244,0.8867495830651302,0.0007698411770034462,400.0,0.014181736583827407,1.2088677955281204
244,0.8847530119738002,0.0007846472570027527,400.0,0.01437613813526881,1.2129880482224142
245,0.8858119418286974,0.0007841576992461434,400.0,0.014594494159019013,1.2140695198326354
245,0.8790291627501227,0.0007878578259000869,400.0,0.014554925853161106,1.208727217024299
246,0.8844277118421664,0.0007855270519870434,400.0,0.014082510145914972,1.212721038775839
246,0.8781660892021884,0.0007606006288978088,400.0,0.014390056415988952,1.1967963978743097
247,0.8879280242190999,0.0007762904862864358,400.0,0.014631418727789145,1.2130756393359725
247,0.8772167143928018,0.000765846088635409,400.0,0.01446790052696493,1.1980230447593008
248,0.8829553020987541,0.0007614013425646955,400.0,0.014647836441019918,1.2021636837606977
248,0.8694718565530838,0.0007508984677874332,400.0,0.014464160210933465,1.1842954079057002
249,0.8789340113378634,0.0007481224801366152,400.0,0.014308707646218834,1.1924917155010686
249,0.8739308703477215,0.0007696842251435979,400.0,0.015138867017546088,1.1969434216523627
250,0.8824540858815431,0.0007628492749990172,400.0,0.01498643054692134,1.2025802310105342
250,0.8891153540580895,0.0007926844799880734,400.0,0.015037435323450785,1.2212265802037185
251,0.8813951567859407,0.0007902770317556295,400.0,0.01351773464506504,1.2110237027429471
251,0.8837177975542226,0.00075407939459565,400.0,0.014317588041281434,1.1996671416956908
252,0.890422498154792,0.0007640442540861701,400.0,0.013475213389677606,1.2095154129016172
252,0.8787908785662074,0.0007822139669787346,400.0,0.014810977043928045,1.206487441518504
253,0.8824133432594834,0.0007662445241526053,400.0,0.013796044887298612,1.202707190802143
253,0.8787631170385203,0.0007528528241347225,400.0,0.01429593061233402,1.1942001750135118
254,0.8847352220753956,0.0007700455906299673,400.0,0.014449258711616135,1.2072027204143014
254,0.8923485634053588,0.0007576174019304976,400.0,0.015550308338823211,1.2109458362980254
255,0.8909112552928317,0.0007905711299942948,400.0,0.014141180629658091,1.2212808819333458
255,0.8742020642681486,0.0007480341742025795,400.0,0.014255582970406884,1.1876713189349812
256,0.8839418273063222,0.0007940954030091002,400.0,0.014444720109770442,1.2160247093552996
256,0.8864821943507832,0.00079075726743485,400.0,0.014863283818314789,1.2176483907517355
257,0.8884409715415565,0.0007856888519518468,400.0,0.014273887292547211,1.2169903930585095
257,0.8883646927821408,0.0007852291071766714,400.0,0.014848561729096873,1.2173049009529648
258,0.8785641250337005,0.0007417991076696925,400.0,0.015194484747495431,1.1904782504792426
258,0.8871575510425932,0.0007826207551098974,400.0,0.01494633245347127,1.215152183535752
259,0.8828542365390024,0.0007667052457598482,400.0,0.013767926173676162,1.2033042630572228
259,0.8909739457118283,0.000771980351456263,400.0,0.01320407273259702,1.212970159995328
260,0.8811768657842259,0.0007587045075773753,400.0,0.01421100255932398,1.198869673309812
260,0.8656612752349513,0.0007319639931016922,400.0,0.016028696270718887,1.1744755624206202
261,0.8717818419644787,0.0007559563957190343,400.0,0.014350219869950585,1.1885146153200963
261,0.8935069855611035,0.0008002777021655599,400.0,0.013954974147402177,1.2275730458794125
262,0.881500429028918,0.0007578568539736425,400.0,0.015156768102222566,1.1997999324920072
262,0.8770695169260547,0.0007718490888245973,400.0,0.014939524245205199,1.200748675188441
263,0.8772919140044292,0.000777655205910708,400.0,0.01416584772241723,1.2025198429633097
263,0.8723441020698305,0.0007608427321701459,400.0,0.01427505514436182,1.1909562501178426
264,0.8893559351088894,0.000781070205210975,400.0,0.014221012610111647,1.21600503450746
264,0.8753721634293817,0.0007637982035373118,400.0,0.014419965795982795,1.1953114100322602
265,0.8757123013210905,0.0007603953432686224,400.0,0.014648052143039787,1.1945184841277494
265,0.8742301612143304,0.0007470926851223988,400.0,0.01442519007072707,1.1874924260339919
266,0.8701799287917508,0.0007597440577506616,400.0,0.014535645463438645,1.1886131983653756
266,0.8820340208187225,0.0007863696131619452,400.0,0.014537661759016714,1.2111195223346638
267,0.8747666569272424,0.0007528463300876616,400.0,0.014401240372187962,1.1903064285114313
267,0.8795319750050831,0.0007594006786168891,400.0,0.014946120285434992,1.1982383659690807
268,0.8523039766557657,0.0007180882015178027,400.0,0.015093596076747035,1.154632857840532
268,0.8852106393522517,0.0007633094067439128,400.0,0.014342877606024883,1.2048772778480676
269,0.8698577497415482,0.0007304650940672809,400.0,0.015314068287836423,1.1773578585333127
269,0.8678261083402451,0.0007381906046474258,400.0,0.01404542547122688,1.1771477813933306
270,0.8658419407097397,0.0007565169973160989,400.0,0.014533940945888401,1.1829826767277565
270,0.8845499826085036,0.0007667903103242824,400.0,0.014760385288198473,1.2060264964012584
271,0.870450421503395,0.0007559026072059824,400.0,0.014723805320644929,1.1875352673469834
271,0.8792448949282337,0.0007652647243286216,400.0,0.014646869820133326,1.1999976650165145
272,0.8870258621729104,0.0007811611043982605,400.0,0.013998895699668463,1.2134892000893878
272,0.8690525412939156,0.0007562429541655205,400.0,0.017160616414680793,1.188710341028347
273,0.8742258222239792,0.0007591573690185858,400.0,0.014223344518749672,1.1921121155380443
273,0.8760589981914326,0.0007753712913428528,400.0,0.015458730945161953,1.2016662539570195
274,0.8686861908359892,0.0007445544978955191,400.0,0.01545658645777708,1.181964577003649
274,0.8559965003447928,0.0007247950444791383,400.0,0.014653886614996156,1.1605684081460261
275,0.8673078535468715,0.0007411274104490342,400.0,0.015308510230344002,1.1790673330331305
275,0.8752895267146408,0.0007530332795621614,400.0,0.014622764472084441,1.191125600201309
276,0.8787897147570446,0.0007668027923454288,400.0,0.014846728254512996,1.2003575608988477
276,0.87749759330871,0.0007476492635319959,400.0,0.014037805087389839,1.190595099880437
277,0.8677006122792602,0.0007407858554951573,400.0,0.014997851876186052,1.1790128114876475
277,0.8675368198543597,0.0007608852960124084,400.0,0.01465463105909479,1.1865455741715278
278,0.878218206630391,0.0007698316825739149,400.0,0.01349565481387411,1.1996465336744953
278,0.8764376628930401,0.0007539167217013076,400.0,0.014754376249613276,1.192758726845881
279,0.8753275161336183,0.0007782496988719958,400.0,0.015011299282881864,1.2016386997168231
279,0.8668460635242948,0.0007454077018036324,400.0,0.015118391524442727,1.1801275362254708
280,0.877458372693153,0.0007566263899948614,400.0,0.014924338478950938,1.1950332640082972
280,0.8725299068317292,0.0007352447791609344,400.0,0.0147931106969904,1.1814209291130116
281,0.8668572967219504,0.0007548056560298606,400.0,0.014869751803173572,1.183649311020116
281,0.8564878867310324,0.0007343560720554399,400.0,0.014879744102478406,1.1651100634009974
282,0.880797475386577,0.0007433069637786763,400.0,0.015025491930046089,1.1931457462584136
282,0.8850602014049603,0.0007713472333093096,400.0,0.014526284584526424,1.2081253767772844
283,0.8656035058057991,0.0007298354161969997,400.0,0.014126823129500173,1.1716644900619604
283,0.8666077795302033,0.0007364713058734288,400.0,0.015506947896544152,1.176703253559246
284,0.8646399035195637,0.0007167751452244913,400.0,0.015174736153144555,1.1665246953630144
284,0.8793853229018533,0.0007729083581406409,400.0,0.015032013833736348,1.2035806782686027
285,0.8721376289227966,0.0007555775157514082,400.0,0.014535556517683776,1.1889041943155276
285,0.8826018636393699,0.000769134388256308,400.0,0.014732973727213728,1.2049885904713042
286,0.8724967207118963,0.0007536631198206941,400.0,0.01495836709572631,1.1889203336967784
286,0.873124332944299,0.0007511364726796835,400.0,0.0147721715224017,1.1883510928245107
287,0.8839155044525292,0.0007943131027195994,400.0,0.01345796440579709,1.215098711335735
287,0.8808669656704945,0.000784664590743661,400.0,0.014094508086942183,1.208827306890184
288,0.876245227209322,0.0007652385730539585,400.0,0.014474215604376737,1.196814871517716
288,0.8764899855206727,0.0007521905072454577,400.0,0.015036404527320415,1.1924025928898223
289,0.8707439641284335,0.0007485574222845322,400.0,0.015201632666051578,1.185368563339209
289,0.8755123265989267,0.0007516230006255862,400.0,0.015803323076907426,1.1919648466975825
290,0.8764918989436642,0.0007476178105867907,400.0,0.014595235481407422,1.1901342561290522
290,0.8781984125732616,0.0007530727625229829,400.0,0.014592076856405681,1.1940195894545051
291,0.86991820213901,0.0007681530546419216,400.0,0.015254829007728845,1.1924342522575597
291,0.8630636444517003,0.000731678870614102,400.0,0.01479363692390501,1.170528833653517
292,0.8680953812447323,0.0007434819659453989,400.0,0.013889926180219765,1.179378094187208
292,0.8791299766036356,0.0007872715242767624,400.0,0.014574672753928573,1.208613262434674
293,0.8832024531379626,0.0007789931145580456,400.0,0.01443792419258956,1.2092376226072858
293,0.8764718546988858,0.0007526329868683698,400.0,0.015355682353471305,1.19288073109973
294,0.8743324143112086,0.0007755820017313928,400.0,0.014310497363471682,1.1988757100834209
294,0.8763475733198178,0.0007638340458313928,400.0,0.014916817521213726,1.1967980117554877
295,0.8759550323152239,0.0007561812470470567,400.0,0.014299903530627489,1.1927274283330151
295,0.8790090767441282,0.0007737542975843724,400.0,0.01532661854319132,1.2038374099002522
296,0.8670033341760088,0.0007523118913511799,400.0,0.01485914362084334,1.1827872334771854
296,0.8618183593461468,0.0007290798371025972,400.0,0.014581335127163845,1.1680316260665844
297,0.8780092524874742,0.0007640528377697204,400.0,0.014229200995426364,1.1978595841462445
297,0.8724048938720849,0.0007356856395356998,400.0,0.015247087136717739,1.1819262310957452
298,0.8631657303138903,0.0007411806544238571,400.0,0.015496548864349818,1.1751345424515427
298,0.8743752833384617,0.0007550999194373981,400.0,0.015470944703882857,1.1918861938130325
299,0.8664137349007236,0.0007511877050607726,400.0,0.014696346409025656,1.1815851653457448
299,0.858181358712494,0.0007469015025235653,400.0,0.016056970882994733,1.1729989306182618
300,0.8798981375375371,0.000757402922364195,400.0,0.015163909305764991,1.1980232106652229
300,0.8602425296595142,0.0007332562126744254,400.0,0.01616095199255617,1.169705967614605
301,0.8545003060702305,0.0007152374509694559,400.0,0.014323910729437592,1.1549192025403308
301,0.8659641514917847,0.000735267299593717,400.0,0.014018764114303953,1.1740898402633182
302,0.8554440884833123,0.0007124712241548084,400.0,0.0151734645745367,1.1556060428072692
302,0.8466762072721105,0.0006873561322405804,400.0,0.014975984794366511,1.1365946470552188
303,0.870807372081052,0.000727828220571065,400.0,0.014367649395457783,1.1763063084547687
303,0.8617573272270761,0.000722594925771159,400.0,0.014536730173951502,1.165332028440609
304,0.8457264972340529,0.0006862505349559728,400.0,0.01578993632778478,1.136016649045762
304,0.8588001868527406,0.0007209273312495915,400.0,0.015108859747838063,1.1622799858925448
305,0.8653133097727588,0.0007238957462209472,400.0,0.014298389470026752,1.169169998093016
305,0.8534896508523613,0.0007249611803585557,400.0,0.015231008789721568,1.1587051308838425
306,0.8507678763122316,0.0007063535317944683,400.0,0.015620940596244897,1.1489302310973974
306,0.8528808985546137,0.0007123859360284664,400.0,0.014743920208020195,1.152579194800869
307,0.8471124141838899,0.0006831765180797713,400.0,0.01571563631889357,1.1360986563050823
307,0.8518838445851757,0.0007020446721569688,400.0,0.014212507834646162,1.1469142201599802
308,0.8523049145747142,0.0006989215441889005,400.0,0.014325658882713052,1.146199193350069
308,0.8518473904603606,0.0007155247246379413,400.0,0.014744791042083387,1.1528020671978119
309,0.8674047551337322,0.0007362669386832743,400.0,0.015178895665178443,1.1770904208444486
309,0.8600068413148261,0.0007122700180206596,400.0,0.014915124658542644,1.1598299787302686
310,0.8572915885478828,0.0007184476032371152,400.0,0.01371429838050323,1.1583849309356349
310,0.8642629094564231,0.0007400637059502162,400.0,0.015508172858601354,1.1757965638379382
311,0.8446900825591603,0.0006796952451402796,400.0,0.01497111303114872,1.131539296192728
311,0.8563920863115104,0.0007050158949991522,400.0,0.014067525088573528,1.1524659744493522
312,0.8416966008152932,0.0006883156490119198,400.0,0.014079389200919563,1.131102250070329
312,0.8608565284947681,0.0007147901206926864,400.0,0.015143697820366567,1.1619162726554142
313,0.8485622573050724,0.0006900608664616545,400.0,0.01478958336612696,1.1393761866411585
313,0.847103408567465,0.000692067980661745,400.0,0.015813116427617752,1.13974371381626
314,0.8529588667450437,0.0007219381531615961,400.0,0.015396755170907564,1.1571308824287099
314,0.8498291914250441,0.0006823543206882028,400.0,0.015578876009246536,1.1383498003528376
315,0.8459738460695667,0.0006776168322558426,400.0,0.015057549058536814,1.1320781278762089
315,0.84425857530278,0.000697915436355931,400.0,0.016035891256656994,1.1394606426263312
316,0.8417151845564508,0.0007124452402271704,400.0,0.015467853421808049,1.1421611354609205
316,0.8448264276146129,0.0006943529544607292,400.0,0.015041807141439741,1.1376094235356446
317,0.836890760880367,0.0006829993359063853,400.0,0.015168688171038962,1.125259181496444
317,0.8403205288823243,0.0006891117044902484,400.0,0.015684089292683133,1.1316492942867764
318,0.8482756920301231,0.0007017795723168903,400.0,0.01503480486512469,1.1440223216251204
318,0.8574953443685155,0.000726509825717643,400.0,0.01561306414912176,1.1637123371385465
319,0.8533842362416019,0.0006823306321166456,400.0,0.015995107119558913,1.1423115984649415
319,0.8444567214531503,0.000695107648437205,400.0,0.014779738755600088,1.137279522836588
320,0.8335289985510954,0.0006576795742704658,400.0,0.015009445713678743,1.1116102819989442
320,0.8407380138612857,0.0006933726156597577,400.0,0.014819735343787511,1.1329067911312078
321,0.8402119745874101,0.0006858389179524817,400.0,0.01623590433803998,1.1307834508312735
321,0.8395791359388145,0.0006959316642157092,400.0,0.015045123888108476,1.1329969241740598
322,0.8559870321279878,0.0006952354202312447,400.0,0.014680791755983974,1.148761988445452
322,0.8435019127502563,0.0006900895783636174,400.0,0.015166149050543073,1.1347038890146146
323,0.8427237841733701,0.0006865708333618826,400.0,0.01621228010411475,1.1335643922827046
323,0.842972624074122,0.0006946307485760041,400.0,0.01618946558398426,1.1370143860009065
324,0.8518244958227608,0.0006889371528767738,400.0,0.015401316708796154,1.1428006682426306
324,0.8518422583865511,0.0007013023231633803,400.0,0.01574244897717693,1.1481056331069606
325,0.8482792149683472,0.0007154478860301986,400.0,0.014947508271949687,1.149405884135301
325,0.8416803319742725,0.0006969642877700342,400.0,0.014978418102974345,1.1354444607807572
326,0.8513137200835404,0.0007037606581920984,400.0,0.016731804474049313,1.1495497887301598
326,0.8448644227283016,0.0007061683170102199,400.0,0.014319296039427352,1.1416510408091698
327,0.8444127932095983,0.0006835837061568846,400.0,0.014777819059528173,1.1326241003479927
327,0.8488480260797368,0.0007059647112003688,400.0,0.014215512468129587,1.1454494231066126
328,0.8424149516281808,0.0006813774264506939,400.0,0.01500247591797998,1.1299683941397698
328,0.8487650216764705,0.0006863438474440022,400.0,0.015367830677141857,1.1386703871617652
329,0.8372432633190398,0.000682044590402181,400.0,0.014930590699503945,1.1249916936941207
329,0.8519271300856475,0.0007185464034192145,400.0,0.015759892299012014,1.1551055836070114
330,0.8513026260266638,0.0006912154909097263,400.0,0.015603828484156899,1.143392649046175
330,0.8324359710429124,0.000665842773093231,400.0,0.014574840044970535,1.113347915327473
331,0.832623548568434,0.0006696647354257056,400.0,0.015506394607886958,1.115995841800787
331,0.8381140575667095,0.0006825731435377643,400.0,0.015033970819786191,1.1261772843682842
332,0.8497786184025419,0.0007011237752417719,400.0,0.01551668409993694,1.1457448092995175
332,0.8538945974058406,0.0007190811910309123,400.0,0.015216255467088454,1.1567433252456083
333,0.8427390065162804,0.0007044689037064446,400.0,0.016308796829336388,1.140835363394136
333,0.8395651677611528,0.000679444624363166,400.0,0.01618163248488478,1.1275246458448422
334,0.8398527440371787,0.0006641563335633807,400.0,0.015875755091476592,1.1213910325317626
334,0.8323201800987219,0.000665790716582497,400.0,0.016631795461200603,1.1152682562542569
335,0.8390770934189961,0.0006833990144537418,400.0,0.014569034556721806,1.127005731603902
335,0.8471314157270322,0.0007086196543751166,400.0,0.0165508749129571,1.1471301488056305
336,0.8434989904142489,0.0006930158191040206,400.0,0.014642884447624918,1.1353482015573295
336,0.848949271592365,0.0006987178472210327,400.0,0.014529298673603376,1.142965705531418
337,0.8346134815246437,0.0006704456844403421,400.0,0.015892879104621376,1.1186846337121004
337,0.8506263906409026,0.0007088837608847779,400.0,0.015107871104435176,1.149287767471022
338,0.8469633414487171,0.00070038027928847,400.0,0.014823440444554872,1.141938893278693
338,0.8473425264571123,0.0006909010146602182,400.0,0.016083424202030062,1.1397863632174814
339,0.84613636648579,0.0007050113641630241,400.0,0.016423162316108585,1.1445640762140796
339,0.8449747566204922,0.0006965349815232727,400.0,0.015685946683571407,1.1392747004320667
340,0.8412049490555077,0.0006919608961299187,400.0,0.014858769077902578,1.1328480777087484
340,0.8472359100724481,0.0006842141930024276,400.0,0.016707190101859486,1.137628776442473
341,0.8504817094772484,0.0006885088098370381,400.0,0.015006968023397835,1.1408922068632332
341,0.8376470424567058,0.0006841332587257034,400.0,0.0161740535508343,1.1274743993191203
342,0.8377451435395866,0.0006563414857169661,400.0,0.016184112837146613,1.1164658513798076
342,0.830121256173796,0.0006648147176353522,400.0,0.01625345690045387,1.112300597938003
343,0.8390881967772345,0.0006815668097330157,400.0,0.016344076322071303,1.128058990095831
343,0.8412042343692415,0.000677740774022869,400.0,0.015096584551487189,1.1273971338560627
344,0.835835745949654,0.0006671044260436212,400.0,0.01660838254258796,1.119285893668035
344,0.8474959518499435,0.0006903980784103346,400.0,0.015352984893307754,1.1390081712394764
345,0.8372677653838115,0.0006902915539418697,400.0,0.015600173203215289,1.128984561961168
345,0.8429413821287216,0.0006842527907526352,400.0,0.015948160159977,1.1325906556882677
346,0.8501972149891458,0.0006936842413095663,400.0,0.015213945874600274,1.142884856576373
346,0.8467759545061998,0.0006903144760816625,400.0,0.01467954557371225,1.1375812869163076
347,0.8360036512848678,0.0006769661844269058,400.0,0.017365749513101617,1.1241558797799858
347,0.8488112052155149,0.0006971649243403671,400.0,0.016313876227066395,1.1439910441826864
348,0.8449395382480257,0.0006922006120539721,400.0,0.015293921557533893,1.137113706511297
348,0.8396722154252848,0.0006797767034249831,400.0,0.015483097745710687,1.1270659945573016
349,0.8497543813316686,0.0007126374925771479,400.0,0.01577520053418484,1.1505845815512785
349,0.8391737744307063,0.0006806855453760363,400.0,0.01726316503148265,1.1287111609604707
350,0.8405180937924962,0.0006635223958748066,400.0,0.015995125387124956,1.1219221778735993
350,0.8358470575445017,0.0006814947970316057,400.0,0.015306759130352052,1.1237517350418553
351,0.8408377969720561,0.0006819442501269388,400.0,0.015895477217283977,1.129510980502815
351,0.8446891421725036,0.0006838935854841783,400.0,0.01530591853461258,1.1335525011560719
352,0.8460576435562911,0.0006999811565872003,400.0,0.01539791747037867,1.1414480243518854
352,0.8445188581563865,0.0006915246282747182,400.0,0.01602540776477593,1.1371541201688682
353,0.8476907679229785,0.0006795541401770838,400.0,0.015489376639460872,1.1350018063168617
353,0.8412569563859588,0.000696362849420595,400.0,0.014885590776540102,1.1346876902185428
354,0.8338833122876039,0.0006617459430170963,400.0,0.01565799324114801,1.1142396812985658
354,0.8402434773505874,0.0007007708430073705,400.0,0.014413651295457106,1.1349654638083877
355,0.837667834986547,0.0006771349717208902,400.0,0.014557827703037839,1.1230796503413254
355,0.8405280678894869,0.0006820498970314967,400.0,0.016153552530891006,1.1295015777751898
356,0.8404523866951086,0.0006798446867057006,400.0,0.01636938837647533,1.128759647061111
356,0.8431215990500845,0.0006885079383904968,400.0,0.016687549508301317,1.1352123219496126
357,0.8451381082747392,0.0006826041173820152,400.0,0.01714678272266819,1.1353265388756042
357,0.8426463987417282,0.0006629139273746272,400.0,0.016827173213693935,1.1246391466468761
358,0.8462571824432179,0.0006761068750171371,400.0,0.015945903117513392,1.1326458325051958
358,0.8337786184374694,0.0006796619452604325,400.0,0.015335730867234955,1.1209791264716227
359,0.8351540819854494,0.0006801700289954378,400.0,0.016312995723858,1.1235350801306925
359,0.8421295611721695,0.0006905031315596762,400.0,0.01641641544462864,1.1347472261471354
360,0.836846315177383,0.0006660410175418814,400.0,0.015416705147452225,1.118679435010169
360,0.8495180697957422,0.0007026982696683911,400.0,0.014945574520025283,1.145542948868624
