epoch,L_x,L_u,lambda_u,L_reg,L_total
6,1.5766950566594193,0.001266049168771133,37.40853658536585,0.0030165238004950124,1.6151925020101594
6,1.5504710592874666,0.0017371974959288065,37.40853658536585,0.0032854453893378377,1.6014756522527556
7,1.3816770209142795,0.001502824965707707,56.15985576923077,0.004572030474194504,1.4565483406186104
7,1.3749448591126845,0.0015264109351846855,56.15985576923077,0.004346422710044023,1.450736606063751
8,1.3115178813105044,0.001449538442330966,74.90942028985505,0.005814531401299156,1.4122564352076987
8,1.3113866439846713,0.0014409464313292154,74.9102870813397,0.005255268205460785,1.4109455361320642
9,1.2611344642045965,0.00135481620511557,93.6602870813397,0.006560515162298839,1.3819476306153256
9,1.2702051230024494,0.0014092540412998656,93.6602870813397,0.006147853041994586,1.3951669860114322
10,1.2430211294210698,0.0013352596311290797,112.4102870813397,0.00672449317480032,1.3873813899510214
10,1.2455571099901883,0.001340922193532658,112.4102870813397,0.006719484158822794,1.390285331381565
11,1.2408520202887685,0.0013805514281731474,131.1602870813397,0.006663571720114022,1.4155918622130983
11,1.2303279678026835,0.0013242028147769382,131.16071428571428,0.007219054953505596,1.3986522785254887
12,1.201603920256357,0.0012780443756395324,149.9111374407583,0.007772175937237756,1.3889804383589759
12,1.200673684124698,0.001274423517333123,149.9111374407583,0.00700658354224081,1.3869084328836738
13,1.2098999406610216,0.0012991138093639166,168.66071428571428,0.007627035962373373,1.4242275541736966
13,1.204436822525133,0.0012894423520722167,168.6611374407583,0.007708678273616526,1.4173055666882846
14,1.1905588111225165,0.0012566838344835833,187.4115566037736,0.007376507354047993,1.4218462851812255
14,1.1894339502982374,0.0012522046187923308,187.4115566037736,0.007374361966284133,1.4198709290544942
15,1.1818864712782946,0.0012384514543404405,206.1611374407583,0.008191583957302415,1.4339067893570634
15,1.1824408803667341,0.001264638490586852,206.16071428571428,0.008086060974303456,1.439421303215481
16,1.1782241031456897,0.0012448128489104334,224.91113744075832,0.008568550176450638,1.4551597460751284
16,1.1981709219937056,0.0012728481569694232,224.91155660377356,0.007684848398708229,1.480222243745372
17,1.1688640531799603,0.0012278476428839557,243.6619718309859,0.007808074089501735,1.4644843337121705
17,1.152422602727728,0.0011924147218211009,243.66155660377356,0.00821769053011008,1.4398876445473365
18,1.1564417147020778,0.0012143179270091243,262.4119718309859,0.008282753969039856,1.4719434002755394
18,1.1773473443287723,0.0012471108850561751,262.41155660377353,0.007917522889878249,1.5007485131610114
19,1.1779820029164705,0.0012313544075496653,281.1619718309859,0.008113447897040018,1.5208070627960242
19,1.1586022841538621,0.0012288834456137946,281.1619718309859,0.008270321664194896,1.5006996563902484
20,1.1789669352714147,0.0012479352304563972,299.9123831775701,0.008058252320059132,1.5495611509987126
20,1.1623867503913916,0.0012129496015387505,299.9119718309859,0.007967428058307146,1.5226884232440465
21,1.155525925421269,0.0012122239643070306,300.0,0.009006363713991977,1.528199477451984
21,1.1730594211649672,0.0011993418253194454,300.0,0.00878397394929116,1.5416459402191305
22,1.1607773983201315,0.0011980480920566721,300.0,0.00830043459874253,1.5284922621970953
22,1.1581560175552545,0.0011949074736395937,300.0,0.008213454623549967,1.524841710785839
23,1.1785105494565742,0.001242844966581351,300.0,0.00831972626471069,1.5596837703571764
23,1.1638907024236482,0.0012099315673733027,300.0,0.008671781198321798,1.5355419547201317
24,1.15913131331729,0.001194411658879944,300.0,0.00876914554658546,1.5262239508539717
24,1.1359118841518865,0.0011417267397459527,300.0,0.009036025584013872,1.487465930319278
25,1.1412253193209105,0.00116133519609363,300.0,0.008609871171136325,1.4982357470788688
25,1.1420246184429275,0.0011705267293406999,300.0,0.009237135485767727,1.502419767814262
26,1.120075866997799,0.0011419997433315806,300.0,0.009571745728412382,1.472247534823195
26,1.1328919292055946,0.0011622435118163554,300.0,0.008965083694155437,1.4905300638485404
27,1.141576047255614,0.0011976375622635654,300.0,0.008931924968688078,1.509799235892073
27,1.1505683660507202,0.001201093486688901,300.0,0.00898784875090039,1.5198842594789905
28,1.125764305944796,0.0011471761117044716,300.0,0.008350054420858484,1.4782671947722081
28,1.12555383808083,0.001139938918775577,300.0,0.00890103360870853,1.4764365457274296
29,1.130905558162021,0.001126627708422578,300.0,0.00989958603784854,1.4787934532363294
29,1.1259395762931468,0.0011674750410832551,300.0,0.008837571418519284,1.4850196605504946
30,1.1166372121766557,0.001160017143241888,300.0,0.010050651383434616,1.4746930072473925
30,1.1381834846596386,0.0011921156609300957,300.0,0.009062963528125438,1.50488114162933
31,1.1337278759756753,0.001160428385239441,300.0,0.009123827263626249,1.4909802242766979
31,1.1261388041354992,0.0011577492130325278,300.0,0.009140321912666506,1.4826038877169292
32,1.1301093493346814,0.001167439258871902,300.0,0.008903719657273204,1.4892448471100241
32,1.1078785555307256,0.0011356511843650667,300.0,0.008677343397163029,1.4572512521300205
33,1.1223993683970253,0.0011520928050781233,300.0,0.009108751444795797,1.4771359579507695
33,1.125535811814997,0.0011459216499739948,300.0,0.009319873962171928,1.4786321793993313
34,1.1218910421486255,0.0011447020073386807,300.0,0.009311682791492247,1.4746133326380342
34,1.1312933448288176,0.001163602087790086,300.0,0.009226985499952678,1.4896009536804977
35,1.1253732843882478,0.0011604936807663158,300.0,0.008474509511250264,1.481995898732392
35,1.1151671941890273,0.0011618477330261538,300.0,0.008541682584557769,1.4722631928532623
36,1.1280572172683505,0.001141724576513725,300.0,0.009210770092432468,1.4797853569281265
36,1.129247029070501,0.0011489061413427677,300.0,0.008961063875445959,1.4828799320039925
37,1.1304774347830702,0.0011465422339151027,300.0,0.009845744384047403,1.4842858477323144
37,1.1311319717613784,0.0011717979464956779,300.0,0.008558173658549443,1.4912295283809784
38,1.136225954801948,0.001188368110079965,300.0,0.009357733785657695,1.5020941192353214
38,1.1328023743519586,0.001148406714056125,300.0,0.008971888825194353,1.4862962785404399
39,1.133968959160901,0.0011500654479920215,300.0,0.008811273796851277,1.487799864843351
39,1.1216382521638124,0.0011554016814296765,300.0,0.009322500116007257,1.4775812570949853
40,1.1313128485108301,0.0011601614406920352,300.0,0.009668302484079853,1.4890295813709908
40,1.1218763672643237,0.0011576595256715169,300.0,0.009933771301466212,1.4791079983115196
41,1.118485780080892,0.001151240897104187,300.0,0.00873585239649334,1.472593900794807
41,1.1206463525692623,0.0011434957647267125,300.0,0.009072895390326503,1.472767977250947
42,1.1214750779938587,0.0011612108572223116,300.0,0.009219285550265474,1.4790576177258645
42,1.1127954614327251,0.0011650830986619871,300.0,0.009925567985980124,1.472245957170214
43,1.1142429728661813,0.0011374264286803124,300.0,0.009264795612844249,1.4647356963926745
43,1.1088038163800393,0.0011435113916997606,300.0,0.009288539444761617,1.4611457718132828
44,1.11898616311747,0.001146131017834905,300.0,0.008560052975679005,1.4713855260009066
44,1.127131264503688,0.001166483032523514,300.0,0.009434248225074517,1.4865104199544479
45,1.1156904588051892,0.0011237852524756667,300.0,0.009082306213805093,1.4619083442819227
45,1.1305382552496883,0.0011687665278467974,300.0,0.008891633571843284,1.490059842210297
46,1.0960391970402603,0.001107072831348328,300.0,0.009468159039180146,1.4376291968953718
46,1.1077438180052905,0.001126476111602884,300.0,0.009359426449326405,1.4550460787541275
47,1.115384718789483,0.0011220968584315465,300.0,0.0093002069482906,1.461313984635788
47,1.1111828673870192,0.001136775904067006,300.0,0.009529849864679193,1.4617454945494275
48,1.113126511397999,0.001155064859849182,300.0,0.009275058542983392,1.4689210290733021
48,1.113710364163746,0.0011412218534430567,300.0,0.008987468848657292,1.4650643885410326
49,1.1150953857580088,0.0011558003953233155,300.0,0.009293224701168626,1.4711287334767356
49,1.0975751294518397,0.001130577794293345,300.0,0.009333430443920435,1.446081895158038
50,1.0957125227572182,0.0010955322925205243,300.0,0.009926369289271018,1.434298577396551
50,1.1122592116281185,0.0011519203954998593,300.0,0.008829598139095965,1.4666649303677994
51,1.1152368078538037,0.001141567474338995,300.0,0.00926226101828517,1.466969311510751
51,1.106071778120251,0.0011398292835769798,300.0,0.009235749324493179,1.4572563135842664
52,1.1075079186793861,0.0011209366038610407,300.0,0.009885154525672487,1.4536740536536645
52,1.1002162096137824,0.001134146089678467,300.0,0.00948262867659399,1.4499426681874534
53,1.1033165658989998,0.001141083985726566,300.0,0.00967790224891343,1.45531966642702
53,1.104260544164465,0.0011446524814354392,300.0,0.009294757316179505,1.4569510478492176
54,1.1073857208184146,0.0011269642222232672,300.0,0.00951913239246388,1.4549941185417525
54,1.099304072353818,0.0011303212301145573,300.0,0.009927209689914155,1.4483276496239759
55,1.105101846330177,0.0011511570158412397,300.0,0.00934997577142949,1.4597989210884692
55,1.110378259310016,0.0011561325432180806,300.0,0.00915058798003614,1.4663686125918671
56,1.0951826341075985,0.0011182336610333662,300.0,0.009848172701980289,1.4405009041638135
56,1.0949496423593863,0.0011143461799234032,300.0,0.009492777004700652,1.4387462746163118
57,1.102282963761496,0.001126827520864093,300.0,0.00923692880181271,1.4495681458656942
57,1.1099546663804885,0.0011522761183478997,300.0,0.00973445506992861,1.4653719540582884
58,1.1002815784117497,0.0011162820157067373,300.0,0.009708203418060727,1.4448743809800628
58,1.087915270973783,0.001103581813401158,300.0,0.009338105082460637,1.428327915591931
59,1.0830460269701536,0.0010943992554314315,300.0,0.009921397724652399,1.4212872021274479
59,1.087883721797838,0.0011045907433422436,300.0,0.009644042785971536,1.4289049902640352
60,1.0757481182387116,0.0011017351550660992,300.0,0.00968406294310175,1.4159527218669927
60,1.1058223816232944,0.0011408658919283487,300.0,0.009086073181856799,1.4571682201066147
61,1.0911905529028778,0.001114090413432953,300.0,0.010383243400201954,1.43580091929217
61,1.1017337496127557,0.0011260339969164615,300.0,0.008786239207363388,1.4483301847352894
62,1.0896361453817525,0.001126448846253387,300.0,0.009405023027467756,1.436975821989392
62,1.094143792576746,0.001135940683542093,300.0,0.009671458163311483,1.4445974561599417
63,1.100618664804659,0.001119018102024329,300.0,0.01004062119560937,1.4463647114087457
63,1.0917096795284584,0.001116833531432764,300.0,0.00939620644509044,1.4361559530915735
64,1.0985510136009355,0.0011244941825354728,300.0,0.009711486330670262,1.445610752072903
64,1.1049602347503014,0.001143263956908897,300.0,0.009753990858588198,1.457693418504995
65,1.0885594264702863,0.0011290778834608809,300.0,0.009565582489251472,1.4368483738690478
65,1.085603715082921,0.0011111921867101512,300.0,0.009870205716435036,1.4288315767541937
66,1.0828431343923421,0.0011102288454286245,300.0,0.010579966344619723,1.4264917621329494
66,1.0997875014302927,0.0011431506511577995,300.0,0.01000814485884861,1.4527408415024434
67,1.0915258444777323,0.001127200576165956,300.0,0.010226985896775209,1.4399130035431014
67,1.0728457199597576,0.0010830166297345295,300.0,0.010097963921298537,1.4078486743596716
68,1.0876435351642695,0.0010963909797613847,300.0,0.010350934979082509,1.426911763711409
68,1.0894672892409372,0.0011116289722384485,300.0,0.009810721183825097,1.4327667001719888
69,1.108130169513563,0.0011291190602850663,300.0,0.009451582060369864,1.456317464782767
69,1.0888161232712072,0.0011191220897054427,300.0,0.010171186093480215,1.434723936089682
70,1.091716975657218,0.0011214635268424066,300.0,0.009399995784523017,1.4375560311002469
70,1.0959627021393274,0.0011342363340352752,300.0,0.009939768524908516,1.446173368251487
71,1.0871910183397058,0.0011327458459450162,300.0,0.009949650956726033,1.436964426410797
71,1.078671740282566,0.0010826856807331392,300.0,0.009919362497268193,1.4133968033374997
72,1.0852951218775653,0.0010983858605576552,300.0,0.009690329903488927,1.424501207716968
72,1.101370725729694,0.0011439629212196185,300.0,0.01010572156107657,1.4546653247315044
73,1.0747265602470537,0.00109420614298369,300.0,0.009916381557993249,1.4129047820327478
73,1.0879444607860966,0.0011037692195601915,300.0,0.010126699801942664,1.4292019265427438
74,1.0876414447749427,0.0011277812232162992,300.0,0.010090509414621586,1.4360663188160012
74,1.0804264066426177,0.0011090806300792266,300.0,0.009673307405265907,1.4228239013179798
75,1.0820923940701919,0.0010912037238912573,300.0,0.010088510834611953,1.4195420238104735
75,1.0856726648600679,0.0011368206279303403,300.0,0.010107106188967076,1.4368259615549759
76,1.0901419184076677,0.001125355591568156,300.0,0.01012105276432196,1.4378696464070486
76,1.0904889635064385,0.0011215885886816646,300.0,0.009667949835685167,1.4366334931416944
77,1.0878868230945988,0.0011303784644266285,300.0,0.009762899315443961,1.4367632669945285
77,1.0803900391136834,0.0010965470245445507,300.0,0.009572321558670235,1.4189264689563612
78,1.0869037969545885,0.0010972756684747185,300.0,0.009602663280781019,1.4256891591982408
78,1.09215165844791,0.0011110474927229679,300.0,0.010301186406525643,1.4357670929333934
79,1.0890757833441642,0.001101986373260141,300.0,0.01039729668380327,1.4300689871452714
79,1.0808545543388888,0.0011142921544061127,300.0,0.01097750242968852,1.4261197046800094
80,1.080066041314983,0.0010883404447252704,300.0,0.009783283130108426,1.4163514522657001
80,1.0906487673247627,0.0011219326425407833,300.0,0.009709210983058865,1.436937764423703
81,1.0749991049460315,0.0011073237788594337,300.0,0.010410163514187918,1.4176064068024312
81,1.068483021433495,0.0011028515082756355,300.0,0.010306230714315013,1.4096446998043148
82,1.0805888940754547,0.0011276589411780766,300.0,0.009892519653804567,1.4287790925535437
82,1.084490895818133,0.001107214736819498,300.0,0.010455848892655122,1.4271111622316028
83,1.0663253662248724,0.0010882784740321048,300.0,0.009897298787690733,1.4027062039397078
83,1.0756107103334713,0.0011056740047967223,300.0,0.010237603424941977,1.4175505080179536
84,1.079163442958485,0.0010847733480411328,300.0,0.010598709405696188,1.4151941554112868
84,1.0827992353417457,0.0010955599182041857,300.0,0.010126071012314034,1.4215932843882009
85,1.0825593607610764,0.0011170233657517678,300.0,0.010098344021259921,1.4277647249230512
85,1.078714399849443,0.0011124335391261959,300.0,0.009930138955675235,1.422374599328324
86,1.0742313841434374,0.0010870729976272015,300.0,0.00943926501951125,1.4097925457235885
86,1.0859466457747977,0.001130622298976079,300.0,0.010396628087752213,1.4355299644274255
87,1.065523564680056,0.001069819404338804,300.0,0.009677680457984521,1.3961470636454496
87,1.0597465691501147,0.0010845623264561267,300.0,0.010080964803125828,1.3951962266338471
88,1.0780475324691703,0.001102177589545962,300.0,0.010338293420380517,1.4190391019054744
88,1.07982328154824,0.0011089867987638254,300.0,0.010750838260124015,1.423270159959793
89,1.084387991254188,0.001119227520430452,300.0,0.010321222328619189,1.4304774694791123
89,1.072626412592151,0.0010930317403108347,300.0,0.010310628775253215,1.4108465592969548
90,1.0876070867934728,0.0011107255061493003,300.0,0.009626737726665183,1.4304514777714803
90,1.074360818895575,0.001098419152642494,300.0,0.010001877399340067,1.4138884424618934
91,1.0752006392228548,0.0010985091790295372,300.0,0.010205965380707425,1.4149593615640788
91,1.0778395949977717,0.0011128134768749651,300.0,0.010635801805736131,1.4223194408090147
92,1.0885718432339755,0.0011114872563418678,300.0,0.010685988367450508,1.4327040057290683
92,1.0706597310767325,0.0010751304037940209,300.0,0.010183821751238548,1.4033826752884748
93,1.0756038076257053,0.0010850313115603456,300.0,0.010018106083253816,1.4111313016991638
93,1.0861853331191356,0.0011133048121262444,300.0,0.009362512374441374,1.4295392904651765
94,1.0800581149079582,0.0011226600958087313,300.0,0.009769550863314758,1.4266256974502043
94,1.0677805482794385,0.001106161381483266,300.0,0.010290583163081164,1.4099195438240646
95,1.073243309373725,0.0011086983355846614,300.0,0.010171404971685855,1.4160242118791901
95,1.0559050708873088,0.0010788848555325764,300.0,0.009927430139114596,1.3894979550958224
96,1.0637965645964287,0.0010718695591995918,300.0,0.010809396134187643,1.3961668308467081
96,1.071298865286727,0.0010925170636712468,300.0,0.01069206169904231,1.4097460440304725
97,1.0890383205630563,0.0011211481446728364,300.0,0.009635821551042185,1.4350185868414966
97,1.0715557686542267,0.001103329416627562,300.0,0.01081986887354965,1.41337446398931
98,1.0552926716739184,0.0010831370332717394,300.0,0.010961987122842302,1.3911957713566958
98,1.0584506634707864,0.001076140214150057,300.0,0.011303384596966717,1.3925961144438617
99,1.0669136360355709,0.001101248133736216,300.0,0.011090667857724714,1.4083787393352212
99,1.065993257989622,0.0010882937522141527,300.0,0.01030202705910659,1.4027834191714248
100,1.045824899585969,0.0010734330196576535,300.0,0.010599008353358698,1.3784538112375715
100,1.0640300381673526,0.001079591321115718,300.0,0.010415783538972134,1.3983232196607547
101,1.075287027521567,0.0010912754886455579,300.0,0.01051389426416294,1.4131835601546547
101,1.0707950107075952,0.0010911161991481839,300.0,0.01023376002611423,1.4083636292002417
102,1.072276956113902,0.001096788075665245,300.0,0.010056751564314419,1.411370128122243
102,1.0703445964207932,0.0011065843138741713,300.0,0.011033808812499046,1.4133536984387054
103,1.070982843095606,0.0010867814797992734,300.0,0.010110543528571724,1.407127830657092
103,1.0651016985828226,0.001099439774671654,300.0,0.009298982799307189,1.4042326171289792
104,1.0699832355434244,0.0010887903267179024,300.0,0.010600242594426329,1.4072205765680834
104,1.0546748088164764,0.0010827730729281691,300.0,0.01004780283917419,1.3895545349879699
105,1.0650472431422369,0.0011050321402817063,300.0,0.009835905246606701,1.4063927885059897
105,1.066991150650111,0.0010915643442951312,300.0,0.010247810364870186,1.4047082602977752
106,1.0583465537524115,0.0010768158199051905,300.0,0.010579050721634673,1.3919703492290898
106,1.068826199656698,0.0011108424839810194,300.0,0.010917105110429598,1.412996049110706
107,1.0739247143268584,0.0010728798846354368,300.0,0.010167294590395283,1.405955971641974
107,1.0784625462510369,0.0011204275012212086,300.0,0.009950685982634737,1.4245414817875082
108,1.059533866282502,0.0010856354250404056,300.0,0.010033523084435662,1.3952580156369447
108,1.0766838192939758,0.001120917271816312,300.0,0.01025232218512117,1.4232113211666613
109,1.0751978801055389,0.0011251008101019332,300.0,0.010023392163301734,1.422751515290954
109,1.0810309518467296,0.0011329575226144781,300.0,0.01039169578897682,1.4313099083575336
110,1.0606068101796238,0.0010973935218564954,300.0,0.009910320359366861,1.3997351909225637
110,1.0616572466763583,0.0010994056592938829,300.0,0.010484910938380793,1.401963851939548
111,1.0649845311630806,0.001092772663610277,300.0,0.01010487386722917,1.4029212036089265
111,1.0559002503956834,0.0010612298726246662,300.0,0.009355381540486325,1.383624590150842
112,1.0659476724537935,0.0010825417508551088,300.0,0.00994869702262804,1.4006588938561353
112,1.0591895871510788,0.0010804165679361825,300.0,0.009557611677906216,1.3928721691375454
113,1.05333467586474,0.0010650708648344417,300.0,0.011049338477790695,1.3839052717794071
113,1.0641419771042737,0.0011017252774432895,300.0,0.010834951161152937,1.4054945141077042
114,1.0534038123759357,0.0010787176801717248,300.0,0.010141310363542289,1.387160431525924
114,1.0620893038571153,0.0010828809989680064,300.0,0.010148860712973698,1.3971024607414524
115,1.0550968924613848,0.0010990194828019873,300.0,0.010245203776242526,1.395047935448825
115,1.0543669326120315,0.001082729025144283,300.0,0.010678883865220498,1.3898645231168565
116,1.0571716013279828,0.0010897454777229788,300.0,0.011081828388639471,1.3951770679517226
116,1.0644592461260882,0.0011000057333810467,300.0,0.010361091265539553,1.4048220578919757
117,1.0706718013836787,0.0011085072144859669,300.0,0.01032808920098848,1.413552052025342
117,1.0814509836110202,0.001095594962283609,300.0,0.010387503418182446,1.420516976443204
118,1.0547336294100835,0.0010612116794984753,300.0,0.01075581221196514,1.3838529451939854
118,1.0703534551642158,0.0010951204864382321,300.0,0.010121147836219858,1.409010751139034
119,1.0565619509328494,0.0010681086027365051,300.0,0.010561201481190934,1.387555731697516
119,1.0688428816470232,0.001087884922625645,300.0,0.010761721726422284,1.405970083583485
120,1.0548360605131497,0.0010694073839906857,300.0,0.01066531401593238,1.3863235861063004
120,1.050364030491222,0.0010754748338182585,300.0,0.010679512461435727,1.3836859946901148
121,1.047857684438879,0.0010537515975804787,300.0,0.010610812010285868,1.374593969095837
121,1.0471322344785388,0.0010868722263363783,300.0,0.010960521251598203,1.3841544213620098
122,1.065874201601202,0.0010997442339430563,300.0,0.010159352972087535,1.4059568269686264
122,1.0620772581208835,0.0010932597830436532,300.0,0.010223585083572701,1.4002787720073353
123,1.057122439280894,0.0010696142214999377,300.0,0.011158814447261899,1.3891655249832982
123,1.0573556336881889,0.0010547936856862563,300.0,0.011029148314198756,1.384822891308711
124,1.0762364494854508,0.0011108662068951302,300.0,0.010260258581093196,1.4197565686648788
124,1.0671997666358948,0.0010746950791640714,300.0,0.010801802422131666,1.400410092418844
125,1.0575442289874564,0.0010679385818939285,300.0,0.010795857487625666,1.3887216653759125
125,1.0580362192106463,0.0010701584327087329,300.0,0.010684434746969408,1.389768180534311
126,1.0630224908099455,0.001090715370642451,300.0,0.010685812037151594,1.4009229141662563
126,1.0559869026595896,0.0010691824822887694,300.0,0.010408504220487719,1.387150149318305
127,1.0449136182665826,0.0010341098559200129,300.0,0.011089954849078574,1.366236529837955
127,1.068096007813107,0.0010948807624200443,300.0,0.010272593986751004,1.40683283589103
128,1.0548026920443747,0.0010769902212267144,300.0,0.010115879621542147,1.388015637570377
128,1.041667819832245,0.0010399359351601367,300.0,0.011366514220403938,1.3650151170217073
129,1.061287755315954,0.0010798858454853127,300.0,0.010174527469048785,1.3954280425201764
129,1.0680414779619738,0.0011028810318252495,300.0,0.010806572249963542,1.4097123620184986
130,1.0544795330563281,0.0010651296235903323,300.0,0.010629363105173024,1.384647786617279
130,1.0468599221923134,0.0010586419337249191,300.0,0.010543928565245799,1.3749964345585217
131,1.0550204534336454,0.0010676554703665686,300.0,0.010407563178837974,1.3857246567221249
131,1.06159182082523,0.00107969428751279,300.0,0.0106679556383328,1.3961680593815717
132,1.0634698401797902,0.0010688387958825015,300.0,0.010640975161963566,1.3947624547915025
132,1.0476285855878482,0.001049082724255806,300.0,0.011233641122552481,1.3735870456153696
133,1.0451302073218607,0.0010511169440261172,300.0,0.01066917835904116,1.3711344683712179
133,1.0536190309136162,0.001065650144412827,300.0,0.010853920873608524,1.3841680010519417
134,1.0475603026422586,0.0010749328205499544,300.0,0.01126056098040532,1.3813007142056117
134,1.0495674406086002,0.0010392384532564277,300.0,0.011056374389309067,1.3723953489784722
135,1.0549315802112424,0.0010775088848692588,300.0,0.010906903449302683,1.3890911521415366
135,1.054121667847914,0.0010964108531719401,300.0,0.010302955157237288,1.3933478788013371
136,1.044969383965839,0.0010614079344536136,300.0,0.010808815683809701,1.3742005800659007
136,1.0431317735581376,0.0010455893083318555,300.0,0.01058139768639807,1.3673899616051584
137,1.0557932168649873,0.0010801402086021202,300.0,0.010431047873487233,1.390266323251422
137,1.0602171423748068,0.0010777155794171676,300.0,0.011004681941290381,1.3945364973663745
138,1.0684589398392725,0.0010902044622488826,300.0,0.011153504791842328,1.4066737817423376
138,1.0535738203859977,0.001058289189522715,300.0,0.010826133614052004,1.3818867098691776
139,1.0405859022118926,0.0010531310565459935,300.0,0.01062531170869305,1.3671505257015315
139,1.0586202746087854,0.0010804182908032089,300.0,0.010600089103999464,1.3933458485386587
140,1.067047760497391,0.0011062470985875714,300.0,0.010885680496810653,1.409807564715994
140,1.0458752304315566,0.0010418358341584364,300.0,0.010826161785305224,1.36925213905898
141,1.0586624469152943,0.0010993039729052573,300.0,0.0106099328401233,1.399063575591437
141,1.0466461257157822,0.0010501555051513403,300.0,0.010620817443044073,1.3723135984321526
142,1.0630578746623043,0.001097167358782176,300.0,0.010665716770909963,1.4028738041269293
142,1.0446154906738938,0.0010530250835073353,300.0,0.011425304422534295,1.3719483204017398
143,1.0585794502793393,0.0010896078434696934,300.0,0.010877791476094615,1.3963395955875448
143,1.041339694644531,0.0010516362632698552,300.0,0.010927534069048402,1.367758109019353
144,1.0450087563214798,0.0010549187690769722,300.0,0.011438601883128285,1.372922985262461
144,1.0555642580126856,0.0010942263498027634,300.0,0.010206086267423522,1.3940382465585932
145,1.0540988876808823,0.0010765160103270582,300.0,0.01073695633589918,1.3877906505338746
145,1.0390108872323014,0.001047861464326881,300.0,0.010671217883705284,1.3640405425119184
146,1.0333292834899004,0.0010226503365127395,300.0,0.011055879458169795,1.3511802648527051
146,1.0497570806498981,0.0010805157404624734,300.0,0.010105311733615749,1.3840171214681944
147,1.0508194010182204,0.0010522265827158947,300.0,0.010759187445078231,1.3772465645997234
147,1.0423171706329104,0.0010488168339084884,300.0,0.0112920027759297,1.368254230572627
148,1.0265993065963503,0.00099751384211367,300.0,0.011911307911418074,1.3377647666909576
148,1.0607662298462608,0.0010912308642714791,300.0,0.010369095506823876,1.3985045785253698
149,1.0459566723167626,0.001084332569419065,300.0,0.010353401261150029,1.381609846294196
149,1.0397331416606903,0.0010509577582442117,300.0,0.01069156820885837,1.3657120380889285
150,1.047266107153248,0.0010587177707379483,300.0,0.00995664363768925,1.3748380791496586
150,1.0520414027693046,0.0010817879834633776,300.0,0.010120809852562812,1.386698608754447
151,1.0016437472261455,0.0009456634635002483,300.0,0.010328080252284917,1.295670869393586
151,0.9986505595120516,0.0009690315682250499,300.0,0.009881800826935266,1.2992418359626423
152,0.9653726736972997,0.0009065698440289461,300.0,0.010517208528629429,1.2478608322573137
152,0.9704030456843676,0.0009132763727459016,300.0,0.01094453328557581,1.25533048446114
153,0.9533172682061926,0.0008917515631371832,300.0,0.011034402508615843,1.231877138754269
153,0.9611911483713098,0.0008895578919380257,300.0,0.011059279619665767,1.2391177925977621
154,0.9444851800128147,0.0008615274034070295,300.0,0.011517274078099174,1.2144606749753695
154,0.9284666980709042,0.0008485441961769342,300.0,0.011662702860629506,1.1946926656607035
155,0.931079266844569,0.000840936229340858,300.0,0.011224164409344798,1.1945843009261397
155,0.9516353852845527,0.0008863157645546462,300.0,0.011498226970853703,1.229028344154358
156,0.9427860924481276,0.0008767145116042947,300.0,0.010966378108560704,1.21676682223119
156,0.9403990593042459,0.0008784799162664992,300.0,0.012305859220423945,1.216248899832502
157,0.9388200613829467,0.0008638763213205059,300.0,0.01128989669099987,1.2092728528890524
157,0.9398785800010234,0.0008552738212742255,300.0,0.011392317395573398,1.2078530407166697
158,0.9223855239850981,0.0008244144601531343,300.0,0.010886327633088841,1.1805961835491765
158,0.9382100497280155,0.0008542004041635926,300.0,0.011895016565717556,1.2063651860834241
159,0.917980161349335,0.0007968199648294022,300.0,0.011930165658892872,1.1689563186446648
159,0.9282597065777392,0.0008370509649876522,300.0,0.011752384899368694,1.1911273848366093
160,0.9239367056855172,0.0008345639547557599,300.0,0.01235897741343141,1.1866648672942088
160,0.9269340304248536,0.0008452112419802733,300.0,0.011721900821926548,1.1922192982494029
161,0.922712602823839,0.0008366494095320981,300.0,0.012699965835494645,1.186407391934117
161,0.9257050049679162,0.0008365171487080852,300.0,0.011933853854989056,1.1885940093096061
162,0.92398957634186,0.0008195977720156345,300.0,0.01224688050178435,1.182115788951583
162,0.9272916112512751,0.0008249269697774461,300.0,0.011281277076027987,1.1860509758038371
163,0.9146098439736217,0.0007956496171936218,300.0,0.012396432964690864,1.1657011595809406
163,0.9194925443473952,0.0008115478611975123,300.0,0.012279343530285118,1.175236240630727
164,0.9192089769872315,0.0008218945109759429,300.0,0.012682914051056041,1.1784602449079264
164,0.9241360391201995,0.0008343525235191397,300.0,0.012319965361128874,1.1867617571835025
165,0.9247115319887085,0.00083024805768512,300.0,0.013050744506309117,1.1868366935862553
165,0.9201884967329256,0.0008432728276512849,300.0,0.013161039457034169,1.1863313801085469
166,0.9091176032485448,0.0007961974982375847,300.0,0.012240250457094924,1.1602171094160978
166,0.9162137861209065,0.0008016325709709664,300.0,0.012655903643723827,1.169359468157516
167,0.9187325308675723,0.0008345085247487639,300.0,0.01184079124521247,1.180925876837675
167,0.9035944639300018,0.0007847373337524572,300.0,0.012829304280202217,1.1518449728531688
168,0.914948647065013,0.0008104056747804601,300.0,0.012381068968544025,1.1704514189685942
168,0.914003079514867,0.0008058996275072549,300.0,0.012418362229536267,1.1681913311171426
169,0.8997847836113831,0.000801686200912574,300.0,0.013148851237456093,1.1534394857060215
169,0.9063012844511211,0.0008092068201385129,300.0,0.013318316390813064,1.1623816471463362
170,0.9151714505636104,0.0008105842221471911,300.0,0.012471153853970659,1.1708178691265294
170,0.9082889425914918,0.0008078831308803233,300.0,0.01239049518606187,1.163044372748901
171,0.8989812882759112,0.0007808628543804718,300.0,0.012696522394520952,1.1459366693892286
171,0.9082315117788956,0.0008071965086138118,300.0,0.013269764813907745,1.163660233598119
172,0.8946603066183526,0.0007861760110701873,300.0,0.01325446681324142,1.1437675813922967
172,0.9071182793031359,0.0007829735947082722,300.0,0.012737558878991636,1.154747911632863
173,0.9051371838212547,0.0007881013831962109,300.0,0.012479273840417509,1.154046873875263
173,0.9008011932864852,0.0007930632128334299,300.0,0.013255753782014008,1.1519759153036793
174,0.8939721819531222,0.0007916827925421911,300.0,0.012637635914299788,1.1441146592388238
174,0.9051394943699174,0.0007954956452057367,300.0,0.013376981767537615,1.1571651669093845
175,0.8986561518880819,0.0007835752467756397,300.0,0.01410674655417423,1.1478354717049364
175,0.9114294163047465,0.0008252110229016829,300.0,0.013235953966397875,1.1722286764549033
176,0.9002912413379002,0.0007934466464682002,300.0,0.013126448559002624,1.1514516860380302
176,0.8965856331346281,0.0007880445997958435,300.0,0.013593046900903965,1.146592060546704
177,0.9012634974691366,0.0008018229083255176,300.0,0.012384941486115547,1.1541953142982961
177,0.9019133755978982,0.0007952899393320685,300.0,0.013168986289523909,1.1536693412626806
178,0.8952887504624679,0.0007958272491600532,300.0,0.013600681359240693,1.1476375992522645
178,0.9050535075867657,0.0007978669208377358,300.0,0.013356024931882395,1.1577696070542784
179,0.8847719798440891,0.0007737746881882268,300.0,0.013968366496849622,1.1308727555745386
179,0.8940766258624637,0.0007710238883946291,300.0,0.013604821668595344,1.1389886116767678
180,0.8883937476996349,0.0007641239477673362,300.0,0.012830053706707709,1.1304609846373845
180,0.8844806239209367,0.0007642606787700435,300.0,0.013180404888975513,1.1269392258917805
181,0.8975480872419382,0.0007963958067789198,300.0,0.013835083108579097,1.1503019129748837
181,0.8912267674245107,0.0007676858560134127,300.0,0.013070182417490157,1.1346027027865697
182,0.8894815787071605,0.000776215826227505,300.0,0.01332801466206331,1.1356743453864024
182,0.8847177605992476,0.0007564426838804554,300.0,0.013999396615615741,1.1256499625909488
183,0.9085424352654428,0.000798646938470777,300.0,0.01321819416694176,1.1613547109702242
183,0.8981668431929943,0.000768549283952066,300.0,0.013012059391037698,1.1417436899091096
184,0.8928745525300236,0.0007890373999054539,300.0,0.013222995184929916,1.1428087669103135
184,0.8967876073490878,0.0007760018923877417,300.0,0.0134181475701153,1.1430063253026372
185,0.8867230641200403,0.0007562202299922087,300.0,0.013260885840281844,1.1268500163148871
185,0.8895081177420681,0.000771904816316449,300.0,0.014243579809992437,1.135323136911264
186,0.8983481631952551,0.0008048808132715924,300.0,0.013816100024229809,1.1536285059334452
186,0.8789849205134695,0.0007585750178474674,300.0,0.014176068512196632,1.1207334939139841
187,0.890859704113862,0.0007844585563174152,300.0,0.013273844917225464,1.1394711174237888
187,0.8835287647396994,0.0007512673290969486,300.0,0.013072892835555856,1.12198185706887
188,0.881005349447909,0.0007569159698493011,300.0,0.01387866808627753,1.1219588050393245
188,0.8816551892212153,0.0007653153193968394,300.0,0.013835204819492962,1.1250849859329617
189,0.891411057502165,0.0007644801769554907,300.0,0.013758753063031912,1.1345138632663163
189,0.8861729438529421,0.0007714168981031929,300.0,0.01326783550715266,1.1308658461132393
190,0.8977801650094345,0.0007731713367116559,300.0,0.014117933350360446,1.1438495020962616
190,0.886146014955427,0.0007695100879183363,300.0,0.013212729077037823,1.1302117711997457
191,0.8997712467930147,0.000778196822856054,300.0,0.013269552071246185,1.1464998442679644
191,0.8893722730099888,0.0007605786578084505,300.0,0.014299838757768874,1.131845706514179
192,0.8873769244003723,0.0007510217131927793,300.0,0.013790123256533135,1.1264735583232657
192,0.8929843338615692,0.0007803535711496855,300.0,0.013430387403966333,1.1405207923709544
193,0.8872608689449293,0.000765235053707904,300.0,0.01465952763074984,1.1314909126726502
193,0.8904426415939503,0.0007646789720397852,300.0,0.013192500818871597,1.1330388383480465
194,0.8949268764979101,0.0007853469188975571,300.0,0.013991151065586528,1.1445220989496718
194,0.8815938767563601,0.0007583641446735334,300.0,0.013465801798926475,1.1225689245980952
195,0.8902019319780204,0.0007788663719062414,300.0,0.012582918906776493,1.1364447685635144
195,0.8922787403155651,0.0007848984769874992,300.0,0.013600273623264261,1.141348551426615
196,0.8889727957014527,0.0007738443267563915,300.0,0.013917986677759992,1.1350440752825566
196,0.8838967961658325,0.0007586707726789298,300.0,0.014758099490011643,1.126256128507001
197,0.8915358823058861,0.0007864155808679893,300.0,0.013597680806664616,1.1410582323691674
197,0.8868362995808434,0.0007694740306597512,300.0,0.013673322761823911,1.131351829109705
198,0.8902366556928831,0.0007690060790445481,300.0,0.013553235222556265,1.1344917161315011
198,0.8732329816828929,0.0007484087526313793,300.0,0.01400701216142207,1.1117626153300162
199,0.8790983939543366,0.0007426083502650727,300.0,0.014171591201115266,1.116052488929459
199,0.8867956514337233,0.0007481462787706862,300.0,0.013745789272694051,1.124985319163118
200,0.8800032867916993,0.0007293859795416731,300.0,0.01391754646777242,1.112736628789987
200,0.8915986755330648,0.0007655903917631284,300.0,0.014016710444203844,1.1352925077080727
201,0.8719817845683012,0.0007350797196587726,300.0,0.013575177483809446,1.106080882650401
201,0.8700629415522728,0.0007331959509104179,300.0,0.01377423142340766,1.1037959568202496
202,0.8838443130786929,0.0007697032910657851,300.0,0.013571875245751082,1.1283271733139242
202,0.8983479432229485,0.0007797551998010022,300.0,0.013609070266414034,1.1458835694938898
203,0.884600942954421,0.0007699941530258261,300.0,0.013239630458493983,1.1288388179881232
203,0.8826678024072733,0.0007540520769323068,300.0,0.013369689265216169,1.1222531178167887
204,0.8826542810669967,0.0007514499079986438,300.0,0.014259251033113938,1.1223485017461436
204,0.8905127107032708,0.0007635994250969296,300.0,0.013789731894835964,1.1333822695804494
205,0.8872507109439799,0.000767876479325683,300.0,0.013811932964017615,1.131425584533385
205,0.8756045299981322,0.0007555743322557516,300.0,0.013928585868727947,1.1162054180832846
206,0.8785733212051647,0.0007341122616253415,300.0,0.013331742294082818,1.1121387381904893
206,0.87504701542535,0.0007448161057449657,300.0,0.014043588357578431,1.1125354318480407
207,0.8827653934380838,0.0007442739312344722,300.0,0.014222933544910379,1.120270509804998
207,0.86912830386843,0.000750454422814073,300.0,0.014008322067508874,1.1082729576155543
208,0.8817217876868588,0.0007482698325215356,300.0,0.013903593890842916,1.1201063312057937
208,0.8746328977867961,0.0007514042508124216,300.0,0.014174653033218678,1.11422882628228
209,0.8791349991889936,0.0007541305979949746,300.0,0.013710641960122822,1.119084829996739
209,0.8754869962909392,0.0007448517509211732,300.0,0.01375027811653646,1.1126928003504872
210,0.8867768437734672,0.0007418031573901576,300.0,0.014029524864911633,1.1233473147398658
210,0.8728190692407745,0.0007348532986465475,300.0,0.014603550872249928,1.1078786075647389
211,0.8735555488882321,0.0007388504159280274,300.0,0.01535357735078183,1.110564257018268
211,0.8794405674561858,0.0007569123971994227,300.0,0.014004105949425139,1.1205183936815177
212,0.8791221027661648,0.0007481789394400298,300.0,0.013474334908616064,1.1170501163495439
212,0.8701167057401368,0.0007258277244091005,300.0,0.01440210800085749,1.1022671349346638
213,0.8644205008500389,0.0007204991423870004,300.0,0.014774041948840022,1.0953442858798164
213,0.8728575312665531,0.00074651035889214,300.0,0.013983114831457246,1.1107937581837177
214,0.8779211052294288,0.0007474254641368004,300.0,0.013868372444578978,1.1160171162337065
214,0.8690063528982657,0.0007448123458613866,300.0,0.01452696361229755,1.1069770249138986
215,0.8682195959346635,0.0007263842692282196,300.0,0.014090997595173706,1.1002258766176445
215,0.8679097266867757,0.0007307646062274996,300.0,0.014260412417310622,1.1013995196138109
216,0.8788096417805978,0.000747854296735438,300.0,0.0144677910097276,1.1176337176667792
216,0.8779664005019835,0.0007443476047878253,300.0,0.01432300116409481,1.1155936851033144
217,0.8687645021293845,0.0007294093429014278,300.0,0.014245936478671086,1.101833242656929
217,0.8702896132266947,0.0007272082715579538,300.0,0.01503229125747956,1.1034843871103865
218,0.8698723338810461,0.0007388881946813594,300.0,0.014684820809634402,1.1062236112941588
218,0.8632090586636748,0.0007113072316704867,300.0,0.01570696746057365,1.0923081950417586
219,0.8748731067670243,0.0007590065436196321,300.0,0.013803077653782176,1.1163781490176916
219,0.8727274313569069,0.0007216398359690045,300.0,0.014370048445666075,1.1035894324470843
220,0.873977532344205,0.0007319071124324442,300.0,0.014701859164883249,1.1082515277500664
220,0.8803465950435826,0.0007512140955441282,300.0,0.014898859107883513,1.1206096825855119
221,0.8724598823381322,0.0007407639935276425,300.0,0.014683159020413379,1.1093722374311514
221,0.8640564253021564,0.0007234529047894155,300.0,0.01455554154069562,1.0956478347735745
222,0.8680718836507627,0.000725114116968533,300.0,0.014276306687471723,1.099882425474269
222,0.8786763445075069,0.0007453690115133733,300.0,0.013948455637936214,1.1162355039268732
223,0.8603633414687855,0.0007287555759408601,300.0,0.015047539075437402,1.0940375520980783
223,0.8707190971555454,0.0007221812005744661,300.0,0.014229057695566942,1.10160251693534
224,0.8636257712330137,0.0007258793323217105,300.0,0.01488742843711017,1.0962769990520818
224,0.8644325806360159,0.0007328195785183718,300.0,0.015004169335173043,1.099282624998263
225,0.8728928943829877,0.0007251547865182927,300.0,0.014114241230085358,1.1045535717691695
225,0.8635404985398054,0.0007211908099244673,300.0,0.014305703275437866,1.0942034471247877
226,0.865028026114617,0.0007203321974884602,300.0,0.014846619725826063,1.0959743110995208
226,0.8699153663058367,0.0007338907683203745,300.0,0.01485948592848477,1.1049420877492853
227,0.8673588598945311,0.0007265499851070802,300.0,0.014254902722314,1.099578753645931
227,0.866803424965058,0.0007171897289351493,300.0,0.015428194862449476,1.0973885328109776
228,0.8677650039483394,0.0007333121674102065,300.0,0.015184439537863779,1.1029430885932274
228,0.8530627417245081,0.0007146135551465704,300.0,0.014900503856811806,1.0823473100151335
229,0.8664109870525343,0.000726489621618904,300.0,0.014003755167193179,1.0983616289283549
229,0.8743066731840372,0.0007461396065601937,300.0,0.014353807497952533,1.1125023617808307
230,0.8659929631810103,0.000742734153618585,300.0,0.014682253248923059,1.1034954647932733
230,0.8682399424059051,0.0007270490323207923,300.0,0.014798843010794371,1.1011534927945053
231,0.8633525094815663,0.0007300125535039115,300.0,0.014072812077107042,1.0964290898825442
231,0.8622290316436972,0.0006958544777587251,300.0,0.015040686437194901,1.086026064253279
232,0.8727023481790509,0.0007313605292438297,300.0,0.014779018130086894,1.106889529818935
232,0.8647314464407307,0.0007239092552871236,300.0,0.01428145264799241,1.0961856754230601
233,0.8664822538516351,0.0007239599950220768,300.0,0.01462974926107563,1.0983000065066986
233,0.8627644910344056,0.000725212789705308,300.0,0.014092884244746529,1.0944212064413088
234,0.8571709047204682,0.0007216599912810905,300.0,0.014650062564344677,1.0883189656638674
234,0.8637965401368481,0.0007215270455682392,300.0,0.015241917767395665,1.0954965714897429
235,0.8671268038451672,0.0007288560326352515,300.0,0.014004022949458366,1.0997876370591777
235,0.8559945969443236,0.0007170231509852394,300.0,0.015515418813655353,1.0866169648777162
236,0.8733339087505426,0.0007494484927812144,300.0,0.01472597785427102,1.1128944363445044
236,0.8680242747068405,0.0007197833266608151,300.0,0.015412021598811927,1.0993712940918547
237,0.8640905315322536,0.0007296698617795171,300.0,0.014748867091839202,1.0977403581408518
237,0.8657537630892226,0.0007139079447629878,300.0,0.015082624341760362,1.0950087741283434
238,0.8611844245876584,0.000715022869988908,300.0,0.015265384840729115,1.0909566723608546
238,0.8529688907521111,0.0007046919329565883,300.0,0.015669226702552157,1.0800457003393344
239,0.8650158837969814,0.0007279967555535093,300.0,0.013960418399489884,1.0973753326439433
239,0.8637210476611342,0.0007234019505111584,300.0,0.015021002922107332,1.0957626362464257
240,0.8568286070866244,0.0007082428550282722,300.0,0.014663897263484873,1.083965360186994
240,0.8606896489592535,0.000732503743230544,300.0,0.014944881597849806,1.0953856544303042
241,0.863097023085824,0.0007149294911934183,300.0,0.015440666601144975,1.0930165334471635
241,0.8734759620523879,0.0007494043443330156,300.0,0.015137110493794483,1.1134343731350131
242,0.8598726566082665,0.0007039076170128412,300.0,0.015197537124289997,1.086242483130523
242,0.8682499255186745,0.000737933099019626,300.0,0.01471849851285307,1.1043483537754841
243,0.8657971382407206,0.0007340504743881736,300.0,0.014606712690562875,1.1006189897390348
243,0.8576809206445303,0.0007189348071798511,300.0,0.015200891782504706,1.088562258120094
244,0.8754526610885348,0.0007379485814453801,300.0,0.014472796627420135,1.1113100304667438
244,0.858974209853581,0.0007124911183901921,300.0,0.01422584714808701,1.0869473950671298
245,0.8581702733146293,0.000724376949814801,300.0,0.015188982706084582,1.090672337317041
245,0.8602601927039879,0.000717468325612052,300.0,0.015262297999080536,1.0907629942521453
246,0.8521152858489326,0.0006830290742202903,300.0,0.01503383285307791,1.0720578382856079
246,0.8670522911208016,0.0007172657260525739,300.0,0.015326170868190405,1.0975581724196672
247,0.8549530647162881,0.000700691007036117,300.0,0.01481136917157398,1.0799717354987348
247,0.8626636748335191,0.0007293219910999531,300.0,0.014666521466486821,1.096126795879432
248,0.8622968798237187,0.0007234931254060939,300.0,0.014242748233040661,1.0935875629740102
248,0.865865093256746,0.0007268963816906242,300.0,0.014027178245929204,1.0979611884270395
249,0.8689970406038421,0.0007421170629900839,300.0,0.014433073033745001,1.10606523736247
249,0.8605742089982543,0.0007107176349044104,300.0,0.014358071071910672,1.088147567851203
250,0.8661012343530144,0.0007365082105772151,300.0,0.015151149555874457,1.1022048451538597
250,0.863791445802365,0.0007102599003506579,300.0,0.015573283355999072,1.0924426977123534
251,0.8598432401195168,0.0006996227278770155,300.0,0.014954952568846889,1.0846850056467312
251,0.8706998165164676,0.0007376018177507961,300.0,0.014448518476066445,1.1064288837036915
252,0.8565254948501076,0.0007003292763069372,300.0,0.015135350601797524,1.0817596321659428
252,0.863342691878123,0.0007213332408225272,300.0,0.01458286332802215,1.0943255266174674
253,0.8667737886841808,0.0007217907968879445,300.0,0.015127185511768662,1.0984382137124027
253,0.8547328691929579,0.0007053807230477105,300.0,0.015002046333393082,1.0813491275267941
254,0.8465369792122927,0.0006816665646900739,300.0,0.015212234310248667,1.0662491817825608
254,0.8565745303141219,0.000712701151217386,300.0,0.014316401113839155,1.0847012785130314
255,0.8528326345341546,0.0007042563217964926,300.0,0.01571016451219163,1.0798196933631385
255,0.8608657238738877,0.0007095217556200493,300.0,0.015378860047868719,1.0891011103189416
256,0.8541533537209034,0.0006968275818053371,300.0,0.014968124139288972,1.0781697581655212
256,0.8685633864785943,0.0007180193899460262,300.0,0.014799520882661454,1.0987687289182628
257,0.8620750861508506,0.0007236578687427807,300.0,0.014936102942946101,1.0941085537363375
257,0.8589124466691699,0.000723260244350448,300.0,0.015303665959176474,1.0911941814369388
258,0.8561991189739534,0.0007143422635635943,300.0,0.014615059248171747,1.0851168523409538
258,0.8615077430648463,0.0007169628306330976,300.0,0.015390721124796463,1.091987314634025
259,0.8554437893575856,0.0006915439930708089,300.0,0.014700399298037934,1.077607384217637
259,0.8522259366831609,0.0007003579311068668,300.0,0.014699265834808881,1.0770325817699944
260,0.8559300448479397,0.0007023090532324464,300.0,0.015263971446464504,1.0818867345473595
260,0.8616573555128915,0.0007179838794399984,300.0,0.015194093120434056,1.0922466138643878
261,0.8585287610601101,0.0007144219553083531,300.0,0.016346002427910986,1.0892013580139195
261,0.8569352118564504,0.0007129133165173178,300.0,0.014166008013749629,1.0849752180012209
262,0.8610291536897421,0.0007223738334362549,300.0,0.015120099643744262,1.0928613977240664
262,0.8495494688728026,0.0006927148139896287,300.0,0.014899437067340062,1.0722633528390102
263,0.8562421491369605,0.0007071384205638813,300.0,0.015695799119254974,1.0840794755412
263,0.8615225021328244,0.0007221163107098098,300.0,0.015372889212033312,1.093530276391123
264,0.8706984054297209,0.0007272480956999061,300.0,0.014272433730574059,1.1031452670161213
264,0.8498488028666803,0.0006964988111966315,300.0,0.015035417640839504,1.0738338664440172
265,0.8609709484236581,0.0007262100115375299,300.0,0.015151083592042727,1.0939850373459714
265,0.8673576127205577,0.0007300261790987861,300.0,0.014507257385828,1.1008727263127054
266,0.8589183062847171,0.0007215902164716681,300.0,0.014842627012902605,1.0902379982705628
266,0.8629770425281355,0.0007130448752832308,300.0,0.015582782881600516,1.0924732871353626
267,0.856966036771025,0.0007027899107794967,300.0,0.014962337159626518,1.0827653483886803
267,0.8574328670012099,0.0007197531669070096,300.0,0.014763917094179695,1.0881227300103222
268,0.8574132515516665,0.0007003119164892269,300.0,0.014880749272249107,1.0823875764118773
268,0.8696131171392543,0.0007370308480858512,300.0,0.015126814827713784,1.1058491835636752
269,0.8606770411133766,0.000705628155174054,300.0,0.015137701216320108,1.0875031885557942
269,0.8691805530605572,0.0007266939002680114,300.0,0.015569515305937134,1.1027582414182169
270,0.8622535355389118,0.0006992376640612617,300.0,0.014735946764371224,1.086760779443596
270,0.8452404101512262,0.0006808740753448157,300.0,0.01464685378388302,1.0641494833731227
271,0.8488353605249098,0.0006918323823096476,300.0,0.014918095920750472,1.0713031701743603
271,0.847943355728473,0.0006854278419073775,300.0,0.015597601797448337,1.0691693141790373
272,0.8590524376236967,0.0007038585776431969,300.0,0.01483841982969482,1.0850484307323183
272,0.8593413233757019,0.0007146089875667323,300.0,0.015344453860182381,1.08906847464719
273,0.8627344130405358,0.0007118752734770949,300.0,0.01542066589692175,1.0917176636201995
273,0.8494122209293502,0.0006898403570565799,300.0,0.01522650553150535,1.071590834696378
274,0.8520443065624151,0.0006993301860477784,300.0,0.015248241857209775,1.0770916084625892
274,0.8651638666966132,0.0007057542061374988,300.0,0.015497965717388849,1.0923880990594625
275,0.8587532358776245,0.0007242776424780979,300.0,0.01451196864530045,1.0905484982899256
275,0.8574748688510486,0.0007067631233569825,300.0,0.014971988587473919,1.084475797201906
276,0.8598098661750555,0.000718718458983858,300.0,0.015169127981477817,1.0905945356935263
276,0.8493755108543805,0.0006881063083840543,300.0,0.014843266299327038,1.070650669879147
277,0.8485901530033776,0.0006988409883368669,300.0,0.016104625184587867,1.074347079598478
277,0.8541446692709412,0.0007029242686128003,300.0,0.01621718322192984,1.0812391308801514
278,0.8452549071184227,0.0006758419588420241,300.0,0.016115241167426575,1.0641227296686597
278,0.850972001307777,0.0006989107899763829,300.0,0.015136927395360544,1.075782164399113
279,0.8585159206496817,0.0007067013805551271,300.0,0.015078760681457684,1.0856050934110368
279,0.8397735031321645,0.0006944943745728389,300.0,0.015181497872358054,1.063303312951965
280,0.8582166575693658,0.0007213890710642902,300.0,0.015609405845420301,1.0902427856677346
280,0.8482078372367791,0.000685687253735523,300.0,0.015452241618602005,1.0693662549768175
281,0.8514077692691769,0.0007014732349424386,300.0,0.01602000324263437,1.0778697445722563
281,0.8619528952986002,0.0007077434182584901,300.0,0.015887124064777578,1.0901630464941263
282,0.8610120605943459,0.000715132067333408,300.0,0.014455919235063317,1.0900076047650404
282,0.8435623277244824,0.0006782203085029843,300.0,0.015141728779001693,1.0621701453679375
283,0.8469731870240399,0.0006912915759715231,300.0,0.015015742691632892,1.0693764039980513
283,0.8573457902031285,0.0006952939393808524,300.0,0.014749567394444187,1.0806835384241171
284,0.842948238232306,0.0006825407757397832,300.0,0.016087798407949907,1.0637982729822397
284,0.8541073261627129,0.0006990606606060672,300.0,0.015704977718996815,1.079530500673822
285,0.8383817318826914,0.0006720944622234778,300.0,0.015440676400820459,1.055450744128653
285,0.8556831125169992,0.0007232960266979457,300.0,0.01536556177390074,1.0880374863211597
286,0.8414383496024779,0.0006622262553394519,300.0,0.016336244464452778,1.056442470688905
286,0.8522776966648442,0.0006992093410320065,300.0,0.014705837843523892,1.076746329665184
287,0.8482995613345078,0.0006968477228578454,300.0,0.015088374769090609,1.0724422495279993
287,0.8490821037973676,0.0006924159935286818,300.0,0.015269500209667188,1.0720764022054416
288,0.8539916226374251,0.0006897537462334315,300.0,0.015523356430224209,1.0764411051890679
288,0.8528988708608917,0.0007009304632187455,300.0,0.014306020476007169,1.077484026817339
289,0.8582022792792746,0.0007018907087642999,300.0,0.01506404219877108,1.0838335340044327
289,0.8577930224793298,0.0007013661202433598,300.0,0.015289376741358345,1.083492239405002
290,0.8604363610169717,0.0007091726930151968,300.0,0.014734493599722296,1.0879226622304745
290,0.8566588696890644,0.0006907687267292724,300.0,0.015963885124490065,1.0798533777041095
291,0.845955748909286,0.0006789882497092289,300.0,0.015771373458846938,1.0654235937233483
291,0.8542363207255091,0.0007129488046757615,300.0,0.015463743207094791,1.0835847037711315
292,0.8557418954691717,0.0007148637574638477,300.0,0.015058343207264053,1.0852593665144272
292,0.8571976934160505,0.0007195351898060055,300.0,0.015698931042736928,1.088757183934961
293,0.8593851937247174,0.0007303934731096108,300.0,0.014493515279484979,1.0929967509582639
293,0.8481892666646412,0.0006929679413717947,300.0,0.01652428456665283,1.0726039331140262
294,0.8540469687432051,0.0007100198158046364,300.0,0.01532827084676163,1.0823811838137252
294,0.8543830917083791,0.0006960593727204209,300.0,0.015637138157866763,1.0788380454427429
295,0.8536590965730804,0.000689736427180573,300.0,0.015349350269908817,1.0759293711079019
295,0.8564411886036396,0.0007121570353254876,300.0,0.014455128147216913,1.0845434295811824
296,0.8536058947710055,0.0006985879887224655,300.0,0.01536755024946095,1.0785498464746135
296,0.8622694998713476,0.0007126975971394651,300.0,0.014854568665863812,1.090933343661683
297,0.8432047718337604,0.0006680696023327723,300.0,0.015485349190255095,1.0591110004378217
297,0.851341970797096,0.0006910684278409462,300.0,0.01644353221386804,1.0751060332570757
298,0.8522129078794803,0.0007099286887881005,300.0,0.01549482966116297,1.0806863448981727
298,0.8487883441682372,0.0006974211051848604,300.0,0.015560948543549915,1.073575624796961
299,0.8521581233612129,0.0006947310230316361,300.0,0.014615086965412567,1.0751925150730781
299,0.8437457334782396,0.0006653155696442679,300.0,0.015245928352149869,1.0585863374705826
300,0.8584185524710587,0.0007112996860152114,300.0,0.01623834743804764,1.0880468067313944
300,0.8575140115405832,0.0007134867454234543,300.0,0.01524067367427051,1.0868007080363375
301,0.8498250057122537,0.0006798320363096926,300.0,0.01610649583225105,1.069881116173097
301,0.8580077053712947,0.0007021595821307918,300.0,0.016184236912522465,1.0848398200635399
302,0.831813588073211,0.0006439191497520369,300.0,0.016207423782491657,1.0411967589919056
302,0.8353883054639611,0.0006700270103335372,300.0,0.015103742719345194,1.0515001488051243
303,0.8419306395309312,0.0006611959064619961,300.0,0.015338196928496473,1.0556276102683373
303,0.8280492676422,0.0006332890559081404,300.0,0.01552010425906961,1.0335560852129544
304,0.8374377167118447,0.0006524073934477721,300.0,0.01596744499693159,1.0491273852863483
304,0.8381516409239599,0.0006439132491128216,300.0,0.014607745280954987,1.0459333563755666
305,0.8311209134491426,0.0006458122014854391,300.0,0.015698846323565312,1.0405634213238955
305,0.8344172893890313,0.0006477430426587359,300.0,0.015579980080864126,1.0443201826087065
306,0.8238558057429535,0.0006292312550937952,300.0,0.01533746173871415,1.02796264312097
306,0.8357634749263525,0.000653235372283234,300.0,0.01599366392266737,1.0477277442280735
307,0.8225632216781378,0.0006293498202662054,300.0,0.015934394706813952,1.0273025602634465
307,0.8216956009023956,0.0006285951864616177,300.0,0.016108913615296063,1.0263830716056483
308,0.8289982154965401,0.0006417359380260937,300.0,0.016268353803232976,1.037787350160735
308,0.8205577092511314,0.0006307493347646544,300.0,0.016366583378320292,1.0261490903794765
309,0.8205389380455017,0.0006333317290422461,300.0,0.01541439518041443,1.0259528500693185
309,0.8286394659163696,0.0006350577891030948,300.0,0.01594753822012405,1.0351043390110135
310,0.8303361810477716,0.0006471529658093848,300.0,0.015835078300109932,1.0403171522276742
310,0.8272234617865512,0.0006474725718622462,300.0,0.015421055864343154,1.0368862855913383
311,0.8260291637852788,0.0006289284589391693,300.0,0.01581000465791606,1.0305177022569947
311,0.8197832474751132,0.0006281396324863765,300.0,0.016408228359068744,1.024633364618889
312,0.8286750655887383,0.0006485533911342957,300.0,0.01618790878897666,1.0394289903342724
312,0.8264768843406013,0.0006386787324572651,300.0,0.01519809991753261,1.03327860776335
313,0.8273721377232245,0.0006373611967579304,300.0,0.01667161664642793,1.0352521179510015
313,0.8263401378478322,0.0006374827187625799,300.0,0.016202924109945473,1.0337878811572279
314,0.8196773876303008,0.0006362081315468718,300.0,0.0159836384367996,1.0265234687498637
314,0.8235251576240573,0.0006272259459560051,300.0,0.016537884264835157,1.0282308251730032
315,0.8206752973741719,0.0006515710791258503,300.0,0.016069310262017616,1.0322159307875804
315,0.8226607207741056,0.0006381276126765962,300.0,0.0167185233294731,1.030817530117929
316,0.8202741867197412,0.0006343263554039627,300.0,0.015486700298164837,1.0260587920035635
316,0.8249779497938496,0.0006318760926790544,300.0,0.01650302661749135,1.0310438090403165
317,0.8230162221672279,0.0006331996810981114,300.0,0.01549787346240399,1.0284739949607424
317,0.8224902890090432,0.0006328085462752954,300.0,0.016526842587544315,1.0288596940892083
318,0.8168236542759197,0.00061890522243045,300.0,0.015976569498889148,1.0184717936707395
318,0.8183220736682415,0.0006207127045172456,300.0,0.015991050469373085,1.0205269334837794
319,0.8158686363271305,0.0006109424009537179,300.0,0.01606643111881567,1.0152177903801203
319,0.8251542276037591,0.0006377954609563728,300.0,0.015653222553997433,1.032146089178111
320,0.8235503161059958,0.0006212365191069173,300.0,0.01728781964318062,1.0272090899358903
320,0.8238108059657472,0.0006316603192187488,300.0,0.01579821502881324,1.0291071177593298
321,0.8265417798289231,0.0006307883920076815,300.0,0.015894018897337707,1.0316723151398557
321,0.8238382983420577,0.0006328005035811657,300.0,0.015797735599335283,1.0294761875910419
322,0.8209557957681162,0.0006245735180852664,300.0,0.015911966161054027,1.0242398190977318
322,0.8237339984625578,0.0006258854148849682,300.0,0.01569217998933579,1.027191800730569
323,0.8243163113615343,0.0006317076860276367,300.0,0.016860032574706047,1.0306886514382703
323,0.8146168323499816,0.0006248795828339228,300.0,0.015691534492361825,1.017772238568536
324,0.8198833172874791,0.0006394413994387703,300.0,0.015707473553318,1.0274232135021262
324,0.81447495041149,0.0006133654768356271,300.0,0.015555237305566802,1.014039829639452
325,0.8104208727766361,0.0006059276090581989,300.0,0.016539590903058916,1.0087387436734778
325,0.8210713037156633,0.0006179535398262358,300.0,0.01734571171774795,1.023803077105965
326,0.828152274446828,0.0006449235751071163,300.0,0.015822005077747496,1.037451348666634
326,0.8220478902970042,0.000617862959188642,300.0,0.01578596316851742,1.0231927457664693
327,0.8200532086193562,0.0006037183030847311,300.0,0.01633421422905355,1.0175029143158878
327,0.8281865753233433,0.0006441569572156627,300.0,0.016073039587354288,1.0375067011586256
328,0.8193310642881053,0.0006216733006892485,300.0,0.017094711966430105,1.0229277689275997
328,0.8256565392283457,0.0006284844058817336,300.0,0.015478867567643257,1.0296807289123535
329,0.8154893807534661,0.0006125531231516236,300.0,0.015695203679829968,1.0149505238181777
329,0.8228179352091891,0.000629836236677355,300.0,0.01567979185866924,1.0274485927075148
330,0.8224951185818229,0.000623350854279384,300.0,0.017112898704778803,1.0266132721943515
330,0.8142172598413059,0.0006178099370117707,300.0,0.017002373565836542,1.0165626121951001
331,0.8126549527182111,0.0006166629683385898,300.0,0.01611716602721052,1.0137710106958235
331,0.8233339436618345,0.0006332904070274838,300.0,0.016231300271881213,1.0295523639236177
332,0.8142045971804431,0.0006171814732494697,300.0,0.016166346141419905,1.015525387333972
332,0.823618470025914,0.0006395337068819831,300.0,0.016371429808454456,1.0318500098905392
333,0.823992886713573,0.000627423710381793,300.0,0.016236320231525627,1.0284563188574143
333,0.8179274696324553,0.0006197665145139451,300.0,0.01612670644993029,1.0199841279536486
334,0.8175196019666535,0.0006231279422926102,300.0,0.016668707274740364,1.021126689389348
334,0.8181762882907476,0.0006189449063965315,300.0,0.015927070541822883,1.019786831656737
335,0.8181772889303309,0.0006184201842773161,300.0,0.016184660797339996,1.01988800215934
335,0.8297797428177935,0.0006408085795166178,300.0,0.016323083832893253,1.0383454010422741
336,0.8076243361990366,0.0005815695090274987,300.0,0.017095978658679605,0.9991911692278725
336,0.8132868148386478,0.0006114271940142706,300.0,0.01624064410342336,1.0129556175587433
337,0.8129319855943322,0.0006118493747635512,300.0,0.016484835469912338,1.0129716361739807
337,0.8249531186052731,0.0006287801167802952,300.0,0.016666444696186642,1.030253597668239
338,0.8159025944769382,0.0006121632433990141,300.0,0.016546378105496324,1.016097943963749
338,0.8129266930211868,0.0006078337269497881,300.0,0.016607625491035703,1.0118844344147615
339,0.8135510024481586,0.0006204545407594456,300.0,0.01573653413340383,1.015423898851233
339,0.8148703330329486,0.0006261775828469192,300.0,0.015248465881865871,1.0179720743160163
340,0.8192842331315789,0.0006283403022280254,300.0,0.016226063050063595,1.0240123877301812
340,0.8214508573125515,0.0006206481649054954,300.0,0.016166202274949422,1.0238115087683712
341,0.8170896990756903,0.0006229077646854161,300.0,0.01654250017184365,1.0205045299870628
341,0.8095469118228981,0.0006033607045310418,300.0,0.01659923183823204,1.007154356821307
342,0.8038310492411256,0.0006049661985473774,300.0,0.016358085262514317,1.0016789927280374
342,0.8166436575619238,0.0006179597644404566,300.0,0.015938005096229193,1.0179695950022765
343,0.8154688176832029,0.0006259397238506738,300.0,0.01708840605923407,1.020339138406728
343,0.8139027427615864,0.0006118690484981926,300.0,0.016180338903463314,1.0136437977531128
344,0.8128204106220177,0.0006139971855775782,300.0,0.015856960647007718,1.0128765255212784
344,0.8181661618873477,0.0006255481114619345,300.0,0.015776623874054558,1.0216072264260478
345,0.8182383248848575,0.0006223513727101297,300.0,0.01667861098290554,1.0216223495081067
345,0.8184621758492929,0.0006134477082468948,300.0,0.016292521985763284,1.0187890093241418
346,0.8181741200387478,0.0006187613534426159,300.0,0.016802668184806992,1.0206051914553558
346,0.8148107712290117,0.0006248654162845924,300.0,0.016656544433707104,1.0189269405922718
347,0.8241917416453362,0.0006296941376474154,300.0,0.01643092548640977,1.0295309049210377
347,0.8172187805175781,0.0006162078412411834,300.0,0.016923723484589055,1.0190048569015093
348,0.8181499407759735,0.0006027219014868024,300.0,0.017057885948036398,1.0160243936947413
348,0.8235046745144895,0.0006251289833016926,300.0,0.017168686338534047,1.028212052769959
349,0.8126138241163322,0.0006087990095368566,300.0,0.016326436918461695,1.0115799656403917
349,0.8205765464476177,0.0006133684566001259,300.0,0.016141047736579952,1.020728129361357
350,0.821365846853171,0.0006173769169695983,300.0,0.016171905016692887,1.022750826020326
350,0.8196973489331347,0.0006138701837049407,300.0,0.01568606204403165,1.019544467196933
351,0.8150372847116419,0.0006159682355441223,300.0,0.016090511203011765,1.0159182635002904
351,0.8129848907036441,0.0006128261899870527,300.0,0.017130971857113764,1.0139637223577924
352,0.8105166762002877,0.0006027804122693072,300.0,0.016562264030134038,1.0079130650098835
352,0.8211815157639129,0.0006287286968732328,300.0,0.0163967484737181,1.0261968704206603
353,0.8148243626845735,0.0006057994704795939,300.0,0.017313749828775014,1.013877950076546
353,0.812071949908776,0.0005915758177772139,300.0,0.016269758907063597,1.0058144514581986
354,0.8058709313294717,0.0005951099726969135,300.0,0.016644549948978238,1.0010484786970275
354,0.8122910158708692,0.000612407782650085,300.0,0.015553854333120398,1.0115672049245663
355,0.8013874654259,0.0006001458797462485,300.0,0.01624070909331619,0.997671937703022
355,0.8140788255259395,0.000604877036981374,300.0,0.016456784882133695,1.0119987236601966
356,0.8112761068290898,0.0006199728135405687,300.0,0.01648463854923778,1.0137525909979428
356,0.8191469737461635,0.0006266943134960457,300.0,0.01671210219709402,1.0238673660371984
357,0.8122316537691014,0.0006095131979496468,300.0,0.0169577247808255,1.0120433390672718
357,0.8160607870668173,0.0006122396363090436,300.0,0.01632117148983525,1.0160538500973157
358,0.8132878951728344,0.0006188993680292956,300.0,0.01598205201402639,1.0149397562657083
358,0.8183520110324025,0.0006171120538900661,300.0,0.016647149715156826,1.0201327774141515
359,0.8076017222234181,0.0006047697652320494,300.0,0.01716419734293595,1.0061968490481377
359,0.8060643199299063,0.000589959533207158,300.0,0.01617438263409505,0.9992265641423208
360,0.8172717065151248,0.0006098638179667302,300.0,0.016947542344236614,1.0171783931021179
360,0.8125066247635654,0.0005915091774113534,300.0,0.016693550717068968,1.0066529267600604
