1,1.6401584148406982,0.24428673088550568,1.8371946811676025,0.29332488775253296
2,1.5806001424789429,0.28215572237968445,1.7864844799041748,0.30943524837493896
3,1.5490890741348267,0.29710081219673157,1.7814489603042603,0.3098090589046478
4,1.4445797204971313,0.35843878984451294,1.7456531524658203,0.35706600546836853
5,1.4239380359649658,0.41740208864212036,1.7908283472061157,0.3742451071739197
6,1.4143929481506348,0.4141887128353119,1.7924354076385498,0.3732447028160095
7,0.4582878351211548,0.5047426223754883,0.6760419607162476,0.6207695603370667
8,0.4491729736328125,0.5080323815345764,0.5720812082290649,0.6043221354484558
9,0.4389735460281372,0.5154460072517395,0.5118107199668884,0.5863381624221802
10,0.46121838688850403,0.5160201787948608,0.5214548707008362,0.5795613527297974
11,0.3845387399196625,0.465287446975708,0.5113124847412109,0.5983112454414368
12,0.3909339904785156,0.465763121843338,0.5106660723686218,0.6058160662651062
13,0.3949633836746216,0.4670030474662781,0.505731999874115,0.5875142812728882
14,0.34471362829208374,0.4784848093986511,0.45604076981544495,0.6122181415557861
15,0.4127092957496643,0.47315871715545654,0.518405556678772,0.5918232798576355
16,0.37688443064689636,0.4897196292877197,0.4769192337989807,0.6083647608757019
17,0.3615148067474365,0.5037637948989868,0.4592773914337158,0.6266887784004211
18,0.3682584762573242,0.49641019105911255,0.4583105146884918,0.5989854335784912
19,0.3779774606227875,0.5129243731498718,0.46783483028411865,0.6224353909492493
20,0.36480075120925903,0.4882999360561371,0.44711267948150635,0.5965396761894226
21,0.3788251578807831,0.4959600269794464,0.46166208386421204,0.6020823121070862
22,0.4083525836467743,0.5128565430641174,0.4925706088542938,0.6289782524108887
23,0.3928225636482239,0.5299379229545593,0.48059892654418945,0.6540109515190125
24,0.4192982316017151,0.5118018388748169,0.5059066414833069,0.6337938904762268
25,0.3593902289867401,0.5191695690155029,0.45261070132255554,0.6559976935386658
26,0.37317121028900146,0.5363044738769531,0.4662463963031769,0.6768547892570496
27,0.3720241189002991,0.5193865299224854,0.4520118832588196,0.633727490901947
28,0.3609001338481903,0.5470807552337646,0.4464314877986908,0.6706113815307617
29,0.3666820228099823,0.5317389965057373,0.4479193687438965,0.6431894302368164
30,0.3985174000263214,0.5266525745391846,0.4687223434448242,0.6098247170448303
31,0.3947831690311432,0.5618969202041626,0.46819639205932617,0.6602134108543396
32,0.37684616446495056,0.5802991390228271,0.45396730303764343,0.674663782119751
33,0.400253027677536,0.534801185131073,0.47558650374412537,0.6339305639266968
34,0.3453862965106964,0.5576415061950684,0.4258890748023987,0.668931245803833
35,0.3559858202934265,0.5638620257377625,0.4339161515235901,0.6659735441207886
36,0.3687925636768341,0.5296148061752319,0.43965384364128113,0.6292649507522583
37,0.37176117300987244,0.5591115951538086,0.43539661169052124,0.6393944621086121
38,0.3827582895755768,0.5380265116691589,0.44175243377685547,0.6161031126976013
39,0.38107240200042725,0.5987013578414917,0.4441559314727783,0.6810430884361267
40,0.4023897349834442,0.567893385887146,0.4726896584033966,0.6613246202468872
41,0.38384851813316345,0.5919640064239502,0.45278018712997437,0.6868563890457153
42,0.3570004105567932,0.5547463893890381,0.4243655204772949,0.6497146487236023
43,0.3677203059196472,0.57639080286026,0.43559694290161133,0.6733003854751587
44,0.3643537163734436,0.56126469373703,0.42787227034568787,0.6480493545532227
45,0.3778201639652252,0.601327657699585,0.4404614567756653,0.68837970495224
46,0.35819944739341736,0.5892226696014404,0.42839688062667847,0.6895426511764526
47,0.34134042263031006,0.6135534048080444,0.4054971933364868,0.697382390499115
48,0.36951377987861633,0.6012819409370422,0.44123008847236633,0.7164523005485535
49,0.3516865372657776,0.5946353077888489,0.41742196679115295,0.692247211933136
50,0.3787907660007477,0.5848745107650757,0.4403589367866516,0.6666066646575928
51,0.3464291989803314,0.5733694434165955,0.4089319407939911,0.6610810160636902
52,0.3789825737476349,0.6089710593223572,0.44430652260780334,0.7038384675979614
53,0.36971747875213623,0.5956862568855286,0.44071894884109497,0.7040351033210754
54,0.36979350447654724,0.5861557722091675,0.4343087375164032,0.6726127862930298
55,0.35507723689079285,0.6227908134460449,0.4238003194332123,0.7130739688873291
56,0.3759233355522156,0.6075499057769775,0.43044859170913696,0.6595351099967957
57,0.38235345482826233,0.6303585171699524,0.445570170879364,0.7231641411781311
58,0.3553014397621155,0.6245734095573425,0.40913423895835876,0.6792600750923157
59,0.3848462998867035,0.6180733442306519,0.44326141476631165,0.6987735629081726
60,0.36111295223236084,0.6332448720932007,0.4257359206676483,0.7228552103042603
61,0.3761891722679138,0.6094767451286316,0.43615132570266724,0.6880327463150024
62,0.37168169021606445,0.6835498213768005,0.43526095151901245,0.7693265676498413
63,0.3546490967273712,0.6572569608688354,0.41519299149513245,0.7267823815345764
64,0.39294546842575073,0.6191523671150208,0.45581236481666565,0.7097558379173279
65,0.40066683292388916,0.5758953094482422,0.4550747871398926,0.6509431600570679
66,0.3822770416736603,0.6160027980804443,0.4398657977581024,0.691404402256012
67,0.3706798553466797,0.6318972110748291,0.42550766468048096,0.7103832364082336
68,0.37736931443214417,0.6388986110687256,0.42928650975227356,0.7067605257034302
69,0.372251957654953,0.6317313313484192,0.42610952258110046,0.7021162509918213
70,0.3711651563644409,0.6383998394012451,0.431834876537323,0.7305131554603577
71,0.3838362693786621,0.6440430283546448,0.43813303112983704,0.7156570553779602
72,0.3886871635913849,0.6272932887077332,0.4369693100452423,0.6761801838874817
73,0.35858988761901855,0.6171954274177551,0.4117879271507263,0.6865858435630798
74,0.3812531530857086,0.6306903958320618,0.43479812145233154,0.6895824074745178
75,0.3577617108821869,0.6327168345451355,0.4128642976284027,0.7091915011405945
76,0.3611574172973633,0.632145881652832,0.41564151644706726,0.7038466930389404
77,0.3709380030632019,0.679797351360321,0.4235733449459076,0.7350429892539978
78,0.35253867506980896,0.6667884588241577,0.41244497895240784,0.7476634383201599
79,0.3786506950855255,0.679132342338562,0.44225797057151794,0.7659995555877686
80,0.3671346604824066,0.6739003658294678,0.41997361183166504,0.7396806478500366
81,0.3501259386539459,0.6572924256324768,0.4042968153953552,0.7311580777168274
82,0.36104756593704224,0.7061728835105896,0.4166969358921051,0.7724016308784485
83,0.33890238404273987,0.6647883057594299,0.3889854848384857,0.7251787185668945
84,0.3637810945510864,0.6646788716316223,0.4081588387489319,0.7101000547409058
85,0.3548033535480499,0.6607669591903687,0.39959409832954407,0.7150003910064697
86,0.3613499402999878,0.6655622124671936,0.4124740958213806,0.7294124960899353
87,0.362582802772522,0.6806522607803345,0.4147930443286896,0.746690034866333
88,0.37354806065559387,0.660176157951355,0.42076191306114197,0.7251704335212708
89,0.3665933310985565,0.7881918549537659,0.42962804436683655,0.8752244710922241
90,0.33614522218704224,0.7271488904953003,0.3943839371204376,0.8113543391227722
91,0.3649613559246063,0.6884449124336243,0.40917596220970154,0.7411653995513916
92,0.36504244804382324,0.7075243592262268,0.4129732549190521,0.7668120861053467
93,0.37664225697517395,0.7041709423065186,0.424069881439209,0.7615296840667725
94,0.36113905906677246,0.7046141624450684,0.4091975688934326,0.7595442533493042
95,0.3622460961341858,0.6757909655570984,0.4070282578468323,0.7198036909103394
96,0.3654375672340393,0.6818789839744568,0.411514550447464,0.731652557849884
97,0.3613158166408539,0.7310391068458557,0.41314613819122314,0.7933294177055359
98,0.365879088640213,0.6753672361373901,0.4186229109764099,0.7369200587272644
99,0.33344823122024536,0.6845414042472839,0.37642091512680054,0.7268662452697754
100,0.36016225814819336,0.7187044024467468,0.41445088386535645,0.784485399723053
101,0.3613739609718323,0.7006378769874573,0.40334996581077576,0.7353498339653015
102,0.373202383518219,0.7197859883308411,0.4168495833873749,0.7707920074462891
103,0.3513321578502655,0.7262443900108337,0.3935445249080658,0.7728652954101562
104,0.3605923056602478,0.7133887410163879,0.40071815252304077,0.7513879537582397
105,0.3810465931892395,0.7390115857124329,0.42504486441612244,0.7895874977111816
106,0.3732145428657532,0.7399454116821289,0.40711265802383423,0.756523609161377
107,0.3733789324760437,0.6754305958747864,0.41623514890670776,0.7302268743515015
108,0.3763563930988312,0.7345404624938965,0.42333635687828064,0.7992905974388123
109,0.34743136167526245,0.7150030732154846,0.38613951206207275,0.7506248950958252
110,0.38118135929107666,0.7085914611816406,0.4213292896747589,0.7564700841903687
111,0.3519681692123413,0.7342901229858398,0.39160576462745667,0.7661313414573669
112,0.353988379240036,0.7117012143135071,0.393467515707016,0.7535668611526489
113,0.389878511428833,0.7024162411689758,0.43161123991012573,0.7521767020225525
114,0.3686348795890808,0.7484146356582642,0.4033876359462738,0.766480028629303
115,0.35865524411201477,0.7427036166191101,0.39596936106681824,0.7638046741485596
116,0.35787665843963623,0.6973199844360352,0.3937899172306061,0.728375256061554
117,0.3514917492866516,0.7223641872406006,0.38347363471984863,0.7341974377632141
118,0.3682495057582855,0.7402127981185913,0.4062492549419403,0.7792003154754639
119,0.35203370451927185,0.7123459577560425,0.3903167247772217,0.7552001476287842
120,0.357464075088501,0.7430867552757263,0.38951465487480164,0.7700279951095581
121,0.37239310145378113,0.7474623918533325,0.4060263931751251,0.7574564814567566
122,0.3497244417667389,0.7616592049598694,0.37807750701904297,0.7791481018066406
123,0.3513451814651489,0.7296932935714722,0.3882582187652588,0.7710597515106201
124,0.3769267201423645,0.7522473335266113,0.4208346903324127,0.8051114678382874
125,0.37406614422798157,0.7235981822013855,0.40498441457748413,0.7444444894790649
126,0.35569408535957336,0.7211831212043762,0.3947918713092804,0.7654672861099243
127,0.3652600944042206,0.7435747385025024,0.4053013026714325,0.7940701842308044
128,0.368607759475708,0.6878818869590759,0.40168869495391846,0.7109360694885254
129,0.3562858998775482,0.7128148674964905,0.39158159494400024,0.7537681460380554
130,0.3583787977695465,0.7485243678092957,0.39603692293167114,0.7927991151809692
131,0.34179243445396423,0.7384142875671387,0.37204238772392273,0.7622551321983337
132,0.3577843904495239,0.681757390499115,0.39006415009498596,0.7075121402740479
133,0.36384323239326477,0.7658727169036865,0.3958149552345276,0.7900453209877014
134,0.35767388343811035,0.7166639566421509,0.39392784237861633,0.765629768371582
135,0.3622901737689972,0.7159022688865662,0.3984191119670868,0.74644535779953
136,0.3582606017589569,0.7665345072746277,0.38848668336868286,0.7804822325706482
137,0.3449057638645172,0.7421280741691589,0.37117597460746765,0.7519673109054565
138,0.3621198832988739,0.7487564086914062,0.3900739550590515,0.7521241903305054
139,0.35928311944007874,0.7104442119598389,0.38568437099456787,0.7180420160293579
140,0.39136576652526855,0.7326549887657166,0.42011237144470215,0.7462459802627563
141,0.33803579211235046,0.731539249420166,0.3638201653957367,0.7319149374961853
142,0.3607461452484131,0.7499033212661743,0.38787445425987244,0.7591702342033386
143,0.3786797523498535,0.7791851162910461,0.4002092480659485,0.7715502381324768
144,0.3819895386695862,0.8672961592674255,0.4196736514568329,0.8806264996528625
145,0.3582805097103119,0.7499672174453735,0.38514870405197144,0.7606431841850281
146,0.3742658197879791,0.8164231181144714,0.40657031536102295,0.8361974358558655
147,0.35772576928138733,0.7855516076087952,0.38515377044677734,0.8025100827217102
148,0.3600868284702301,0.7681683897972107,0.39570891857147217,0.8021700978279114
149,0.3643377721309662,0.7880690693855286,0.3941868543624878,0.8035998940467834
150,0.3602541983127594,0.7128207087516785,0.3912228047847748,0.7363801002502441
151,0.3731125295162201,0.738764226436615,0.4027683138847351,0.7675058841705322
152,0.34203940629959106,0.7651380896568298,0.3642600476741791,0.7768983840942383
153,0.333032488822937,0.8038215041160583,0.3518005311489105,0.8047121167182922
154,0.33911097049713135,0.7970151305198669,0.3554288446903229,0.7930266857147217
155,0.3363170325756073,0.8222008943557739,0.35474586486816406,0.830328643321991
156,0.33103808760643005,0.8449400067329407,0.34138163924217224,0.826320469379425
157,0.3278149366378784,0.8774120211601257,0.3379533886909485,0.8613949418067932
158,0.33450543880462646,0.8515498042106628,0.3429577052593231,0.8304780721664429
159,0.3356422483921051,0.8413749933242798,0.3446494936943054,0.82435142993927
160,0.3356302082538605,0.8564668297767639,0.34345126152038574,0.8386041522026062
161,0.33829495310783386,0.8586753606796265,0.3453912138938904,0.8435229659080505
162,0.33705610036849976,0.8475801944732666,0.34335073828697205,0.8290215134620667
163,0.34444287419319153,0.8923384547233582,0.3478199541568756,0.866820752620697
164,0.33859628438949585,0.8735634684562683,0.34024444222450256,0.8434487581253052
165,0.34038060903549194,0.8605777621269226,0.3398703336715698,0.825160026550293
166,0.3353157937526703,0.877903163433075,0.3326520621776581,0.8407133221626282
167,0.3345600962638855,0.89600670337677,0.33311715722084045,0.8592787384986877
168,0.34412333369255066,0.87330162525177,0.3407512605190277,0.828061044216156
169,0.34775111079216003,0.9080994129180908,0.3463596999645233,0.8678604364395142
170,0.3499254584312439,0.9156997203826904,0.3458670973777771,0.8692570924758911
171,0.34971389174461365,0.9159160256385803,0.34771376848220825,0.8785896301269531
172,0.34609341621398926,0.9013796448707581,0.3416306972503662,0.8529633283615112
173,0.3501373529434204,0.915289580821991,0.3479793071746826,0.8733267784118652
174,0.3421725034713745,0.9085508584976196,0.3366977870464325,0.8659278750419617
175,0.35816603899002075,0.8663823008537292,0.356714129447937,0.8273091912269592
176,0.3511534333229065,0.9129790663719177,0.34363365173339844,0.8605002164840698
177,0.3573443591594696,0.9527937769889832,0.3506602346897125,0.9031049013137817
178,0.3573354482650757,0.9155145883560181,0.35568326711654663,0.8853662014007568
179,0.37209105491638184,0.9245178699493408,0.3720535635948181,0.882995069026947
180,0.3568752706050873,0.914912760257721,0.3498997390270233,0.8624873161315918
181,0.35905206203460693,0.9347949028015137,0.35439780354499817,0.8885293006896973
182,0.3683507740497589,0.9343997836112976,0.36525222659111023,0.8925357460975647
183,0.3567546606063843,0.9565980434417725,0.3479728400707245,0.8978378772735596
184,0.3541560471057892,0.9548642635345459,0.34222742915153503,0.8957788348197937
185,0.3584381639957428,0.9386335015296936,0.3492830693721771,0.8864368200302124
186,0.363600492477417,0.9439888000488281,0.3547349274158478,0.8927927613258362
187,0.36102792620658875,0.9263910055160522,0.3480570912361145,0.864529013633728
188,0.35447409749031067,0.9369025230407715,0.34318578243255615,0.8799440860748291
189,0.35993388295173645,0.9295532703399658,0.3480173349380493,0.8736470341682434
190,0.3634587824344635,0.9578656554222107,0.34637483954429626,0.8843861818313599
191,0.35469192266464233,0.9177360534667969,0.338811993598938,0.848194420337677
192,0.35665401816368103,0.9438900947570801,0.34037232398986816,0.8747556805610657
193,0.3582756519317627,0.9525453448295593,0.3402852714061737,0.8751147389411926
194,0.35888487100601196,0.9707454442977905,0.34128648042678833,0.8991450071334839
195,0.35663819313049316,0.9614958763122559,0.3352785110473633,0.87651526927948
196,0.3623911440372467,0.9448294639587402,0.34877100586891174,0.880691409111023
197,0.3601391315460205,0.9428675174713135,0.340237021446228,0.8598873615264893
198,0.35353589057922363,0.9059697389602661,0.335193008184433,0.8262584209442139
199,0.36326614022254944,0.9507691860198975,0.34527328610420227,0.8803421854972839
200,0.3641729950904846,0.9491925239562988,0.34713152050971985,0.8783961534500122
201,0.3642919361591339,0.9732761383056641,0.3422885537147522,0.8888702392578125
202,0.3632437288761139,0.9589830040931702,0.34341272711753845,0.8806175589561462
203,0.36684104800224304,0.9650436639785767,0.3485110104084015,0.886711835861206
204,0.37145358324050903,1.0438487529754639,0.3519992530345917,0.9733416438102722
205,0.3671579957008362,0.9681591391563416,0.34532788395881653,0.8824381232261658
206,0.3757792115211487,0.9580663442611694,0.35775837302207947,0.8892260193824768
207,0.37764838337898254,0.9696497917175293,0.3611255884170532,0.9090114235877991
208,0.3690132200717926,0.9755650162696838,0.3462132513523102,0.8928738832473755
209,0.37068191170692444,0.9858444929122925,0.3456301987171173,0.8959372639656067
210,0.3828588128089905,1.024876356124878,0.357250452041626,0.9333353042602539
211,0.3747147023677826,1.0131837129592896,0.3477587103843689,0.9172690510749817
212,0.3813437819480896,0.9792340397834778,0.35664910078048706,0.8892581462860107
213,0.36432355642318726,0.9740681648254395,0.33662763237953186,0.8782960772514343
214,0.3722483217716217,0.970685601234436,0.34748002886772156,0.8808837532997131
215,0.3841046988964081,1.000765085220337,0.35938942432403564,0.9134988188743591
216,0.37835249304771423,1.012213945388794,0.3512948751449585,0.9195641875267029
217,0.3880690038204193,0.987098217010498,0.35997918248176575,0.8888474106788635
218,0.38438746333122253,1.012211561203003,0.3595331311225891,0.9255601167678833
219,0.37670236825942993,0.9890173077583313,0.34924086928367615,0.8940471410751343
220,0.38183754682540894,1.0064756870269775,0.35353589057922363,0.9072927832603455
221,0.37890562415122986,0.9931619763374329,0.35322335362434387,0.9033064246177673
222,0.3835535943508148,1.026126503944397,0.35596591234207153,0.9337558746337891
223,0.3725680410861969,1.0510692596435547,0.34245365858078003,0.9494113326072693
224,0.38127458095550537,1.0076829195022583,0.3527907729148865,0.9123094081878662
225,0.3746223747730255,1.0549628734588623,0.34747961163520813,0.9619354009628296
226,0.37832343578338623,1.0351841449737549,0.34776440262794495,0.9316844940185547
227,0.3846772015094757,1.0111193656921387,0.35629937052726746,0.9101095795631409
228,0.38285529613494873,0.995945155620575,0.35502007603645325,0.8970063328742981
229,0.39014822244644165,1.0205814838409424,0.3651464879512787,0.9319257140159607
230,0.39120805263519287,1.0331473350524902,0.3615870177745819,0.9306186437606812
231,0.3905948996543884,1.0258513689041138,0.3620110750198364,0.929554283618927
232,0.3953219950199127,1.0233182907104492,0.36385104060173035,0.9165030717849731
233,0.3848016560077667,1.0508415699005127,0.3561977744102478,0.9541423320770264
234,0.3788415789604187,1.0378872156143188,0.34790071845054626,0.9326233863830566
235,0.39024728536605835,1.045958161354065,0.35946643352508545,0.9400376081466675
236,0.38719648122787476,1.0442060232162476,0.35495725274086,0.9323227405548096
237,0.38804128766059875,1.0326489210128784,0.35421037673950195,0.9236394166946411
238,0.39205747842788696,1.080530047416687,0.3563648760318756,0.960777997970581
239,0.39037588238716125,1.0288469791412354,0.3590320944786072,0.9160534739494324
240,0.38544028997421265,1.0436948537826538,0.34949666261672974,0.9250643253326416
241,0.3832899034023285,1.0069023370742798,0.3576669991016388,0.9171320796012878
242,0.393105685710907,1.0159729719161987,0.36746859550476074,0.9289995431900024
243,0.3993781805038452,1.0311977863311768,0.36724722385406494,0.9272482395172119
244,0.40107429027557373,1.0616503953933716,0.36914995312690735,0.9532709717750549
245,0.391822874546051,1.0376617908477783,0.3621840178966522,0.9357515573501587
246,0.40117740631103516,1.0736092329025269,0.3702869117259979,0.9727174639701843
247,0.38541263341903687,1.0300793647766113,0.3569880723953247,0.9341727495193481
248,0.3857285976409912,1.0596287250518799,0.35445937514305115,0.9560654759407043
249,0.38316431641578674,1.0794953107833862,0.3443606495857239,0.9557696580886841
250,0.40095993876457214,1.050244688987732,0.37183037400245667,0.951654851436615
251,0.3886246681213379,1.074354648590088,0.35177329182624817,0.9602270126342773
252,0.39094921946525574,1.0648622512817383,0.3584204316139221,0.9621202349662781
253,0.39581260085105896,1.0642130374908447,0.3664320111274719,0.9654392600059509
254,0.38539838790893555,1.0698574781417847,0.35127556324005127,0.9610671401023865
255,0.38942950963974,1.0365643501281738,0.36255013942718506,0.9509580135345459
256,0.39551451802253723,1.0685852766036987,0.36232513189315796,0.9652761220932007
257,0.3990435004234314,1.0495505332946777,0.36540746688842773,0.9385928511619568
258,0.402617484331131,1.0619007349014282,0.37366318702697754,0.9696396589279175
259,0.387906551361084,1.0723826885223389,0.35566866397857666,0.9740127921104431
260,0.3944777846336365,1.0127776861190796,0.363097608089447,0.9079614281654358
261,0.40285205841064453,1.06326425075531,0.3729293942451477,0.9711584448814392
262,0.3987853527069092,1.0519659519195557,0.3693481683731079,0.9631187915802002
263,0.398369699716568,1.0815457105636597,0.3664325177669525,0.9827415347099304
264,0.38996079564094543,1.0611937046051025,0.35685819387435913,0.9597240090370178
265,0.4031776189804077,1.0598318576812744,0.36931347846984863,0.9586746692657471
266,0.392442524433136,1.077606439590454,0.3546379804611206,0.9589675068855286
267,0.3953098952770233,1.0749437808990479,0.35691338777542114,0.9575883150100708
268,0.395950585603714,1.0809402465820312,0.35884833335876465,0.9672478437423706
269,0.394873708486557,1.0487864017486572,0.3654819130897522,0.9606790542602539
270,0.4002454876899719,1.083245038986206,0.36618953943252563,0.9800644516944885
271,0.4021919071674347,1.0627021789550781,0.36742812395095825,0.9562830924987793
272,0.3994984030723572,1.0854456424713135,0.36341676115989685,0.9802453517913818
273,0.4011405110359192,1.09458327293396,0.36542773246765137,0.992931067943573
274,0.397114098072052,1.0449775457382202,0.36463841795921326,0.9495751261711121
275,0.4054669737815857,1.1661540269851685,0.35783201456069946,1.0290122032165527
276,0.4033202528953552,1.0977849960327148,0.36250630021095276,0.9727423191070557
277,0.40337228775024414,1.0682073831558228,0.36759504675865173,0.9581192135810852
278,0.4151500165462494,1.1086559295654297,0.37998849153518677,1.0074422359466553
279,0.39461749792099,1.0676552057266235,0.35266807675361633,0.9390314817428589
280,0.39707526564598083,1.0857651233673096,0.357693612575531,0.9671108722686768
281,0.4089822769165039,1.1085033416748047,0.3715279698371887,0.9943147301673889
282,0.400573194026947,1.066671371459961,0.3612981140613556,0.9503203630447388
283,0.4012826085090637,1.0725781917572021,0.3661259412765503,0.9704626798629761
284,0.40833258628845215,1.1272343397140503,0.3671051859855652,1.0055289268493652
285,0.41421300172805786,1.0788426399230957,0.3757668435573578,0.9613759517669678
286,0.39874598383903503,1.0569747686386108,0.3664714992046356,0.9521907567977905
287,0.4056050777435303,1.0533839464187622,0.3676717281341553,0.934346616268158
288,0.4002317190170288,1.0999948978424072,0.36186787486076355,0.9850113987922668
289,0.4016183018684387,1.060705542564392,0.3614496886730194,0.9323989152908325
290,0.4041537046432495,1.0631227493286133,0.3646653890609741,0.9316144585609436
291,0.4045376479625702,1.0877381563186646,0.3636179268360138,0.9559378027915955
292,0.40788474678993225,1.12004816532135,0.3679733872413635,0.9945825338363647
293,0.4008936583995819,1.0764029026031494,0.3653980493545532,0.9660308957099915
294,0.3956204652786255,1.0776116847991943,0.3574330806732178,0.958057701587677
295,0.4041302502155304,1.0880399942398071,0.36433014273643494,0.9662855267524719
296,0.41054320335388184,1.103222131729126,0.3737642765045166,0.9912158846855164
297,0.4098866581916809,1.0967323780059814,0.3735685348510742,0.9856746196746826
298,0.4096265435218811,1.0804153680801392,0.37246406078338623,0.9713667035102844
299,0.40944692492485046,1.1023507118225098,0.3709230422973633,0.9864720702171326
300,0.4008283317089081,1.0787625312805176,0.36241403222084045,0.9623312950134277
301,0.4158390760421753,1.0642564296722412,0.3814838230609894,0.9580631852149963
302,0.4072097837924957,1.0761291980743408,0.36847537755966187,0.9594329595565796
303,0.4085080325603485,1.1120975017547607,0.36701518297195435,0.9889793395996094
304,0.4078088402748108,1.0579307079315186,0.3696322739124298,0.9441571235656738
305,0.4080415964126587,1.1268244981765747,0.36639848351478577,1.007017731666565
306,0.4131547212600708,1.095939040184021,0.3745260238647461,0.9828447699546814
