1,1.3356908559799194,0.3357149362564087,1.5157371759414673,0.41399985551834106
2,1.2865726947784424,0.34681785106658936,1.4759589433670044,0.40259063243865967
3,1.2718833684921265,0.3561035990715027,1.5028197765350342,0.39079031348228455
4,1.1617876291275024,0.40524542331695557,1.4797290563583374,0.4284125864505768
5,1.072980284690857,0.4515087604522705,1.4924485683441162,0.45434796810150146
6,1.072980284690857,0.4515087604522705,1.4924485683441162,0.45434796810150146
7,0.39149701595306396,0.38785985112190247,0.6313466429710388,0.5818190574645996
8,0.32865768671035767,0.40352770686149597,0.5321460962295532,0.625200092792511
9,0.34115761518478394,0.37212830781936646,0.5389002561569214,0.6074185967445374
10,0.31949371099472046,0.39277520775794983,0.5003357529640198,0.6169553995132446
11,0.3066343665122986,0.381889283657074,0.4855116605758667,0.6064881086349487
12,0.338180273771286,0.3863923251628876,0.5075552463531494,0.5950911641120911
13,0.32560718059539795,0.3882516026496887,0.4958796799182892,0.6069162487983704
14,0.335737943649292,0.42188748717308044,0.5086610913276672,0.6451796889305115
15,0.3231755495071411,0.40913841128349304,0.48936954140663147,0.6248850226402283
16,0.30294352769851685,0.43060338497161865,0.4594781994819641,0.6373621821403503
17,0.33354270458221436,0.39603370428085327,0.48849934339523315,0.608647346496582
18,0.3191640377044678,0.4023946225643158,0.47139596939086914,0.6024631857872009
19,0.3062743544578552,0.43344688415527344,0.4457777440547943,0.6201683878898621
20,0.29930660128593445,0.43146419525146484,0.4476109743118286,0.6250081062316895
21,0.30373507738113403,0.42484450340270996,0.44456636905670166,0.6113382577896118
22,0.31528162956237793,0.4583209753036499,0.45601046085357666,0.6408411860466003
23,0.3248592019081116,0.4047639071941376,0.46474969387054443,0.5935755372047424
24,0.3325445353984833,0.4307634234428406,0.4746190309524536,0.6174283027648926
25,0.33763784170150757,0.4430306851863861,0.4793541133403778,0.6321642398834229
26,0.30760854482650757,0.48303309082984924,0.4490940570831299,0.6758822798728943
27,0.32989585399627686,0.4691254198551178,0.47664251923561096,0.6593611240386963
28,0.3141297996044159,0.5229716897010803,0.4486176073551178,0.6937248706817627
29,0.35273170471191406,0.4662412106990814,0.49540653824806213,0.641689658164978
30,0.35170137882232666,0.45420655608177185,0.48375779390335083,0.616645336151123
31,0.33334699273109436,0.4814518988132477,0.46767762303352356,0.6508232355117798
32,0.3333529829978943,0.5020433664321899,0.4712774455547333,0.6650032997131348
33,0.3238767087459564,0.5244696140289307,0.4535125494003296,0.6703896522521973
34,0.351468563079834,0.49450933933258057,0.473495215177536,0.6387696862220764
35,0.33512958884239197,0.5465705394744873,0.46107786893844604,0.704643964767456
36,0.3306507170200348,0.5119949579238892,0.46204736828804016,0.6572040915489197
37,0.3518005907535553,0.5220310091972351,0.4764848053455353,0.669895350933075
38,0.34342002868652344,0.5241138339042664,0.48069101572036743,0.6862089037895203
39,0.3446158170700073,0.5438265204429626,0.4811248481273651,0.7082814574241638
40,0.36533406376838684,0.5284830331802368,0.49026134610176086,0.6781028509140015
41,0.353017121553421,0.4971625506877899,0.47780895233154297,0.6376746892929077
42,0.35059162974357605,0.5462891459465027,0.4760275185108185,0.6976253986358643
43,0.3332235515117645,0.5670498609542847,0.46219417452812195,0.7210760116577148
44,0.34020352363586426,0.5848765969276428,0.4711906909942627,0.7411220669746399
45,0.31608542799949646,0.5440927147865295,0.4353487491607666,0.686018168926239
46,0.36392536759376526,0.594470739364624,0.4931178092956543,0.758072555065155
47,0.3606596887111664,0.5430018901824951,0.4783565402030945,0.672682523727417
48,0.33678898215293884,0.5799416303634644,0.452868789434433,0.7276605367660522
49,0.34496304392814636,0.5563651919364929,0.463941752910614,0.6809542179107666
50,0.36435964703559875,0.5484437942504883,0.47762829065322876,0.6784321665763855
51,0.35622259974479675,0.5468857884407043,0.4709126949310303,0.6685910224914551
52,0.3566916882991791,0.5546550750732422,0.4693136215209961,0.677130937576294
53,0.3451429009437561,0.560444176197052,0.4609866738319397,0.6785506010055542
54,0.3573301136493683,0.5560322999954224,0.4620715379714966,0.6687577962875366
55,0.34208279848098755,0.5768096446990967,0.45689570903778076,0.7114577293395996
56,0.3581957221031189,0.5524295568466187,0.457113653421402,0.6533107757568359
57,0.39343443512916565,0.5617963075637817,0.5100719928741455,0.7011715769767761
58,0.37082627415657043,0.5816723108291626,0.4911302626132965,0.7146907448768616
59,0.375428706407547,0.5573421716690063,0.48707646131515503,0.6757434606552124
60,0.34604373574256897,0.6026982069015503,0.46337655186653137,0.7283210754394531
61,0.34672296047210693,0.5774821043014526,0.4557284116744995,0.6904662847518921
62,0.3617900311946869,0.6266983151435852,0.48555126786231995,0.7543522119522095
63,0.36546629667282104,0.6089203357696533,0.4675488770008087,0.7067604064941406
64,0.3669998049736023,0.6425983905792236,0.48187753558158875,0.7819127440452576
65,0.35991352796554565,0.5940402746200562,0.4658190906047821,0.6986410617828369
66,0.4137217402458191,0.6272100806236267,0.5214934349060059,0.7403654456138611
67,0.3732532858848572,0.6056140065193176,0.47637420892715454,0.7100198268890381
68,0.38376671075820923,0.5965938568115234,0.48853549361228943,0.6863977313041687
69,0.36879217624664307,0.6758036613464355,0.47541671991348267,0.7824866771697998
70,0.3633817136287689,0.5904356241226196,0.4652974307537079,0.6843222975730896
71,0.3693176805973053,0.6006099581718445,0.46408647298812866,0.6986039280891418
72,0.36484935879707336,0.6465829610824585,0.46429136395454407,0.7478702068328857
73,0.36921900510787964,0.6193461418151855,0.4664832651615143,0.7002416849136353
74,0.3582128882408142,0.6017627120018005,0.45018813014030457,0.6695430874824524
75,0.3487660586833954,0.6657809615135193,0.4413875937461853,0.7466872334480286
76,0.3752248287200928,0.5823268890380859,0.4616475999355316,0.6496512293815613
77,0.3601072430610657,0.6056773662567139,0.454098105430603,0.6816495060920715
78,0.37733015418052673,0.577640950679779,0.4667506217956543,0.6497735977172852
79,0.37734803557395935,0.6058772802352905,0.4718747138977051,0.6686651110649109
80,0.35969629883766174,0.5843330025672913,0.4539913535118103,0.6673157811164856
81,0.3734246790409088,0.5995194911956787,0.4654424786567688,0.6811452507972717
82,0.36923184990882874,0.5992648601531982,0.46314308047294617,0.6639830470085144
83,0.365794837474823,0.6042317152023315,0.4618619382381439,0.6835119128227234
84,0.3535938858985901,0.6194161772727966,0.4529774487018585,0.7002667188644409
85,0.3521067798137665,0.6235976219177246,0.44548630714416504,0.7205479741096497
86,0.34935352206230164,0.6000401973724365,0.43723079562187195,0.6736488938331604
87,0.3838345408439636,0.5984208583831787,0.4641246795654297,0.6364176273345947
88,0.38101285696029663,0.6476582884788513,0.4842017590999603,0.7232917547225952
89,0.3740168511867523,0.6399361491203308,0.4749319553375244,0.7537450790405273
90,0.38268667459487915,0.623205840587616,0.4701984226703644,0.6855910420417786
91,0.37418118119239807,0.6380103826522827,0.4766950309276581,0.7169973850250244
92,0.3700769543647766,0.6209629774093628,0.4643756151199341,0.6904388666152954
93,0.36304986476898193,0.6300907135009766,0.4351961314678192,0.6515642404556274
94,0.37601664662361145,0.6411492228507996,0.45534706115722656,0.67985999584198
95,0.3545112609863281,0.6663305759429932,0.4374881684780121,0.7133395671844482
96,0.397770494222641,0.5927173495292664,0.4793756306171417,0.6461551189422607
97,0.35830312967300415,0.6517707109451294,0.43968915939331055,0.6978731155395508
98,0.37171006202697754,0.6560637354850769,0.4472229778766632,0.699023425579071
99,0.38901782035827637,0.6508545279502869,0.4712025225162506,0.7101083397865295
100,0.3701950013637543,0.661329448223114,0.45210522413253784,0.6974674463272095
101,0.382456511259079,0.6580204963684082,0.4589073359966278,0.6777852177619934
102,0.3771510720252991,0.6779807806015015,0.46422433853149414,0.7352376580238342
103,0.38266927003860474,0.6087940335273743,0.45974430441856384,0.6537683606147766
104,0.3752165138721466,0.6212199926376343,0.4464394152164459,0.6580479145050049
105,0.3744492530822754,0.6839668154716492,0.45118045806884766,0.7210107445716858
106,0.36759302020072937,0.6431823372840881,0.44707995653152466,0.6870633959770203
107,0.38635584712028503,0.6997747421264648,0.47032785415649414,0.7440913319587708
108,0.38935011625289917,0.6554602980613708,0.470584511756897,0.7005840539932251
109,0.38106438517570496,0.6455786228179932,0.4545286297798157,0.6763293743133545
110,0.3746833801269531,0.6897017359733582,0.4565547704696655,0.7352010011672974
111,0.37646767497062683,0.6963095664978027,0.45448002219200134,0.7276968359947205
112,0.3889201283454895,0.6583392024040222,0.4651183784008026,0.6875736713409424
113,0.3912411630153656,0.6664252877235413,0.4668408930301666,0.7119214534759521
114,0.3571314215660095,0.6989272236824036,0.4253167510032654,0.705946147441864
115,0.39446747303009033,0.7044028043746948,0.4715661108493805,0.7299811244010925
116,0.38329577445983887,0.7142505645751953,0.46714887022972107,0.7850587964057922
117,0.3826977610588074,0.6316642761230469,0.46151402592658997,0.6800325512886047
118,0.38077259063720703,0.677615761756897,0.4552052617073059,0.7045341730117798
119,0.3787655234336853,0.6741750836372375,0.4506191313266754,0.7024443745613098
120,0.39530736207962036,0.7006281614303589,0.4673275947570801,0.7211790680885315
121,0.4073871076107025,0.6525146961212158,0.4857357442378998,0.6912534236907959
122,0.3948712944984436,0.6996552348136902,0.47228410840034485,0.7289559841156006
123,0.3923655152320862,0.6400545835494995,0.4544798731803894,0.6358668208122253
124,0.3664584159851074,0.6874436736106873,0.43265360593795776,0.6992130279541016
125,0.39422231912612915,0.6993828415870667,0.45367079973220825,0.7097038626670837
126,0.4044906198978424,0.6895788311958313,0.4603895843029022,0.6814661026000977
127,0.3854270279407501,0.6743269562721252,0.4477912485599518,0.6833975315093994
128,0.37253257632255554,0.689489483833313,0.43782666325569153,0.6951334476470947
129,0.368108332157135,0.6668456196784973,0.43246781826019287,0.6776915192604065
130,0.37576690316200256,0.6828012466430664,0.437666118144989,0.69432532787323
131,0.3881114423274994,0.7007997035980225,0.445907860994339,0.6950191855430603
132,0.3797982931137085,0.7320627570152283,0.432620644569397,0.7110010385513306
133,0.3937167525291443,0.6822690367698669,0.4552176892757416,0.693182110786438
134,0.403372585773468,0.7032158374786377,0.4675091803073883,0.704746425151825
135,0.4014144837856293,0.735370397567749,0.46748802065849304,0.7315890789031982
136,0.3685668110847473,0.699422299861908,0.42917460203170776,0.6957615613937378
137,0.36938348412513733,0.7111524343490601,0.43443647027015686,0.7221551537513733
138,0.3955608308315277,0.6775095462799072,0.45791947841644287,0.6923447251319885
139,0.38050079345703125,0.7078713774681091,0.43996912240982056,0.7108439207077026
140,0.4166713058948517,0.6956246495246887,0.48065030574798584,0.7042436599731445
141,0.3783392906188965,0.7165586352348328,0.4314480721950531,0.706082284450531
142,0.3919288218021393,0.7177092432975769,0.44488248229026794,0.6929906010627747
143,0.39742130041122437,0.7051392793655396,0.45059138536453247,0.6979443430900574
144,0.3898431658744812,0.7159553170204163,0.4555143713951111,0.7269184589385986
145,0.4115464389324188,0.7322127223014832,0.4646323323249817,0.7093441486358643
146,0.37762221693992615,0.7264775037765503,0.4370214343070984,0.7289103269577026
147,0.3855746388435364,0.7245214581489563,0.4414445459842682,0.7092916369438171
148,0.3871935307979584,0.7343944907188416,0.44405990839004517,0.7278607487678528
149,0.38093361258506775,0.7666275501251221,0.4350735545158386,0.7538313269615173
150,0.3915703296661377,0.7714495062828064,0.44250431656837463,0.7411092519760132
151,0.3857828676700592,0.7426571846008301,0.42839643359184265,0.707352340221405
152,0.3649986684322357,0.7630050182342529,0.3873499631881714,0.6806037425994873
153,0.36275726556777954,0.7825183868408203,0.3762674629688263,0.6758651733398438
154,0.36771294474601746,0.8342841863632202,0.3760223984718323,0.7103536128997803
155,0.3631057143211365,0.8514713644981384,0.36614352464675903,0.7130336165428162
156,0.36680757999420166,0.8841736316680908,0.36256492137908936,0.7283152937889099
157,0.3615175485610962,0.8882529139518738,0.35236620903015137,0.7278029918670654
158,0.37011033296585083,0.8945788741111755,0.3556348383426666,0.7227420210838318
159,0.37344712018966675,0.895972728729248,0.35676077008247375,0.7162540555000305
160,0.37761884927749634,0.9208050966262817,0.3600977659225464,0.7318918108940125
161,0.3746243119239807,0.923130989074707,0.3518018126487732,0.7257416248321533
162,0.37687739729881287,0.9184890389442444,0.3543371558189392,0.7216925024986267
163,0.38320475816726685,0.9552087783813477,0.3578863739967346,0.7482079267501831
164,0.38575658202171326,0.9759302735328674,0.3535459637641907,0.7540682554244995
165,0.38695913553237915,0.9461386203765869,0.35703662037849426,0.7339961528778076
166,0.3834889531135559,0.9677622318267822,0.34768277406692505,0.7407872080802917
167,0.38253363966941833,0.9909424781799316,0.3436940908432007,0.7601116299629211
168,0.38007763028144836,0.9807080030441284,0.3430141806602478,0.7542806267738342
169,0.3894217610359192,0.9409369230270386,0.3576147258281708,0.7327523827552795
170,0.39071276783943176,0.9998112916946411,0.3461986184120178,0.7560582756996155
171,0.3941456973552704,1.0275965929031372,0.3414756953716278,0.7670004367828369
172,0.40117016434669495,1.0437250137329102,0.3476595878601074,0.7700024843215942
173,0.3955213725566864,1.0029487609863281,0.34457939863204956,0.7456228137016296
174,0.40818268060684204,1.0649869441986084,0.35033783316612244,0.78339022397995
175,0.41495054960250854,1.1365501880645752,0.3676632344722748,0.88676518201828
176,0.4081076979637146,1.0466467142105103,0.34947630763053894,0.7595505714416504
177,0.40575921535491943,1.0457251071929932,0.3485802412033081,0.7734828591346741
178,0.42110955715179443,1.0721510648727417,0.3687357008457184,0.8088451623916626
179,0.4122452139854431,1.0606157779693604,0.3461940586566925,0.7669382691383362
180,0.4198222756385803,1.0753101110458374,0.35649949312210083,0.7793086171150208
181,0.404121458530426,1.033315896987915,0.3438754975795746,0.753606915473938
182,0.40688610076904297,1.0529186725616455,0.34365811944007874,0.7668969631195068
183,0.4122033417224884,1.070144772529602,0.34588533639907837,0.7721173167228699
184,0.40669509768486023,1.060823678970337,0.3419892489910126,0.7808932065963745
185,0.4141443073749542,1.0715028047561646,0.3431936800479889,0.7679077982902527
186,0.4149739742279053,1.0771934986114502,0.34357771277427673,0.7689437866210938
187,0.41812118887901306,1.0893688201904297,0.34208330512046814,0.7727230191230774
188,0.4195924401283264,1.1118849515914917,0.3406107723712921,0.7870747447013855
189,0.42330360412597656,1.1022356748580933,0.3435967266559601,0.7768077850341797
190,0.42133629322052,1.103398323059082,0.33904391527175903,0.7727423310279846
191,0.4198929965496063,1.0910241603851318,0.342850923538208,0.7711209058761597
192,0.43147480487823486,1.1487785577774048,0.3462483882904053,0.8072565197944641
193,0.42753130197525024,1.1415234804153442,0.34444233775138855,0.8149219155311584
194,0.43710431456565857,1.1515345573425293,0.3473462164402008,0.8055044412612915
195,0.43846383690834045,1.1473534107208252,0.3517870008945465,0.8055675029754639
196,0.42740029096603394,1.1230767965316772,0.3420277237892151,0.788817286491394
197,0.43070849776268005,1.1259653568267822,0.3403041660785675,0.7793492674827576
198,0.42958107590675354,1.112776756286621,0.35679760575294495,0.8005610704421997
199,0.4299069046974182,1.1125636100769043,0.3446628153324127,0.776324450969696
200,0.43152034282684326,1.1291753053665161,0.3423331379890442,0.7862211465835571
201,0.43613213300704956,1.130443811416626,0.3444010317325592,0.7771141529083252
202,0.4365476071834564,1.1537470817565918,0.34250810742378235,0.7958082556724548
203,0.4466747045516968,1.148353099822998,0.35254737734794617,0.7960826754570007
204,0.45012137293815613,1.1305797100067139,0.356538861989975,0.7777867913246155
205,0.4408334791660309,1.176597237586975,0.33495911955833435,0.7881016135215759
206,0.4405823051929474,1.1210757493972778,0.34735020995140076,0.7738587260246277
207,0.4482871890068054,1.2002017498016357,0.3448779582977295,0.8130240440368652
208,0.45302242040634155,1.1786197423934937,0.35092586278915405,0.8004442453384399
209,0.4464641213417053,1.1532576084136963,0.3449181318283081,0.7831433415412903
210,0.44534480571746826,1.174223780632019,0.33771637082099915,0.7884528040885925
211,0.4595065116882324,1.190178632736206,0.35042446851730347,0.7941229343414307
212,0.44484245777130127,1.1582167148590088,0.3416975140571594,0.7937459349632263
213,0.45803695917129517,1.1960335969924927,0.35106849670410156,0.808188796043396
214,0.45705345273017883,1.1878082752227783,0.3464882969856262,0.8013218641281128
215,0.46472111344337463,1.2262498140335083,0.3491419553756714,0.8263159394264221
216,0.4627692997455597,1.2199846506118774,0.34327924251556396,0.800539493560791
217,0.46720272302627563,1.2088650465011597,0.3524490296840668,0.8072785139083862
218,0.4559076130390167,1.1714099645614624,0.34544241428375244,0.777349591255188
219,0.46448951959609985,1.2304672002792358,0.3408389985561371,0.8036524653434753
220,0.45985734462738037,1.2142421007156372,0.3425193727016449,0.8117465376853943
221,0.4611216187477112,1.1835628747940063,0.3452455401420593,0.7824878096580505
222,0.4614564776420593,1.2080929279327393,0.34286490082740784,0.7940195202827454
223,0.45844435691833496,1.1835877895355225,0.3425147533416748,0.7878555655479431
224,0.4578096866607666,1.245345115661621,0.3407607972621918,0.8422271013259888
225,0.4743518829345703,1.1955863237380981,0.36051881313323975,0.7962668538093567
226,0.4622640311717987,1.1916890144348145,0.3453390896320343,0.7927459478378296
227,0.4601309597492218,1.2055870294570923,0.3355703055858612,0.7782264351844788
228,0.4647916853427887,1.20469069480896,0.34486567974090576,0.7952620387077332
229,0.4779752790927887,1.2769452333450317,0.3380836844444275,0.8166988492012024
230,0.4817105829715729,1.2714184522628784,0.34902510046958923,0.8164668083190918
231,0.4753526747226715,1.21832275390625,0.35688459873199463,0.8019200563430786
232,0.47729024291038513,1.235835075378418,0.3477877676486969,0.8009083271026611
233,0.47510674595832825,1.2562756538391113,0.33562999963760376,0.7973061203956604
234,0.4803646206855774,1.2533824443817139,0.34677615761756897,0.8112926483154297
235,0.4817586839199066,1.240316390991211,0.3477798402309418,0.7954040765762329
236,0.48515409231185913,1.2840962409973145,0.3442511260509491,0.8154729604721069
237,0.488362193107605,1.2505991458892822,0.35100057721138,0.795496940612793
238,0.4877778887748718,1.264966368675232,0.35096439719200134,0.8148515224456787
239,0.492311030626297,1.2597453594207764,0.3570287525653839,0.8127853274345398
240,0.47519901394844055,1.2276159524917603,0.34637632966041565,0.7982696890830994
241,0.49206990003585815,1.3194701671600342,0.34175267815589905,0.8341382741928101
242,0.47388404607772827,1.2439687252044678,0.3384226858615875,0.7951945066452026
243,0.4924983084201813,1.2835508584976196,0.35076990723609924,0.8183841705322266
244,0.49709269404411316,1.2935212850570679,0.35515692830085754,0.8258841037750244
245,0.482585608959198,1.2408056259155273,0.3507458567619324,0.7987651228904724
246,0.48603078722953796,1.2799874544143677,0.33978310227394104,0.8033453822135925
247,0.49896377325057983,1.3243682384490967,0.34583228826522827,0.8293526768684387
248,0.4938417375087738,1.3012936115264893,0.33590224385261536,0.7987293004989624
249,0.4867076277732849,1.2896727323532104,0.33657756447792053,0.8060471415519714
250,0.4897708296775818,1.273777723312378,0.35012295842170715,0.8162463307380676
251,0.49265313148498535,1.300356388092041,0.33969375491142273,0.8087499141693115
252,0.5023790597915649,1.3210667371749878,0.3484887182712555,0.8226480484008789
253,0.48643824458122253,1.272318959236145,0.35273391008377075,0.8305472135543823
254,0.49235302209854126,1.2859152555465698,0.34693771600723267,0.818964421749115
255,0.4940843880176544,1.2795591354370117,0.3404368758201599,0.7917541861534119
256,0.4994099736213684,1.2822728157043457,0.3544628918170929,0.8241214156150818
257,0.49604466557502747,1.2915551662445068,0.34687528014183044,0.8107774257659912
258,0.5052018761634827,1.291046142578125,0.3584233224391937,0.8195377588272095
259,0.5059004426002502,1.3112928867340088,0.3592599034309387,0.8423124551773071
260,0.5023117065429688,1.292798638343811,0.35713595151901245,0.8309698104858398
261,0.4904499351978302,1.2146568298339844,0.361246258020401,0.7841832041740417
262,0.4908178448677063,1.2620792388916016,0.34546971321105957,0.802717924118042
263,0.49351033568382263,1.2635040283203125,0.34759002923965454,0.794985830783844
264,0.5120548009872437,1.3238096237182617,0.34785887598991394,0.8081099987030029
265,0.5129193663597107,1.3449538946151733,0.3479851186275482,0.834321916103363
266,0.5047569870948792,1.3140395879745483,0.3477981388568878,0.8201978802680969
267,0.5067365765571594,1.3054089546203613,0.34798282384872437,0.8046972751617432
268,0.4977598488330841,1.264469027519226,0.34859541058540344,0.7943846583366394
269,0.4915589690208435,1.2741754055023193,0.3354654610157013,0.7859007120132446
270,0.5086520314216614,1.3062459230422974,0.3419816493988037,0.7955927848815918
271,0.502875566482544,1.3033322095870972,0.3425496816635132,0.8064892888069153
272,0.5153258442878723,1.3286564350128174,0.35197821259498596,0.8181962370872498
273,0.49809715151786804,1.3031092882156372,0.33829835057258606,0.807793140411377
274,0.5205819606781006,1.354121208190918,0.3528454899787903,0.8357226848602295
275,0.5101947784423828,1.311904788017273,0.34776484966278076,0.8102794885635376
276,0.5139172077178955,1.3294880390167236,0.34900808334350586,0.832958459854126
277,0.5132123231887817,1.353006362915039,0.3400113582611084,0.8314316868782043
278,0.5175586342811584,1.3598659038543701,0.3464653491973877,0.8370100259780884
279,0.5319589376449585,1.3667480945587158,0.35721519589424133,0.8420146703720093
280,0.5189999341964722,1.331412672996521,0.3523029386997223,0.8162204027175903
281,0.5156190395355225,1.3462636470794678,0.34291520714759827,0.8272988796234131
282,0.5141329765319824,1.3106235265731812,0.3497962951660156,0.8115206956863403
283,0.5225884914398193,1.3752808570861816,0.34913668036460876,0.8496420979499817
284,0.49501168727874756,1.3034669160842896,0.3488181233406067,0.8177372813224792
285,0.5167893171310425,1.349525809288025,0.3415449261665344,0.8237094283103943
286,0.5014990568161011,1.2717564105987549,0.34880954027175903,0.8087117075920105
287,0.5196030735969543,1.2919747829437256,0.37206417322158813,0.8252002596855164
288,0.4906068742275238,1.2330751419067383,0.344002366065979,0.7668139338493347
289,0.5154628753662109,1.3069757223129272,0.35526323318481445,0.8109497427940369
290,0.5282348394393921,1.2881191968917847,0.3774714171886444,0.8099241256713867
291,0.5047166347503662,1.2821755409240723,0.34777167439460754,0.7956063747406006
292,0.509155809879303,1.3197805881500244,0.33930251002311707,0.8065478205680847
293,0.5206881165504456,1.3623090982437134,0.335563063621521,0.8183135986328125
294,0.5178717374801636,1.3130881786346436,0.35347503423690796,0.8081316947937012
295,0.5087445974349976,1.319514274597168,0.33864596486091614,0.8044151067733765
296,0.5167911052703857,1.3440600633621216,0.33805784583091736,0.813232958316803
297,0.5242646932601929,1.3532778024673462,0.3429039716720581,0.8099746108055115
298,0.5174077153205872,1.3294568061828613,0.3381722569465637,0.795051097869873
299,0.5239947438240051,1.3559027910232544,0.3439180254936218,0.8244810700416565
300,0.5234577655792236,1.3430938720703125,0.34599873423576355,0.8067145347595215
301,0.5254166126251221,1.3521860837936401,0.34527587890625,0.8131130933761597
302,0.5263093709945679,1.3505138158798218,0.3408667743206024,0.8007158637046814
303,0.5330797433853149,1.4007210731506348,0.33175039291381836,0.819395124912262
304,0.527401328086853,1.3614356517791748,0.3355119228363037,0.8018347024917603
305,0.5317245125770569,1.3753371238708496,0.3344060480594635,0.8012747168540955
306,0.5329484343528748,1.3615542650222778,0.3380238115787506,0.7960538864135742
307,0.5314149260520935,1.37946355342865,0.33216428756713867,0.8020918965339661
308,0.5400843024253845,1.4150255918502808,0.335303395986557,0.8238891959190369
309,0.5416077971458435,1.4038593769073486,0.3415786027908325,0.8267384171485901
310,0.5345793962478638,1.378990650177002,0.33613649010658264,0.7996647953987122
311,0.5376226305961609,1.3869773149490356,0.33873510360717773,0.8099496960639954
312,0.5443652868270874,1.4408740997314453,0.3299878239631653,0.83137047290802
313,0.5329665541648865,1.3762929439544678,0.3348534107208252,0.803604006767273
314,0.5428754687309265,1.3906279802322388,0.3432648181915283,0.8127530813217163
315,0.5360454320907593,1.3927960395812988,0.33206290006637573,0.8077498078346252
316,0.5437535643577576,1.408715844154358,0.3392544388771057,0.8219031691551208
317,0.5484321117401123,1.4439743757247925,0.3323427438735962,0.828626811504364
318,0.5358103513717651,1.3916946649551392,0.33180704712867737,0.802945613861084
319,0.5577143430709839,1.4826855659484863,0.3395373523235321,0.8578966856002808
320,0.5476951599121094,1.4298030138015747,0.33913546800613403,0.8347842693328857
321,0.548099160194397,1.4253544807434082,0.34229591488838196,0.8340466618537903
322,0.5448105931282043,1.4072595834732056,0.3398262560367584,0.821265697479248
323,0.545714259147644,1.4131287336349487,0.34144043922424316,0.828550398349762
324,0.546493649482727,1.4226819276809692,0.34192147850990295,0.8335477709770203
325,0.5394580364227295,1.3957042694091797,0.33718523383140564,0.8174693584442139
326,0.5485710501670837,1.4309017658233643,0.33781158924102783,0.8331485986709595
327,0.5502873063087463,1.4403308629989624,0.33594825863838196,0.8356382846832275
328,0.540454089641571,1.3959784507751465,0.33661165833473206,0.8142459392547607
329,0.5397576689720154,1.4075300693511963,0.33536168932914734,0.8189300894737244
330,0.5535807013511658,1.4485043287277222,0.340960294008255,0.8399532437324524
331,0.5554676651954651,1.4492043256759644,0.3418315351009369,0.8414537906646729
332,0.5503448247909546,1.4472392797470093,0.33314910531044006,0.8304094672203064
333,0.5458796620368958,1.4327967166900635,0.33333152532577515,0.82664555311203
334,0.5494889616966248,1.432498574256897,0.34015533328056335,0.8373376727104187
335,0.5505694150924683,1.423401951789856,0.34335362911224365,0.8344164490699768
336,0.554003119468689,1.4466110467910767,0.3390856087207794,0.8376022577285767
337,0.5464493036270142,1.4109225273132324,0.3366694152355194,0.8144079446792603
338,0.5534673929214478,1.4350117444992065,0.3399834632873535,0.8308823704719543
339,0.5430220365524292,1.406750202178955,0.3378117084503174,0.8198477029800415
340,0.5491746664047241,1.4332084655761719,0.3372707962989807,0.8320451378822327
341,0.5463969707489014,1.4123979806900024,0.3369259536266327,0.8167412281036377
342,0.5475417971611023,1.418631911277771,0.33749163150787354,0.8219179511070251
343,0.5473230481147766,1.4238442182540894,0.33575892448425293,0.8224685788154602
344,0.5587303638458252,1.4717799425125122,0.33837074041366577,0.8505786657333374
345,0.5534835457801819,1.4292314052581787,0.3440095782279968,0.8310202956199646
346,0.5517747402191162,1.441933035850525,0.336147278547287,0.8323609828948975
347,0.5538704991340637,1.4332925081253052,0.3429549038410187,0.83528733253479
348,0.5505667924880981,1.4404805898666382,0.3343890309333801,0.8349626660346985
349,0.5652489066123962,1.4787815809249878,0.3451327383518219,0.8582188487052917
350,0.5547181963920593,1.4447436332702637,0.33859866857528687,0.8391034007072449
351,0.5524758100509644,1.4246087074279785,0.3430684208869934,0.8304793238639832
352,0.5495513081550598,1.423441767692566,0.34041082859039307,0.827130913734436
353,0.5514399409294128,1.4436463117599487,0.33331623673439026,0.8302907943725586
354,0.5605104565620422,1.469661831855774,0.3407805562019348,0.8506982922554016
355,0.5566953420639038,1.4420112371444702,0.3419860899448395,0.8346649408340454
356,0.5549933314323425,1.436091423034668,0.3425171971321106,0.8339455723762512
357,0.5566225051879883,1.4634569883346558,0.33648523688316345,0.8452739715576172
358,0.5523566603660583,1.4311609268188477,0.3381117880344391,0.8256106972694397
359,0.5521893501281738,1.4160633087158203,0.3436667323112488,0.8234865069389343
360,0.5557531714439392,1.4592630863189697,0.33629080653190613,0.8463236689567566
