1,1.6391758918762207,0.24391598999500275,1.8373501300811768,0.2932964265346527
2,1.581727147102356,0.28158923983573914,1.7868696451187134,0.3088836669921875
3,1.548180341720581,0.2971850335597992,1.7805333137512207,0.31058573722839355
4,1.4447458982467651,0.3590092360973358,1.7465320825576782,0.35822269320487976
5,1.4280635118484497,0.4184723198413849,1.7937493324279785,0.3745817244052887
6,1.4162750244140625,0.41565048694610596,1.7954407930374146,0.37329912185668945
7,0.44865530729293823,0.5015732049942017,0.6736270189285278,0.6305038332939148
8,0.47820448875427246,0.5015164017677307,0.6083364486694336,0.5904168486595154
9,0.4624238908290863,0.5107325911521912,0.5446774959564209,0.5802019834518433
10,0.4549100399017334,0.5082916617393494,0.5226054787635803,0.5744311809539795
11,0.3919817805290222,0.47440043091773987,0.5222229361534119,0.6044093370437622
12,0.3696278929710388,0.4692396819591522,0.48411697149276733,0.5869055986404419
13,0.36256274580955505,0.481303334236145,0.47400394082069397,0.5993073582649231
14,0.42844638228416443,0.47461840510368347,0.5418765544891357,0.5877304673194885
15,0.3799285590648651,0.4859795570373535,0.48583361506462097,0.5968928337097168
16,0.38450610637664795,0.5197238326072693,0.4898921251296997,0.6328559517860413
17,0.4041444957256317,0.49515488743782043,0.49719658493995667,0.5901221632957458
18,0.4075590670108795,0.49253183603286743,0.5067821741104126,0.5942792296409607
19,0.3677724301815033,0.5010696649551392,0.4593404233455658,0.6050363183021545
20,0.3606128990650177,0.5247272253036499,0.4518488645553589,0.6272351145744324
21,0.3938322961330414,0.5103593468666077,0.4827844798564911,0.608286440372467
22,0.37707990407943726,0.5346709489822388,0.47068795561790466,0.6486193537712097
23,0.3973514437675476,0.49965983629226685,0.48459842801094055,0.5989871025085449
24,0.41592735052108765,0.5175793766975403,0.5017657279968262,0.6221101880073547
25,0.3842064142227173,0.529961884021759,0.4668810963630676,0.627280592918396
26,0.3626440167427063,0.5326610207557678,0.44565004110336304,0.6320412158966064
27,0.37937256693840027,0.5454341769218445,0.4599122703075409,0.6404750943183899
28,0.37529778480529785,0.5560896992683411,0.4555390179157257,0.6518912315368652
29,0.3886110186576843,0.5216667652130127,0.4593560993671417,0.5916308164596558
30,0.3626178503036499,0.5337058901786804,0.4377042353153229,0.6208420991897583
31,0.35606637597084045,0.5606154203414917,0.4297083616256714,0.6511828899383545
32,0.3667219281196594,0.5501182079315186,0.43631383776664734,0.6299722790718079
33,0.3958706855773926,0.5561382174491882,0.46454986929893494,0.6371076107025146
34,0.3886474370956421,0.5728209018707275,0.4527759253978729,0.6446182727813721
35,0.34862959384918213,0.5815669298171997,0.4198063611984253,0.6687467694282532
36,0.35271722078323364,0.5610841512680054,0.42232879996299744,0.6411479115486145
37,0.3602440357208252,0.5887531042098999,0.4287339150905609,0.6773682832717896
38,0.3550744652748108,0.5946342945098877,0.4239245057106018,0.681484043598175
39,0.36010533571243286,0.5741068124771118,0.42569321393966675,0.6534206867218018
40,0.36525797843933105,0.5799855589866638,0.43149837851524353,0.6649187207221985
41,0.3789689540863037,0.6164072155952454,0.43775808811187744,0.6746341586112976
42,0.35468050837516785,0.6122220754623413,0.411653071641922,0.6616799831390381
43,0.37701961398124695,0.5686727166175842,0.4409330487251282,0.6458807587623596
44,0.36958375573158264,0.5820267200469971,0.4321712553501129,0.6509260535240173
45,0.3448798954486847,0.5955678224563599,0.4032903015613556,0.6565220952033997
46,0.3883279860019684,0.5836126208305359,0.44655585289001465,0.6468839049339294
47,0.36291739344596863,0.6326566934585571,0.4245685636997223,0.6975719928741455
48,0.34057751297950745,0.6490899324417114,0.40213578939437866,0.7176579833030701
49,0.3747252821922302,0.6021784543991089,0.4336467981338501,0.6633017063140869
50,0.3666818141937256,0.6021406650543213,0.42472967505455017,0.6621657013893127
51,0.3487917184829712,0.6665487885475159,0.40608692169189453,0.7148584127426147
52,0.36066412925720215,0.6201568245887756,0.41428104043006897,0.6665080785751343
53,0.38789665699005127,0.6324230432510376,0.4471936821937561,0.6900764107704163
54,0.3768446743488312,0.616087019443512,0.42925670742988586,0.6577921509742737
55,0.38671156764030457,0.6373742818832397,0.43791455030441284,0.6790676712989807
56,0.37451982498168945,0.5932931303977966,0.4268389046192169,0.6343475580215454
57,0.3769814670085907,0.6130701899528503,0.42510104179382324,0.6526873111724854
58,0.35506850481033325,0.668166995048523,0.4071936309337616,0.7137293815612793
59,0.3757705092430115,0.6620466113090515,0.42579466104507446,0.7011713981628418
60,0.36393675208091736,0.6514373421669006,0.4179207980632782,0.699616014957428
61,0.34670743346214294,0.6611669063568115,0.39361661672592163,0.7027100920677185
62,0.36318841576576233,0.6400581002235413,0.41055619716644287,0.6778106093406677
63,0.36785924434661865,0.6828504204750061,0.41120684146881104,0.7097631692886353
64,0.35387054085731506,0.6695399880409241,0.3941324055194855,0.6894915103912354
65,0.3857758641242981,0.6943321228027344,0.42759639024734497,0.7070825695991516
66,0.34444093704223633,0.6501016020774841,0.38521912693977356,0.670305073261261
67,0.37571287155151367,0.6479334831237793,0.42498666048049927,0.694831907749176
68,0.36014750599861145,0.637422502040863,0.40348076820373535,0.6697413325309753
69,0.37665897607803345,0.645349383354187,0.4244317412376404,0.6762585639953613
70,0.3755527138710022,0.6581709384918213,0.42295995354652405,0.6904697418212891
71,0.36646562814712524,0.6923528909683228,0.4153515696525574,0.7233587503433228
72,0.3965238928794861,0.6712937951087952,0.4411037564277649,0.693551778793335
73,0.3566446006298065,0.7107530236244202,0.3957458734512329,0.7232604622840881
74,0.3609233498573303,0.6627237200737,0.40395018458366394,0.7016281485557556
75,0.3525948226451874,0.7200595140457153,0.3947400152683258,0.7437306642532349
76,0.3752328157424927,0.6746947765350342,0.40914639830589294,0.6831358671188354
77,0.37040194869041443,0.7337870001792908,0.407039999961853,0.7469545602798462
78,0.3876475691795349,0.664674699306488,0.4244695007801056,0.6767342686653137
79,0.3748110234737396,0.6721684336662292,0.4101050794124603,0.6732817888259888
80,0.37141653895378113,0.7172679901123047,0.4070560336112976,0.728556215763092
81,0.39854374527931213,0.7023530006408691,0.4301126301288605,0.7009453177452087
82,0.3809940814971924,0.7025943398475647,0.4201986491680145,0.7179783582687378
83,0.34566348791122437,0.7390522956848145,0.3881798982620239,0.7731867432594299
84,0.3682771325111389,0.679741621017456,0.41036415100097656,0.71644127368927
85,0.35373109579086304,0.6866915225982666,0.38571712374687195,0.6918380260467529
86,0.36005157232284546,0.700661301612854,0.3894932270050049,0.7075291872024536
87,0.37396377325057983,0.7114840745925903,0.4062385559082031,0.7174299955368042
88,0.3720927834510803,0.7299400568008423,0.40331482887268066,0.7287265062332153
89,0.3941816985607147,0.7188335061073303,0.42148154973983765,0.710676372051239
90,0.3579879105091095,0.734971284866333,0.39174598455429077,0.7486793994903564
91,0.3876943588256836,0.7371116280555725,0.41472193598747253,0.7138541340827942
92,0.3544548451900482,0.7220574617385864,0.3862127959728241,0.7413785457611084
93,0.3729347288608551,0.7319421768188477,0.4060913920402527,0.7332487106323242
94,0.3885450065135956,0.7473728656768799,0.4209541380405426,0.7584546804428101
95,0.3731100559234619,0.7249075770378113,0.40608036518096924,0.7334821820259094
96,0.36570319533348083,0.7338855862617493,0.39729195833206177,0.7471141815185547
97,0.37463119626045227,0.7342638969421387,0.41026216745376587,0.7458733320236206
98,0.38304799795150757,0.749119758605957,0.41555601358413696,0.7572250962257385
99,0.34964805841445923,0.7354758381843567,0.3778480887413025,0.7312684655189514
100,0.358597993850708,0.7028988599777222,0.3846087157726288,0.6967113018035889
101,0.369277685880661,0.7279457449913025,0.39015311002731323,0.7098431587219238
102,0.3584634065628052,0.7177146673202515,0.38595545291900635,0.7180421352386475
103,0.3727423846721649,0.781563401222229,0.39766111969947815,0.7762877941131592
104,0.3679819405078888,0.7500826120376587,0.38830241560935974,0.7294155955314636
105,0.37803465127944946,0.7112705707550049,0.40289106965065,0.7081994414329529
106,0.36408481001853943,0.7538143992424011,0.3909163177013397,0.7476760745048523
107,0.40098387002944946,0.6859023571014404,0.4284732937812805,0.692205548286438
108,0.37943997979164124,0.7748624682426453,0.3990536630153656,0.7551321983337402
109,0.36328601837158203,0.7418829202651978,0.38881462812423706,0.7412168979644775
110,0.3766363859176636,0.796754002571106,0.3914484977722168,0.7607554793357849
111,0.36718621850013733,0.7271867394447327,0.3865765333175659,0.7002199292182922
112,0.36156147718429565,0.7566727995872498,0.37849435210227966,0.7272183895111084
113,0.3675193786621094,0.7491256594657898,0.3951539397239685,0.7496532201766968
114,0.36077627539634705,0.758337140083313,0.38189423084259033,0.7560935616493225
115,0.36983177065849304,0.7759757041931152,0.39159783720970154,0.7646554708480835
116,0.3521939814090729,0.7523370981216431,0.36744147539138794,0.7292941212654114
117,0.3438800573348999,0.7525437474250793,0.35967519879341125,0.7252110242843628
118,0.3622971773147583,0.7913879156112671,0.3734872043132782,0.7519798278808594
119,0.36956703662872314,0.775391697883606,0.3861635625362396,0.7543926239013672
120,0.3845515847206116,0.8019307255744934,0.3969149887561798,0.7739647626876831
121,0.3638432025909424,0.753707230091095,0.38272926211357117,0.7339261174201965
122,0.3718229830265045,0.7815670371055603,0.3880290985107422,0.7501782178878784
123,0.37363553047180176,0.7701653242111206,0.3914174437522888,0.7504772543907166
124,0.3687600791454315,0.8076894283294678,0.3792596757411957,0.7687674760818481
125,0.3775472044944763,0.7882004976272583,0.3869400918483734,0.7541927695274353
126,0.353015273809433,0.8106784224510193,0.3650900423526764,0.7794133424758911
127,0.3697934150695801,0.7070662379264832,0.3982410132884979,0.726474404335022
128,0.3621312081813812,0.7528957724571228,0.38430309295654297,0.7508773803710938
129,0.36743998527526855,0.8052259683609009,0.3767298460006714,0.7665018439292908
130,0.389168381690979,0.7670120000839233,0.4029606878757477,0.74317467212677
131,0.3831048011779785,0.7796968221664429,0.40110573172569275,0.7722887992858887
132,0.36572006344795227,0.742249608039856,0.3778957724571228,0.7101334929466248
133,0.3661082684993744,0.7444595694541931,0.37951400876045227,0.7228330373764038
134,0.370848149061203,0.8092652559280396,0.3860599398612976,0.7861297726631165
135,0.38247135281562805,0.7489768862724304,0.3915470242500305,0.7114135026931763
136,0.3780122697353363,0.7352690696716309,0.39006277918815613,0.7023792862892151
137,0.38263505697250366,0.8017716407775879,0.39183345437049866,0.7602993249893188
138,0.36122846603393555,0.7791966795921326,0.36618754267692566,0.7216554284095764
139,0.39444276690483093,0.7601214647293091,0.40678152441978455,0.7236944437026978
140,0.36024147272109985,0.8032545447349548,0.3795708417892456,0.7870835065841675
141,0.35214415192604065,0.804791271686554,0.3612683415412903,0.7674468755722046
142,0.3568424880504608,0.7871479988098145,0.3685835897922516,0.7590740323066711
143,0.36773890256881714,0.7994954586029053,0.3808610439300537,0.7899414300918579
144,0.3835240602493286,0.8446294069290161,0.39176249504089355,0.8117280602455139
145,0.3611823618412018,0.7850767970085144,0.3739013075828552,0.7609847784042358
146,0.3762921094894409,0.827096700668335,0.3849395513534546,0.7897122502326965
147,0.3812777101993561,0.7852449417114258,0.3909377157688141,0.7394969463348389
148,0.38930511474609375,0.784991979598999,0.4038302004337311,0.7594744563102722
149,0.3652004897594452,0.7832863330841064,0.37935584783554077,0.7532583475112915
150,0.385837584733963,0.7698373198509216,0.39731264114379883,0.7391318678855896
151,0.37660321593284607,0.8249046206474304,0.3819727599620819,0.7716891169548035
152,0.3600787818431854,0.8197780251502991,0.35328084230422974,0.7497853636741638
153,0.3563801050186157,0.8489463925361633,0.34424909949302673,0.7667486667633057
154,0.3516768515110016,0.8708834052085876,0.33430424332618713,0.7806747555732727
155,0.3488403558731079,0.8780539631843567,0.3310011327266693,0.7876414060592651
156,0.3536415100097656,0.8836424350738525,0.3331538736820221,0.7884809374809265
157,0.3610747158527374,0.8870748281478882,0.33903998136520386,0.7828676700592041
158,0.3595024645328522,0.9243788123130798,0.332993745803833,0.8100951313972473
159,0.36157307028770447,0.9193774461746216,0.3329068422317505,0.7990846037864685
160,0.35662826895713806,0.9185738563537598,0.32651597261428833,0.8006408214569092
161,0.3645489811897278,0.9693077206611633,0.32968583703041077,0.8391252160072327
162,0.3619215488433838,0.9745405316352844,0.32633236050605774,0.8437442779541016
163,0.36116936802864075,0.937058687210083,0.32825714349746704,0.8112722039222717
164,0.3664509952068329,0.9409980773925781,0.34617775678634644,0.8384304642677307
165,0.3618038296699524,0.9235435724258423,0.3287390172481537,0.7967732548713684
166,0.3640805184841156,0.9292673468589783,0.32791996002197266,0.793634295463562
167,0.3720329999923706,0.9379965662956238,0.34017080068588257,0.8065261840820312
168,0.36579617857933044,0.9334872961044312,0.33146893978118896,0.8051328063011169
169,0.3748633563518524,0.9575495719909668,0.3373638391494751,0.8169598579406738
170,0.3717092275619507,0.9413576126098633,0.33683091402053833,0.8093603253364563
171,0.3747890889644623,0.9727014303207397,0.33998483419418335,0.843802809715271
172,0.37152302265167236,0.9838051199913025,0.336492657661438,0.8602534532546997
173,0.3764922022819519,0.9772214889526367,0.3397492468357086,0.8444982767105103
174,0.37715426087379456,0.9836278557777405,0.3358781933784485,0.8367589116096497
175,0.37922993302345276,1.020409345626831,0.3395552933216095,0.8767907619476318
176,0.3751339614391327,1.0039384365081787,0.32544273138046265,0.837633490562439
177,0.37698861956596375,1.0067285299301147,0.3308650255203247,0.8558823466300964
178,0.3788202106952667,1.0407987833023071,0.32746151089668274,0.8729426264762878
179,0.38110101222991943,0.9694317579269409,0.33488354086875916,0.8144539594650269
180,0.3860277533531189,0.9711979627609253,0.3417089581489563,0.8217726945877075
181,0.3819063603878021,1.0327935218811035,0.3333129286766052,0.8792634606361389
182,0.3751557171344757,1.0020238161087036,0.32708489894866943,0.845449686050415
183,0.38298314809799194,1.0466800928115845,0.3297683596611023,0.8836745023727417
184,0.3842979967594147,1.0162309408187866,0.3305514454841614,0.8433333039283752
185,0.37876829504966736,0.9904226660728455,0.32703396677970886,0.8229103088378906
186,0.38235968351364136,0.9878001809120178,0.3333934545516968,0.8321587443351746
187,0.3839090168476105,1.0029287338256836,0.33230119943618774,0.8370682597160339
188,0.38463860750198364,1.0276403427124023,0.33287787437438965,0.8682171106338501
189,0.38745465874671936,1.042877197265625,0.3312422037124634,0.8749114871025085
190,0.38227707147598267,1.0073680877685547,0.32958662509918213,0.845706582069397
191,0.39154568314552307,1.0248152017593384,0.33707794547080994,0.8622778654098511
192,0.3930470943450928,1.0656449794769287,0.33408403396606445,0.8892163634300232
193,0.3904592990875244,1.036030888557434,0.3351087272167206,0.8685954213142395
194,0.38525769114494324,1.0113794803619385,0.33245718479156494,0.8498014807701111
195,0.3879929184913635,1.011213779449463,0.3351215720176697,0.8433969616889954
196,0.3874928653240204,1.034369945526123,0.32876288890838623,0.8580731153488159
197,0.38650640845298767,1.0612938404083252,0.32266536355018616,0.8730702996253967
198,0.39869633316993713,1.0672709941864014,0.34048113226890564,0.8961020708084106
199,0.3967105746269226,1.031409740447998,0.33883705735206604,0.8554851412773132
200,0.39931920170783997,1.0299012660980225,0.3389306962490082,0.847941517829895
201,0.3961537480354309,1.0711932182312012,0.33147069811820984,0.8850727677345276
202,0.3949139714241028,1.0912752151489258,0.33082595467567444,0.904674232006073
203,0.3954685628414154,1.0617789030075073,0.3344535529613495,0.8844214677810669
204,0.39985397458076477,1.0447824001312256,0.34414947032928467,0.8784993886947632
205,0.39326998591423035,1.0421136617660522,0.3370557129383087,0.8717473149299622
206,0.4011412560939789,1.0608106851577759,0.3432333767414093,0.8876208662986755
207,0.3946426212787628,1.0745290517807007,0.33246228098869324,0.8896894454956055
208,0.3939172625541687,1.0534825325012207,0.33490535616874695,0.8795422315597534
209,0.4033202528953552,1.071974754333496,0.34316739439964294,0.8964332938194275
210,0.401433527469635,1.088496208190918,0.34124594926834106,0.9074616432189941
211,0.3986480236053467,1.0637893676757812,0.3353125751018524,0.8734829425811768
212,0.3941150903701782,1.0295428037643433,0.33181872963905334,0.8405689597129822
213,0.39994943141937256,1.0633339881896973,0.33609941601753235,0.8693795800209045
214,0.4008326232433319,1.0611567497253418,0.33841511607170105,0.8743318319320679
215,0.4014395773410797,1.0643070936203003,0.3398430645465851,0.8800137042999268
216,0.4076768457889557,1.1093453168869019,0.33824312686920166,0.9061232209205627
217,0.4015786945819855,1.0720514059066772,0.3354063034057617,0.8786278367042542
218,0.4053352475166321,1.0989875793457031,0.3364035189151764,0.900269627571106
219,0.4020858407020569,1.0978245735168457,0.3322015106678009,0.8952887058258057
220,0.3971339762210846,1.0735194683074951,0.3308090269565582,0.8796457052230835
221,0.4025821387767792,1.0638023614883423,0.33883512020111084,0.8747345209121704
222,0.40220382809638977,1.0470445156097412,0.34165042638778687,0.8684382438659668
223,0.41486793756484985,1.126409649848938,0.34466883540153503,0.9248084425926208
224,0.41022181510925293,1.0647649765014648,0.3462724983692169,0.8769088387489319
225,0.41026073694229126,1.0736321210861206,0.34478655457496643,0.8829407691955566
226,0.40448272228240967,1.1106200218200684,0.33506131172180176,0.9112623929977417
227,0.40636199712753296,1.1010504961013794,0.3375043272972107,0.906277060508728
228,0.42076367139816284,1.1462318897247314,0.35024774074554443,0.9449484944343567
229,0.41493818163871765,1.1193386316299438,0.34504827857017517,0.9239050149917603
230,0.41563260555267334,1.108567476272583,0.34542983770370483,0.9109954833984375
231,0.4128718674182892,1.1209646463394165,0.3426952660083771,0.9204434156417847
232,0.40808096528053284,1.1049374341964722,0.33478832244873047,0.8918976187705994
233,0.40999671816825867,1.1066125631332397,0.3432747423648834,0.9115084409713745
234,0.41743141412734985,1.1514930725097656,0.3418562710285187,0.9367164969444275
235,0.4102466404438019,1.1091686487197876,0.34375739097595215,0.9206064939498901
236,0.41527432203292847,1.1109404563903809,0.34913116693496704,0.9266409873962402
237,0.4211345613002777,1.1114253997802734,0.35545769333839417,0.9255975484848022
238,0.4116114377975464,1.0795032978057861,0.34751009941101074,0.8954102993011475
239,0.41729384660720825,1.132585048675537,0.3428570628166199,0.9171836972236633
240,0.41892415285110474,1.11710524559021,0.35073545575141907,0.9273223876953125
241,0.408028781414032,1.0905277729034424,0.34308651089668274,0.9131612777709961
242,0.41526204347610474,1.154172658920288,0.34176692366600037,0.9528157114982605
243,0.4169991612434387,1.1016054153442383,0.3471294045448303,0.9063820242881775
244,0.41484853625297546,1.0995738506317139,0.3453305959701538,0.9056999683380127
245,0.4172786772251129,1.1032652854919434,0.3437363803386688,0.8979994654655457
246,0.4157882332801819,1.150009274482727,0.3360118269920349,0.928408682346344
247,0.4173490107059479,1.1050987243652344,0.34790706634521484,0.908159077167511
248,0.4172293245792389,1.1056718826293945,0.3473758399486542,0.9122650623321533
249,0.41735225915908813,1.1075034141540527,0.34312939643859863,0.8980876207351685
250,0.4174749553203583,1.1052463054656982,0.3499108850955963,0.917445957660675
251,0.4129796028137207,1.1234922409057617,0.3424306809902191,0.9332855939865112
252,0.4169623851776123,1.0727217197418213,0.3524188995361328,0.8873953223228455
253,0.4134750962257385,1.0965899229049683,0.3492351472377777,0.9147350788116455
254,0.4180028438568115,1.1013760566711426,0.3481782376766205,0.9059131741523743
255,0.41831883788108826,1.1209437847137451,0.3450442850589752,0.9162754416465759
256,0.42250344157218933,1.1028081178665161,0.3525082468986511,0.9072691798210144
257,0.4252597391605377,1.1548346281051636,0.35047784447669983,0.9471550583839417
258,0.4209935665130615,1.1149402856826782,0.3483097553253174,0.9143117070198059
259,0.4225498139858246,1.1505025625228882,0.3462575376033783,0.9440015554428101
260,0.4134915769100189,1.1342096328735352,0.33731091022491455,0.9217402338981628
261,0.41412153840065,1.1333190202713013,0.3390680253505707,0.9243404269218445
262,0.4215524196624756,1.1035590171813965,0.3509242832660675,0.8998779654502869
263,0.418649822473526,1.1144263744354248,0.3462461233139038,0.9099395871162415
264,0.4249820411205292,1.1315099000930786,0.34769394993782043,0.9208536148071289
265,0.4233773350715637,1.1122230291366577,0.34965217113494873,0.9056230187416077
266,0.42412498593330383,1.1128573417663574,0.3510378897190094,0.9108460545539856
267,0.420219749212265,1.1330028772354126,0.33926892280578613,0.9088212251663208
268,0.42771226167678833,1.1209648847579956,0.35325637459754944,0.9151832461357117
269,0.4165395498275757,1.0797951221466064,0.3469717502593994,0.8819864392280579
270,0.43227601051330566,1.163130521774292,0.350147545337677,0.9397238492965698
271,0.424464613199234,1.1399052143096924,0.3479788601398468,0.9372578263282776
272,0.4150872826576233,1.1156439781188965,0.3405585289001465,0.9124420285224915
273,0.42206960916519165,1.1430474519729614,0.3452697694301605,0.9386138319969177
274,0.43152719736099243,1.1961719989776611,0.3476034104824066,0.9719681143760681
275,0.42742136120796204,1.16621994972229,0.34980908036231995,0.9562891125679016
276,0.43693020939826965,1.2174350023269653,0.351135790348053,0.9903705716133118
277,0.4358086884021759,1.1548218727111816,0.3608255982398987,0.9496555328369141
278,0.42854705452919006,1.1589263677597046,0.35179778933525085,0.9568695425987244
279,0.42969661951065063,1.1498743295669556,0.35210463404655457,0.9424571990966797
280,0.42227399349212646,1.129285454750061,0.3485778868198395,0.9318541884422302
281,0.4249936044216156,1.1586384773254395,0.3471520245075226,0.9531983733177185
282,0.43238338828086853,1.1763159036636353,0.35181835293769836,0.965965747833252
283,0.4315004348754883,1.1269426345825195,0.35449713468551636,0.9181481003761292
284,0.43018221855163574,1.1215754747390747,0.35539504885673523,0.9209344983100891
285,0.4239753186702728,1.148171305656433,0.3444282114505768,0.9356114268302917
286,0.42672228813171387,1.164466381072998,0.3520652651786804,0.9642956256866455
287,0.42090287804603577,1.1199145317077637,0.34781959652900696,0.9286125898361206
288,0.4232550263404846,1.1524810791015625,0.3422202467918396,0.9330990314483643
289,0.422817200422287,1.1228588819503784,0.348224014043808,0.9238047003746033
290,0.42938998341560364,1.1215733289718628,0.35617929697036743,0.926490068435669
291,0.4256961941719055,1.183845043182373,0.34401851892471313,0.965951681137085
292,0.42943274974823,1.1543680429458618,0.3567151427268982,0.9600846767425537
293,0.4252445697784424,1.154929757118225,0.3512631058692932,0.9563556909561157
294,0.4295071065425873,1.125814437866211,0.35750719904899597,0.9365047812461853
295,0.4303436577320099,1.1709058284759521,0.3542374074459076,0.9714179039001465
296,0.42952045798301697,1.1510310173034668,0.3535529375076294,0.9458132982254028
297,0.4308074712753296,1.1615620851516724,0.355732798576355,0.9664258360862732
298,0.43039360642433167,1.1449247598648071,0.35503605008125305,0.947978138923645
299,0.43789342045783997,1.1758534908294678,0.355610728263855,0.9567916393280029
300,0.44263502955436707,1.2027007341384888,0.36073750257492065,0.9942355155944824
301,0.4364766776561737,1.1860063076019287,0.35562863945961,0.9719542264938354
302,0.436115026473999,1.2165627479553223,0.35053595900535583,0.990770697593689
303,0.43641170859336853,1.1753648519515991,0.3531075119972229,0.9562119841575623
304,0.4367465376853943,1.194114327430725,0.3545294404029846,0.9776338934898376
305,0.43992266058921814,1.1982003450393677,0.3574148714542389,0.9835047125816345
306,0.43974071741104126,1.1899877786636353,0.3585549592971802,0.9783825278282166
307,0.4453229606151581,1.1836267709732056,0.3635671138763428,0.9705802798271179
308,0.44147980213165283,1.1848976612091064,0.3601030707359314,0.9723403453826904
309,0.43949073553085327,1.2023686170578003,0.35415422916412354,0.9800274968147278
310,0.4431609511375427,1.2224512100219727,0.3554130792617798,0.9965685606002808
311,0.4418333172798157,1.2102526426315308,0.3562527298927307,0.9877359867095947
312,0.43876218795776367,1.1898711919784546,0.3542497754096985,0.9701991081237793
313,0.4380713999271393,1.1853834390640259,0.35380420088768005,0.9652358293533325
314,0.4430757462978363,1.2167240381240845,0.35716691613197327,0.9983605742454529
315,0.4412378668785095,1.2132289409637451,0.3542746305465698,0.9909496903419495
316,0.44061923027038574,1.1725653409957886,0.35844627022743225,0.9590786695480347
317,0.43353894352912903,1.1572602987289429,0.3531447649002075,0.9480618238449097
318,0.44198286533355713,1.2009336948394775,0.357180655002594,0.9831976294517517
319,0.44235503673553467,1.1813921928405762,0.360966295003891,0.9692450761795044
320,0.4424561560153961,1.2166144847869873,0.3567999303340912,0.995627224445343
321,0.4462694525718689,1.2170381546020508,0.3589921295642853,0.9917792081832886
322,0.4430195093154907,1.182755470275879,0.36082369089126587,0.9687581658363342
323,0.4413536489009857,1.17344069480896,0.35923004150390625,0.9602208137512207
324,0.44335055351257324,1.2203967571258545,0.35589319467544556,0.9974200129508972
325,0.4395032823085785,1.194128394126892,0.35521969199180603,0.9778887033462524
326,0.44419997930526733,1.1947312355041504,0.3598402440547943,0.9751584529876709
327,0.4409952163696289,1.1909335851669312,0.35902515053749084,0.9805686473846436
328,0.4468112587928772,1.179612636566162,0.3660019636154175,0.9703385233879089
329,0.44541728496551514,1.1986013650894165,0.3609020709991455,0.9802406430244446
330,0.4431142508983612,1.1831001043319702,0.35926884412765503,0.9660587906837463
331,0.4436691999435425,1.191474437713623,0.3586653470993042,0.971129298210144
332,0.44816991686820984,1.1919933557510376,0.3625339865684509,0.9713191390037537
333,0.44311046600341797,1.1978552341461182,0.3578980267047882,0.9777470827102661
334,0.44473758339881897,1.2412562370300293,0.3560420572757721,1.0148557424545288
335,0.4484528601169586,1.2337812185287476,0.3598936200141907,1.008264422416687
336,0.4446195363998413,1.1836469173431396,0.362810343503952,0.9735771417617798
337,0.44559258222579956,1.2310669422149658,0.35846972465515137,1.01056969165802
338,0.4442499876022339,1.1973316669464111,0.361680269241333,0.9836048483848572
339,0.4423876702785492,1.1782959699630737,0.36330196261405945,0.9731629490852356
340,0.4422755837440491,1.2029712200164795,0.35640060901641846,0.9820061922073364
341,0.44441884756088257,1.2060810327529907,0.35978057980537415,0.9877663254737854
342,0.44308575987815857,1.1801477670669556,0.3607390820980072,0.9662140607833862
343,0.4451659619808197,1.2080941200256348,0.3602295517921448,0.9896025061607361
344,0.4409017264842987,1.2103705406188965,0.35528236627578735,0.9908906817436218
345,0.4451836943626404,1.2096322774887085,0.3587051033973694,0.9876222610473633
346,0.44583016633987427,1.179917335510254,0.36103835701942444,0.9602628946304321
347,0.44388896226882935,1.2412916421890259,0.3537607491016388,1.009777545928955
348,0.4411706328392029,1.1866865158081055,0.35695475339889526,0.968147337436676
349,0.4418962001800537,1.2151508331298828,0.35530057549476624,0.990409791469574
350,0.4440716803073883,1.2308999300003052,0.3554185628890991,1.0026289224624634
351,0.447721391916275,1.188841462135315,0.36158573627471924,0.9637032151222229
352,0.4471602141857147,1.1959439516067505,0.36060309410095215,0.9722225069999695
353,0.4452914297580719,1.22126042842865,0.35720402002334595,0.9946551322937012
354,0.44345128536224365,1.2216989994049072,0.3556824028491974,0.9963554739952087
355,0.44830015301704407,1.2167186737060547,0.3593255281448364,0.9864248037338257
356,0.4472406208515167,1.1889894008636475,0.3616763949394226,0.9658859372138977
357,0.4459741413593292,1.1871837377548218,0.36353832483291626,0.9728805422782898
358,0.44904741644859314,1.2395403385162354,0.36068081855773926,1.0126097202301025
359,0.44672176241874695,1.2010349035263062,0.36335426568984985,0.9833415746688843
360,0.44648477435112,1.2498785257339478,0.354662150144577,1.0156463384628296
