1,1.6400725841522217,0.2444685399532318,1.8371429443359375,0.2933814227581024
2,1.5814661979675293,0.28161272406578064,1.7865383625030518,0.3089563548564911
3,1.5525710582733154,0.2971259653568268,1.782867431640625,0.3092893064022064
4,1.4500428438186646,0.35772883892059326,1.7500420808792114,0.3560972809791565
5,1.429818868637085,0.4188738465309143,1.7962678670883179,0.3737892806529999
6,1.4175081253051758,0.41418495774269104,1.7980645895004272,0.3727758824825287
7,0.39392927289009094,0.5325295925140381,0.6067807674407959,0.662783145904541
8,0.4339431822299957,0.5111390352249146,0.5537803173065186,0.6105503439903259
9,0.45321083068847656,0.5229267477989197,0.5255866050720215,0.5978572964668274
10,0.4698810279369354,0.5122662782669067,0.527119517326355,0.580078125
11,0.36914536356925964,0.47577300667762756,0.48395836353302,0.6079354882240295
12,0.41690483689308167,0.4719879925251007,0.5298637747764587,0.6002145409584045
13,0.40998485684394836,0.4763605296611786,0.5195102095603943,0.616218626499176
14,0.3910803198814392,0.474393367767334,0.4941822588443756,0.6053821444511414
15,0.40626415610313416,0.4679547846317291,0.5084468126296997,0.5981609225273132
16,0.3996579051017761,0.4784661531448364,0.4968942403793335,0.6062990427017212
17,0.38251766562461853,0.47443926334381104,0.4758121371269226,0.5948219895362854
18,0.4254356920719147,0.48763325810432434,0.5221349000930786,0.6081609725952148
19,0.3785128593444824,0.544806718826294,0.4809380769729614,0.6904500722885132
20,0.4004763662815094,0.4896729588508606,0.49710631370544434,0.6345559358596802
21,0.37237340211868286,0.505155086517334,0.4644637405872345,0.6427665948867798
22,0.39024052023887634,0.4930301904678345,0.4810308516025543,0.6325410008430481
23,0.40544983744621277,0.5112270712852478,0.4871826767921448,0.625423789024353
24,0.39485809206962585,0.5333702564239502,0.4850297272205353,0.6789539456367493
25,0.3951534628868103,0.48962825536727905,0.4790175259113312,0.6323413848876953
26,0.38931503891944885,0.4988127052783966,0.4755762219429016,0.6350705623626709
27,0.3957322835922241,0.5116913318634033,0.47756022214889526,0.6471437811851501
28,0.38650476932525635,0.4963037669658661,0.47539541125297546,0.6416529417037964
29,0.38084155321121216,0.5120240449905396,0.464020699262619,0.6548523902893066
30,0.39586538076400757,0.5096762180328369,0.4809569716453552,0.6555408835411072
31,0.42232537269592285,0.517517626285553,0.5143901705741882,0.6723169684410095
32,0.3662891387939453,0.5441217422485352,0.455655962228775,0.6977861523628235
33,0.38743630051612854,0.5375473499298096,0.46997272968292236,0.6741626262664795
34,0.4024803936481476,0.5220196843147278,0.49014806747436523,0.6682562828063965
35,0.34639060497283936,0.5236750245094299,0.4287065863609314,0.6770633459091187
36,0.4183874726295471,0.5201980471611023,0.49254241585731506,0.6441424489021301
37,0.379197895526886,0.5154962539672852,0.4545944929122925,0.6419923901557922
38,0.34569433331489563,0.5264630913734436,0.422855406999588,0.6617435216903687
39,0.37362033128738403,0.5493095517158508,0.4546850621700287,0.6891188621520996
40,0.39151936769485474,0.5658240914344788,0.4665660262107849,0.6864148378372192
41,0.36039698123931885,0.5321028828620911,0.43842068314552307,0.6744160652160645
42,0.3841903805732727,0.6909360289573669,0.48086807131767273,0.8671031594276428
43,0.37341010570526123,0.5575706958770752,0.4468848705291748,0.6811140775680542
44,0.378493994474411,0.536376416683197,0.450274795293808,0.6638920903205872
45,0.3621247708797455,0.5585100054740906,0.436062753200531,0.680939257144928
46,0.3731975257396698,0.5827582478523254,0.44725701212882996,0.7096341252326965
47,0.3566737473011017,0.5490158796310425,0.4314614534378052,0.6769238710403442
48,0.39689624309539795,0.5620818138122559,0.46873393654823303,0.6809225678443909
49,0.3978049159049988,0.5690765976905823,0.4728880822658539,0.6945754885673523
50,0.3607500493526459,0.5712758898735046,0.43562185764312744,0.6980906128883362
51,0.3915537893772125,0.567261815071106,0.46658849716186523,0.6937047243118286
52,0.403461754322052,0.5544522404670715,0.48039013147354126,0.6899158358573914
53,0.3940490484237671,0.5821496248245239,0.46775302290916443,0.7136236429214478
54,0.3922596871852875,0.6132855415344238,0.4627958834171295,0.7405112385749817
55,0.38982152938842773,0.6130802035331726,0.45631831884384155,0.7228838205337524
56,0.38571739196777344,0.5954252481460571,0.4563712179660797,0.7234232425689697
57,0.4065021574497223,0.5695174336433411,0.47550851106643677,0.6892407536506653
58,0.4163268208503723,0.5839971303939819,0.48229044675827026,0.6954687237739563
59,0.37085187435150146,0.5922368168830872,0.43613243103027344,0.7001668810844421
60,0.38399070501327515,0.6510922312736511,0.4455423355102539,0.7541506886482239
61,0.34063541889190674,0.5932185053825378,0.40807780623435974,0.7205416560173035
62,0.3681431710720062,0.6217916011810303,0.42972925305366516,0.7304508686065674
63,0.39779284596443176,0.5544846057891846,0.4496108889579773,0.6374378800392151
64,0.35928481817245483,0.6173651814460754,0.42255544662475586,0.7195544242858887
65,0.37766575813293457,0.6174176931381226,0.4482281804084778,0.7512128353118896
66,0.3873949944972992,0.7120264768600464,0.44855445623397827,0.8006951212882996
67,0.37446731328964233,0.5927788615226746,0.43092283606529236,0.6802859902381897
68,0.3557935357093811,0.6643916368484497,0.421313613653183,0.773280918598175
69,0.3664761483669281,0.612372875213623,0.4286472201347351,0.7250260710716248
70,0.3614594042301178,0.6724767088890076,0.43127360939979553,0.8003303408622742
71,0.37762564420700073,0.6144437789916992,0.4430147111415863,0.7247206568717957
72,0.3851950466632843,0.6118366718292236,0.44815364480018616,0.7132076621055603
73,0.339937686920166,0.6480167508125305,0.4013747572898865,0.7459967732429504
74,0.34432452917099,0.6988393664360046,0.40642276406288147,0.7989468574523926
75,0.36460405588150024,0.6244687438011169,0.42740118503570557,0.7357937693595886
76,0.34761351346969604,0.6330714225769043,0.4155401885509491,0.7643316984176636
77,0.3700725734233856,0.6239718198776245,0.43767452239990234,0.7340846061706543
78,0.3681618273258209,0.5856062173843384,0.43149447441101074,0.7035214900970459
79,0.34933382272720337,0.6446499824523926,0.4137350022792816,0.755710780620575
80,0.35726627707481384,0.6058095693588257,0.4235406517982483,0.719109058380127
81,0.38262733817100525,0.6305766701698303,0.44283556938171387,0.7368860840797424
82,0.35680073499679565,0.6372827887535095,0.418172687292099,0.7479429841041565
83,0.3712228536605835,0.6709673404693604,0.43158140778541565,0.7664040923118591
84,0.3757173717021942,0.6520658135414124,0.438723623752594,0.7544950246810913
85,0.3755139112472534,0.6236714124679565,0.435088574886322,0.7166115045547485
86,0.36745554208755493,0.6266721487045288,0.42827197909355164,0.7318106293678284
87,0.3548864722251892,0.639811635017395,0.4191317856311798,0.7488545775413513
88,0.3499906659126282,0.6321067810058594,0.4075542688369751,0.7201578617095947
89,0.3660765290260315,0.6433798670768738,0.42451271414756775,0.7337297201156616
90,0.351407527923584,0.660277247428894,0.4090915620326996,0.7561493515968323
91,0.3636530041694641,0.6707853674888611,0.4191778004169464,0.7509912252426147
92,0.3657599091529846,0.6904666423797607,0.42622312903404236,0.7936862111091614
93,0.3859046995639801,0.6450512409210205,0.4375987946987152,0.7242358922958374
94,0.35291552543640137,0.6398110389709473,0.40591663122177124,0.7308483123779297
95,0.36828505992889404,0.645260751247406,0.4259495139122009,0.7413748502731323
96,0.36018869280815125,0.6229459047317505,0.4158993363380432,0.7087514400482178
97,0.35676538944244385,0.6491775512695312,0.41801896691322327,0.7581594586372375
98,0.3785208463668823,0.7160651087760925,0.43851321935653687,0.8082203269004822
99,0.3303932845592499,0.6519139409065247,0.3827817440032959,0.7359606027603149
100,0.3755095601081848,0.6424461007118225,0.4290401041507721,0.7285377383232117
101,0.3448405861854553,0.6518054604530334,0.4047767221927643,0.7482721209526062
102,0.3764633238315582,0.6557691097259521,0.4360080063343048,0.7584181427955627
103,0.3631003201007843,0.636167049407959,0.41687488555908203,0.7165581583976746
104,0.38871273398399353,0.6328848600387573,0.44858771562576294,0.7159305810928345
105,0.36053359508514404,0.6751335859298706,0.42268988490104675,0.7753546237945557
106,0.38140133023262024,0.6736735105514526,0.44587334990501404,0.7808308005332947
107,0.3619750738143921,0.7015647888183594,0.4274611473083496,0.8044578433036804
108,0.35174205899238586,0.6637130379676819,0.40894705057144165,0.7470693588256836
109,0.33637991547584534,0.6461771130561829,0.3969701826572418,0.7479320168495178
110,0.34921807050704956,0.6836980581283569,0.4074448347091675,0.7852637767791748
111,0.34448397159576416,0.6632118225097656,0.40085166692733765,0.7512023448944092
112,0.3647620975971222,0.67778480052948,0.4214555025100708,0.7708510756492615
113,0.34686505794525146,0.6456109881401062,0.4041104316711426,0.7449844479560852
114,0.3501988649368286,0.6588207483291626,0.40558940172195435,0.7510663270950317
115,0.3494050204753876,0.6459206938743591,0.4029155671596527,0.7425655126571655
116,0.3821604251861572,0.7014820575714111,0.44446125626564026,0.8212060928344727
117,0.3593900501728058,0.6456469297409058,0.41359665989875793,0.7457637190818787
118,0.35024017095565796,0.6283996105194092,0.4025208055973053,0.7234416007995605
119,0.3633502125740051,0.6799020171165466,0.41916269063949585,0.7785272598266602
120,0.3601924777030945,0.6594893932342529,0.41950029134750366,0.7666828036308289
121,0.3532940149307251,0.6397196650505066,0.40513959527015686,0.722122848033905
122,0.35587629675865173,0.7048465013504028,0.4143218696117401,0.8169785141944885
123,0.3296811878681183,0.7124245762825012,0.3891652524471283,0.823832094669342
124,0.3635508120059967,0.678538978099823,0.41792529821395874,0.7686261534690857
125,0.3766654133796692,0.7034897804260254,0.4289627969264984,0.7977303266525269
126,0.3374727666378021,0.7219952344894409,0.3931763768196106,0.8276428580284119
127,0.33170393109321594,0.6834688186645508,0.38259178400039673,0.7688438892364502
128,0.36162611842155457,0.7043179869651794,0.40762773156166077,0.7606204152107239
129,0.3573751151561737,0.6461012363433838,0.4036139249801636,0.7160261273384094
130,0.3712446093559265,0.7062305808067322,0.42542630434036255,0.8005406260490417
131,0.3529212772846222,0.6634228825569153,0.4020560681819916,0.7467190027236938
132,0.37091299891471863,0.6729140281677246,0.41505467891693115,0.7386614084243774
133,0.36912694573402405,0.6861998438835144,0.4152284264564514,0.7607454657554626
134,0.3522850275039673,0.6676875352859497,0.3965354263782501,0.7382800579071045
135,0.34649693965911865,0.6917480826377869,0.4042115807533264,0.789106547832489
136,0.3264757990837097,0.7640426754951477,0.3789929449558258,0.8502751588821411
137,0.3490569293498993,0.6829255819320679,0.39893215894699097,0.7690446376800537
138,0.3401361107826233,0.6884773969650269,0.38847649097442627,0.7607899308204651
139,0.325090229511261,0.688964307308197,0.3760184347629547,0.7770470976829529
140,0.36055538058280945,0.6816124320030212,0.40790265798568726,0.759086549282074
141,0.35327720642089844,0.6955456733703613,0.4115934669971466,0.8033391237258911
142,0.3349993824958801,0.7466353178024292,0.38000231981277466,0.816635012626648
143,0.3307798504829407,0.6925098896026611,0.38235294818878174,0.788800835609436
144,0.3439554274082184,0.7156335115432739,0.39365479350090027,0.7942789793014526
145,0.35175618529319763,0.7574284076690674,0.40419262647628784,0.839805543422699
146,0.3304138481616974,0.7008587121963501,0.37661394476890564,0.7689872980117798
147,0.3277948796749115,0.69440758228302,0.37253257632255554,0.774661660194397
148,0.36003634333610535,0.7025707364082336,0.4041441082954407,0.7728058695793152
149,0.3488225042819977,0.7472010254859924,0.39568689465522766,0.8187602162361145
150,0.3490782678127289,0.7400335669517517,0.3876328468322754,0.7896064519882202
151,0.34216415882110596,0.7138361930847168,0.3856348991394043,0.7789503335952759
152,0.3250131607055664,0.713290810585022,0.36474841833114624,0.7819890975952148
153,0.32341626286506653,0.7263021469116211,0.3629072308540344,0.7937523126602173
154,0.32052725553512573,0.7368974685668945,0.36164048314094543,0.8082410097122192
155,0.3168533146381378,0.7647473812103271,0.3556634485721588,0.8309441804885864
156,0.31590577960014343,0.7532758116722107,0.353244423866272,0.8215394020080566
157,0.31932181119918823,0.7621362209320068,0.3567386865615845,0.829351007938385
158,0.3194149136543274,0.8006159663200378,0.36011770367622375,0.8753064274787903
159,0.3231010437011719,0.7715662121772766,0.35866960883140564,0.8323649168014526
160,0.3218446671962738,0.7731745839118958,0.356327623128891,0.8327308893203735
161,0.31367018818855286,0.7996742129325867,0.34852591156959534,0.8580222725868225
162,0.3221409320831299,0.7820056676864624,0.35945749282836914,0.8485215902328491
163,0.31871843338012695,0.8118531107902527,0.35167986154556274,0.8644604682922363
164,0.32048657536506653,0.8241788744926453,0.3535015881061554,0.8769169449806213
165,0.32852572202682495,0.7997826933860779,0.3607901632785797,0.8474939465522766
166,0.32352808117866516,0.8260160088539124,0.35743606090545654,0.8791403770446777
167,0.3307929039001465,0.7764692306518555,0.36579495668411255,0.8277356624603271
168,0.314491868019104,0.8331475257873535,0.3453640341758728,0.8786459565162659
169,0.3305191993713379,0.7855222225189209,0.35892534255981445,0.8266450762748718
170,0.3270460367202759,0.8023273348808289,0.35626211762428284,0.8466541171073914
171,0.3348698019981384,0.8448893427848816,0.36375677585601807,0.8851479291915894
172,0.32263442873954773,0.8190463781356812,0.3508712947368622,0.8609843850135803
173,0.3229176104068756,0.8356415629386902,0.3480013608932495,0.8686248064041138
174,0.32242634892463684,0.8338334560394287,0.3473932445049286,0.8693472743034363
175,0.3223780393600464,0.8548007607460022,0.3495197594165802,0.8977264165878296
176,0.3294742703437805,0.814856231212616,0.3546842634677887,0.8534693121910095
177,0.3341667354106903,0.8167300224304199,0.36266741156578064,0.8665950894355774
178,0.32449498772621155,0.8359005451202393,0.35204964876174927,0.8822062015533447
179,0.3310390114784241,0.8793359994888306,0.354885071516037,0.9155370593070984
180,0.3321012258529663,0.8475143909454346,0.3569149076938629,0.8864526748657227
181,0.32647475600242615,0.871914803981781,0.35197585821151733,0.9130455851554871
182,0.33361145853996277,0.8738836050033569,0.35727038979530334,0.9073070883750916
183,0.33816495537757874,0.8451483845710754,0.36406421661376953,0.8893992900848389
184,0.3328602612018585,0.8713178634643555,0.35580316185951233,0.9098750948905945
185,0.33120229840278625,0.8901633620262146,0.3577520251274109,0.9336296916007996
186,0.3330783247947693,0.8618016242980957,0.3543345630168915,0.8945558071136475
187,0.33143922686576843,0.8325265645980835,0.35895732045173645,0.8816370964050293
188,0.32679206132888794,0.8809971213340759,0.3507749140262604,0.9169881343841553
189,0.3424755930900574,0.8667008280754089,0.3671953082084656,0.9073326587677002
190,0.3313065469264984,0.868740439414978,0.353363960981369,0.9013540148735046
191,0.3413239121437073,0.8692235350608826,0.36296436190605164,0.8998435735702515
192,0.3411032557487488,0.8674114346504211,0.36411288380622864,0.9056949615478516
193,0.3283190131187439,0.8614208698272705,0.34858438372612,0.8944240212440491
194,0.3336735963821411,0.9335355162620544,0.3517451584339142,0.9615901708602905
195,0.33903321623802185,0.88156658411026,0.3588393032550812,0.9092780351638794
196,0.34748512506484985,0.8558063507080078,0.3656005263328552,0.8819445371627808
197,0.3349926769733429,0.9191800951957703,0.35168394446372986,0.9378626942634583
198,0.34622398018836975,0.8929980397224426,0.3654426038265228,0.9211850166320801
199,0.34030115604400635,0.8935353755950928,0.3559357225894928,0.9089613556861877
200,0.3391437232494354,0.900505006313324,0.3580610454082489,0.9267774224281311
201,0.33667489886283875,0.9045359492301941,0.35626426339149475,0.9334176778793335
202,0.3399863839149475,0.8684276938438416,0.35624566674232483,0.8876734375953674
203,0.34741267561912537,0.8675289154052734,0.36765459179878235,0.8999203443527222
204,0.3456686735153198,0.8774945735931396,0.36255645751953125,0.9029905796051025
205,0.34510448575019836,0.8963408470153809,0.3668316602706909,0.9382235407829285
206,0.34572091698646545,0.8907891511917114,0.3649500608444214,0.9260637164115906
207,0.35230398178100586,0.8603029847145081,0.3672142028808594,0.8815135955810547
208,0.3503349721431732,0.8923323750495911,0.36926358938217163,0.9273689389228821
209,0.3517734706401825,0.9065569639205933,0.3701379895210266,0.9405634999275208
210,0.35054561495780945,0.869572639465332,0.36852169036865234,0.9002557992935181
211,0.3502405285835266,0.9136765599250793,0.36808860301971436,0.9441438317298889
212,0.34735092520713806,0.8900341987609863,0.36418476700782776,0.9198294878005981
213,0.34571215510368347,0.8860963582992554,0.3636923134326935,0.9162691831588745
214,0.3468274474143982,0.8903207778930664,0.3652900457382202,0.9226545095443726
215,0.3481481075286865,0.9107740521430969,0.3663155734539032,0.9447780847549438
216,0.35086047649383545,0.8839601278305054,0.3650475740432739,0.9077714085578918
217,0.3520468473434448,0.9048253297805786,0.3700631260871887,0.9400954842567444
218,0.3533232510089874,0.9276515245437622,0.36650392413139343,0.9400380253791809
219,0.3419351875782013,0.9125081300735474,0.35841915011405945,0.9419062733650208
220,0.3712572455406189,0.9028644561767578,0.3947705328464508,0.9473935961723328
221,0.3588247299194336,0.9287770390510559,0.3778190612792969,0.9586338996887207
222,0.35006454586982727,0.8827940225601196,0.36964842677116394,0.915274441242218
223,0.35101407766342163,0.9302847981452942,0.36773037910461426,0.9598634839057922
224,0.3702242076396942,0.8789412379264832,0.3905895948410034,0.9178327322006226
225,0.3511926233768463,0.902388334274292,0.36849039793014526,0.938815712928772
226,0.3471473455429077,0.9637787938117981,0.35762083530426025,0.9743794798851013
227,0.3575572669506073,0.9250634908676147,0.3756994605064392,0.9579670429229736
228,0.3594881594181061,0.8991588950157166,0.37223684787750244,0.9146202802658081
229,0.3688866198062897,0.8771717548370361,0.38806426525115967,0.9120933413505554
230,0.35395804047584534,0.9113495945930481,0.3653721809387207,0.9228594899177551
231,0.3529444932937622,0.9338102340698242,0.365193635225296,0.9480602145195007
232,0.35896366834640503,0.9381378293037415,0.3742859661579132,0.96886146068573
233,0.3653927147388458,0.9256857633590698,0.386623740196228,0.9712018966674805
234,0.35363003611564636,0.955230176448822,0.36376601457595825,0.973134458065033
235,0.3608848750591278,0.8828234672546387,0.378715455532074,0.9207578301429749
236,0.3484640419483185,1.0233135223388672,0.36247995495796204,1.0529485940933228
237,0.3637794554233551,0.9481722116470337,0.3779911696910858,0.9735751748085022
238,0.36552226543426514,0.924674928188324,0.3780396580696106,0.9473550319671631
239,0.3655959963798523,0.9163652062416077,0.38188284635543823,0.9471063017845154
240,0.36274436116218567,0.9018152952194214,0.3759489059448242,0.926980197429657
241,0.36172112822532654,0.9192139506340027,0.3740624487400055,0.9393692016601562
242,0.3616558015346527,0.9311214685440063,0.3703343868255615,0.9424936175346375
243,0.3627133369445801,0.9043462872505188,0.37115997076034546,0.9119269847869873
244,0.3533106744289398,0.9392420053482056,0.3658483922481537,0.9577707648277283
245,0.35730770230293274,0.9418627619743347,0.37365153431892395,0.9783501029014587
246,0.3613296151161194,0.9421104788780212,0.3735862672328949,0.9594016075134277
247,0.3665418326854706,0.8788092732429504,0.37780845165252686,0.8973749279975891
248,0.3565862774848938,0.897138774394989,0.3659679889678955,0.9058177471160889
249,0.36807575821876526,0.9378873705863953,0.3797885775566101,0.9533711075782776
250,0.37314653396606445,0.9582974314689636,0.3865777850151062,0.9834553003311157
251,0.362356573343277,0.9410689473152161,0.3752835988998413,0.9685981273651123
252,0.3618646562099457,0.9443159103393555,0.371745228767395,0.9666198492050171
253,0.36134517192840576,0.9682806730270386,0.3681105077266693,0.976261556148529
254,0.35911253094673157,0.952828049659729,0.3644760847091675,0.9502354264259338
255,0.3668099343776703,0.9642121195793152,0.37511146068573,0.9727912545204163
256,0.3555082678794861,1.0060884952545166,0.36262524127960205,1.0138860940933228
257,0.36195600032806396,0.9495288133621216,0.37081000208854675,0.9651430249214172
258,0.36229249835014343,0.9533374309539795,0.3717646896839142,0.9712729454040527
259,0.37260913848876953,0.9834350943565369,0.38137534260749817,0.9968315958976746
260,0.3651806116104126,0.9603404402732849,0.37516480684280396,0.9747051000595093
261,0.36044439673423767,0.9601330757141113,0.37055477499961853,0.9799262285232544
262,0.35908207297325134,0.9842590689659119,0.3698902130126953,1.0096888542175293
263,0.371651828289032,0.9845704436302185,0.38163718581199646,1.0020989179611206
264,0.3700539469718933,0.9611960649490356,0.38369670510292053,0.991918683052063
265,0.3718555271625519,1.0308281183242798,0.3794553279876709,1.0432229042053223
266,0.3697233200073242,0.9531756043434143,0.37411993741989136,0.9558357000350952
267,0.36392033100128174,0.9643099308013916,0.3736148476600647,0.9835538268089294
268,0.37853899598121643,0.9923856258392334,0.38831162452697754,1.0126304626464844
269,0.36557409167289734,1.0188541412353516,0.3748764991760254,1.0387417078018188
270,0.3646531105041504,0.9758743643760681,0.3739946782588959,0.9918670654296875
271,0.3799028992652893,0.9611288905143738,0.38532742857933044,0.9672688245773315
272,0.3705829083919525,0.9461954236030579,0.3786277770996094,0.9611994028091431
273,0.3643436133861542,0.9561024904251099,0.3723894953727722,0.9694181680679321
274,0.366254985332489,0.9991962313652039,0.37621331214904785,1.0231660604476929
275,0.3629511594772339,1.0015339851379395,0.36566805839538574,1.0012619495391846
276,0.3701991140842438,0.9787614941596985,0.37495458126068115,0.9833152294158936
277,0.38816964626312256,0.9486198425292969,0.3929501175880432,0.9512178301811218
278,0.37261199951171875,0.9622962474822998,0.3774064779281616,0.9612413644790649
279,0.3848288655281067,1.0019934177398682,0.3896171450614929,1.0082045793533325
280,0.38096722960472107,1.0268388986587524,0.38331711292266846,1.0254387855529785
281,0.3745955228805542,0.9801803231239319,0.37975165247917175,0.9832019805908203
282,0.3849300444126129,0.9730088710784912,0.388674795627594,0.974648654460907
283,0.3784644603729248,1.0104467868804932,0.38106662034988403,1.0088727474212646
284,0.3733675181865692,0.9614119529724121,0.3739379346370697,0.9518207907676697
285,0.38166332244873047,0.9750298857688904,0.3852253258228302,0.9760065078735352
286,0.3706500828266144,1.0153892040252686,0.3721105456352234,1.0155080556869507
287,0.37471655011177063,0.992482602596283,0.381412535905838,1.0042712688446045
288,0.38775476813316345,0.9953017234802246,0.39087632298469543,0.9926451444625854
289,0.3852805197238922,0.971225380897522,0.39003458619117737,0.9768213033676147
290,0.38256552815437317,0.960431694984436,0.38634392619132996,0.9621607661247253
291,0.37685638666152954,0.9514229893684387,0.38282638788223267,0.961953341960907
292,0.37015506625175476,0.9540957808494568,0.3783760368824005,0.9686837196350098
293,0.376799076795578,0.9781953692436218,0.3798775374889374,0.9796338081359863
294,0.377151757478714,0.9788450002670288,0.3844124376773834,0.9891982674598694
295,0.3758867383003235,0.956899881362915,0.37646985054016113,0.9435886740684509
296,0.3783882260322571,1.0151723623275757,0.3770412504673004,1.003527045249939
297,0.3796616196632385,0.9975923299789429,0.385088711977005,1.007716417312622
298,0.3781050145626068,0.968944787979126,0.3799416422843933,0.9622483253479004
299,0.3902950882911682,0.9718585014343262,0.3932904601097107,0.9655288457870483
300,0.3706517219543457,0.987479031085968,0.37135934829711914,0.978064239025116
301,0.38019418716430664,1.0425838232040405,0.37945449352264404,1.033953070640564
302,0.38485074043273926,0.9982270002365112,0.3841898739337921,0.9860209226608276
303,0.3820977210998535,0.9867995977401733,0.38322892785072327,0.9824808835983276
304,0.3874029219150543,0.9790152311325073,0.38644489645957947,0.9663659334182739
305,0.384513795375824,0.985773503780365,0.38479307293891907,0.9766066074371338
306,0.38530266284942627,0.9977508187294006,0.3868662416934967,0.9970474243164062
307,0.377890408039093,1.0357764959335327,0.3769313097000122,1.0261435508728027
308,0.3849201500415802,1.0166237354278564,0.3852454125881195,1.0087559223175049
309,0.38535675406455994,1.0060678720474243,0.3851165175437927,0.9973956942558289
310,0.3832564651966095,1.020544409751892,0.3825710415840149,1.0110704898834229
311,0.38857561349868774,0.9871998429298401,0.39012131094932556,0.9812368154525757
312,0.3882003426551819,1.0130940675735474,0.3872811496257782,1.0015908479690552
313,0.38882219791412354,1.0647610425949097,0.3870731592178345,1.054294466972351
314,0.38815802335739136,1.0240521430969238,0.3863339424133301,1.0089788436889648
315,0.3891781270503998,1.0220699310302734,0.39031070470809937,1.0166521072387695
316,0.3871175944805145,1.0157312154769897,0.3878893554210663,1.0111228227615356
317,0.3844752311706543,1.0069104433059692,0.38365405797958374,0.9970729947090149
318,0.38643553853034973,1.017353892326355,0.3873984217643738,1.013209342956543
319,0.381683349609375,1.0364248752593994,0.3814849853515625,1.0291707515716553
320,0.3808346390724182,1.0492558479309082,0.380377858877182,1.041850209236145
321,0.3891184329986572,0.9761670231819153,0.39056307077407837,0.9735747575759888
322,0.3863339424133301,0.9938985705375671,0.386224627494812,0.9829456210136414
323,0.3859994411468506,1.0112051963806152,0.3867199122905731,1.0089247226715088
324,0.38450947403907776,1.0037223100662231,0.38364869356155396,0.9944255948066711
325,0.382916659116745,1.0440071821212769,0.38261762261390686,1.0386321544647217
326,0.3831687569618225,1.0731868743896484,0.3815961480140686,1.06501042842865
327,0.39027589559555054,1.0022735595703125,0.3912408649921417,0.9987776279449463
328,0.3850678503513336,1.0149718523025513,0.3854616582393646,1.009209156036377
329,0.3883623480796814,1.0231826305389404,0.38802433013916016,1.0145039558410645
330,0.3840811848640442,1.0353094339370728,0.3842630386352539,1.0301424264907837
331,0.38385239243507385,1.0701751708984375,0.38007432222366333,1.0540610551834106
332,0.3883257806301117,1.0394303798675537,0.38932645320892334,1.0360699892044067
333,0.38607943058013916,1.0329813957214355,0.3856431245803833,1.0266965627670288
334,0.3871247470378876,1.0400217771530151,0.38725364208221436,1.0352963209152222
335,0.38778576254844666,1.0344364643096924,0.38854119181632996,1.0331279039382935
336,0.3893703520298004,1.0019184350967407,0.39197075366973877,1.005987524986267
337,0.39272651076316833,1.0260745286941528,0.39198631048202515,1.0189145803451538
338,0.38596269488334656,1.0162363052368164,0.384562224149704,1.0056560039520264
339,0.38898974657058716,1.0733031034469604,0.3871109187602997,1.063888430595398
340,0.38939976692199707,1.0231155157089233,0.39025813341140747,1.0219981670379639
341,0.38870489597320557,1.006251573562622,0.38746336102485657,0.9968035221099854
342,0.3923913538455963,1.0475311279296875,0.3929007053375244,1.0478254556655884
343,0.3835543692111969,1.079330563545227,0.3820873498916626,1.0735198259353638
344,0.38758498430252075,1.0213936567306519,0.38825011253356934,1.0195304155349731
345,0.38781726360321045,1.0262216329574585,0.38852208852767944,1.0238984823226929
346,0.3882461190223694,1.0169538259506226,0.3889639675617218,1.0145279169082642
347,0.3918410837650299,0.998131513595581,0.3934285044670105,0.99614417552948
348,0.3897956609725952,1.0520102977752686,0.3908272087574005,1.0517175197601318
349,0.38552653789520264,1.0286785364151,0.3833429217338562,1.0159066915512085
350,0.39191514253616333,1.0291938781738281,0.3916110694408417,1.0225797891616821
351,0.38695546984672546,1.068825364112854,0.38568952679634094,1.05953848361969
352,0.38697630167007446,1.010050892829895,0.3886815011501312,1.0088837146759033
353,0.38811570405960083,0.994789719581604,0.3911164402961731,0.997525155544281
354,0.3830004930496216,1.031287670135498,0.3821824789047241,1.022186517715454
355,0.3846624493598938,1.0399740934371948,0.3839414119720459,1.0329511165618896
356,0.39388972520828247,1.021093726158142,0.3928087651729584,1.0109645128250122
357,0.3874469995498657,1.0130016803741455,0.3868449628353119,1.0064448118209839
358,0.3917616903781891,1.0771845579147339,0.39188408851623535,1.0745787620544434
359,0.39623865485191345,1.0332671403884888,0.3981736898422241,1.0357412099838257
360,0.38626158237457275,1.0214378833770752,0.38757818937301636,1.0195649862289429
