epoch,L_x,L_u,lambda_u,L_reg,L_total
6,1.4247787827782208,0.0014966449569642757,3.1212529976019185,0.004182808703214725,1.4324406512635504
6,1.4363407486974484,0.0016378708166621112,3.1212885985748215,0.0040158903742797515,1.4441334116770366
7,1.312961182496161,0.0014533643896458106,4.683716707021792,0.00570354197336672,1.3243202989961564
7,1.3016007364664264,0.0014689162090133641,4.683707524271845,0.005856112583802597,1.3131886795886512
8,1.2645425359600957,0.0014003270817977078,6.246207524271844,0.0058490421582867835,1.2780348655668277
8,1.2599323673259892,0.0014266661713024434,6.246198296836983,0.0061999748522130246,1.2739286709875957
9,1.224055995495574,0.0013508880615473986,7.808707524271844,0.006439388740369236,1.2399846697316586
9,1.2167046177416243,0.0013442062936386732,7.808698296836983,0.006652029338825286,1.2328054147915248
10,1.2084449804523616,0.0013196621642863938,9.367433414043584,0.006459919677864199,1.22623877979598
10,1.216114485956566,0.001331589239244699,9.371216707021793,0.006477084546406318,1.2340247322225686
11,1.2085241552703894,0.001317381763833036,10.933716707021793,0.0066824986139362,1.2285894175707284
11,1.2055775025040631,0.0013101104085090692,10.933725845410628,0.006341228025385003,1.225219807619058
12,1.1736327868018417,0.0012637150082017755,12.496198296836983,0.00683457004101811,1.1952677598254815
12,1.1931572252009288,0.0013014638298527754,12.496234939759034,0.0067753127304814665,1.2151754876217211
13,1.181999332246711,0.0012932323738504155,14.058716707021793,0.006805233155900373,1.2059762716004692
13,1.1847158378133407,0.001275439245126528,14.058743990384615,0.007296458940030648,1.2089434877897685
14,1.1630904262768473,0.0012763295101776836,15.621225845410628,0.007342908372832597,1.1893800776361843
14,1.17019990811865,0.001289865717218897,15.621234939759034,0.007340477985408472,1.1966832495597473
15,1.1717050515401821,0.0012744590059390669,17.183743990384613,0.006835195632167877,1.19943989526767
15,1.173178834430242,0.001290645448944236,17.183716707021794,0.007395230497506427,1.2017423777545624
16,1.1618794295936823,0.00125615623815415,18.746243990384613,0.006887826693575614,1.1913385753734753
16,1.1667271986853875,0.001266754726832956,18.74625299760192,0.007229702438314934,1.1967074590907107
17,1.1547532578786979,0.001248888598288781,20.308743990384613,0.007134033220958931,1.1862710538105323
17,1.166525848209858,0.0012693333069714403,20.308743990384613,0.0072422273593614455,1.1985539057506964
18,1.1524154177958446,0.0012469079936056106,21.87125299760192,0.007466354468229899,1.1861729996381618
18,1.158539482872549,0.0012600993842547604,21.87125299760192,0.007242569688995697,1.1923558854942413
19,1.1484501480769653,0.0012370022461534692,23.433743990384613,0.007063038794373055,1.1835385722896228
19,1.146396307636508,0.001229384543786799,23.43375299760192,0.007489435680152522,1.1817385647222578
20,1.1482018401011003,0.0012319164721371172,24.99625299760192,0.007066717179831591,1.185103747770369
20,1.1575031153303827,0.0012486054261502022,24.99625299760192,0.0072757334619251305,1.1950100015679137
21,1.1529169824483583,0.001246700621555097,25.0,0.007433716257435562,1.1915182135373854
21,1.1438986163299818,0.0012385835267335866,25.0,0.006900486690238512,1.1817636918276548
22,1.1338686499601374,0.0011963747485704236,25.0,0.007651582697760135,1.1714296012830276
22,1.1378424902661488,0.001227331068548665,25.0,0.007559836965810973,1.1760856026353745
23,1.150163332430216,0.001229303724358033,25.0,0.007200122791870784,1.1880960485969598
23,1.1462281640066485,0.0012413925004863453,25.0,0.007246578940520125,1.1845095608222997
24,1.1487172832044117,0.0012310561018691812,25.0,0.006803814196150358,1.1862975009605645
24,1.138395146929103,0.0012142570532006334,25.0,0.007299779675347056,1.1760513478045842
25,1.1441508299695564,0.001240453198841086,25.0,0.007426390028725376,1.1825885478238218
25,1.1390587470228437,0.0012214088840946126,25.0,0.007532640012445674,1.177126610021797
26,1.150278857307571,0.001232277944101395,25.0,0.007267446636220075,1.188353251683655
26,1.1373636675282166,0.0012312729482241243,25.0,0.007146561549654087,1.1752920549076338
27,1.1335046605812273,0.001210919684089488,25.0,0.007388799162067884,1.1711664515719424
27,1.1497081501020803,0.0012616244530974166,25.0,0.007026316528543562,1.1882750795041914
28,1.140862031949224,0.0012314223230853274,25.0,0.007107352134123963,1.1787549434520073
28,1.1379944613675752,0.0012205712356310535,25.0,0.007354551640787033,1.17586329422499
29,1.146337616529191,0.0012175049840274343,25.0,0.007408168758978649,1.1841834047764683
29,1.1476911378758294,0.001232412112447145,25.0,0.007254082455654585,1.185755524394058
30,1.1336348718748643,0.0012292077483904834,25.0,0.007301683436918001,1.1716667514007826
30,1.1317822185273354,0.0012102126492419092,25.0,0.007242622497030355,1.1692801562782664
31,1.1344941059510674,0.0012410184427395097,25.0,0.007203577979218268,1.1727231442928314
31,1.140559825186546,0.0012369779934977908,25.0,0.007163697149595604,1.178647974649301
32,1.1263868305115745,0.001205148846985629,25.0,0.006915950894136376,1.1634315033085072
32,1.1413211374761956,0.0012399822112304296,25.0,0.007187050126680133,1.1795077372395821
33,1.1305335228391689,0.0012048734454588844,25.0,0.007224540401482397,1.167879898485234
33,1.1316765062242962,0.0012265991702775205,25.0,0.007524284866651882,1.1698657707344713
34,1.1317694644180782,0.0012250577483123445,25.0,0.00699009584055759,1.1693860004393108
34,1.1344846223244827,0.0012120633377302572,25.0,0.0071375541022475186,1.1719237594513232
35,1.1396626574244144,0.001240416717974076,25.0,0.007642636497167767,1.178315709606349
35,1.143855818964186,0.0012537263966459294,25.0,0.007203868637415802,1.182402844939913
36,1.1309752095517496,0.0012163270248951082,25.0,0.007164222920845024,1.1685476104418437
36,1.1331521278363095,0.0012174541473641556,25.0,0.0072787908500764505,1.1708672733968526
37,1.1284564821914052,0.0011800724640377222,25.0,0.007428802015665366,1.165387095446792
37,1.1305053168663262,0.001204902939120561,25.0,0.0073580406689549615,1.1679859330659834
38,1.1393272053423544,0.0012236762307087357,25.0,0.007249326068836508,1.1771684376884708
38,1.1229043582980143,0.0011826485638288362,25.0,0.007938909276419779,1.1604094781944057
39,1.1292654896181735,0.0012098401789770697,25.0,0.007511871710361726,1.1670233641514938
39,1.1269528677589016,0.001226701241757489,25.0,0.0075777972603894095,1.165198191643902
40,1.1219551015931826,0.0012020217241465265,25.0,0.007921029206325049,1.1599266736839826
40,1.1201080416093032,0.0011827149673512107,25.0,0.00762686468538289,1.1573027831515628
41,1.1407323285689546,0.0012149259031472635,25.0,0.007330852448431478,1.1784363308315322
41,1.1518321929936204,0.0012394668080851782,25.0,0.007392318938796422,1.1902111830038318
42,1.123963177204132,0.0011860228959096675,25.0,0.007805192410281935,1.1614189424583217
42,1.114931952038543,0.0012077095560177856,25.0,0.008078998943558522,1.1532036914385193
43,1.1192486128932853,0.001207447173051554,25.0,0.007405097151344879,1.1568398903027999
43,1.1077544653444267,0.0011986871869738797,25.0,0.00761956003231021,1.1453412035100465
44,1.124296668890268,0.0011980558684715882,25.0,0.007922391792279191,1.1621704589495512
44,1.1236531519662225,0.0012077637485490762,25.0,0.007665022584189592,1.161512265484202
45,1.138754908975802,0.001236881737560524,25.0,0.007742868979243143,1.1774198200428885
45,1.1359978548118046,0.0012248419873122614,25.0,0.007542165054474026,1.1741610651924497
46,1.1232722944905313,0.0012111049862611931,25.0,0.0076130531259264314,1.1611629720224719
46,1.1191510838369765,0.0011970188359225387,25.0,0.007868325283866473,1.1569448793418082
47,1.1227840716331199,0.0011931750224346215,25.0,0.007602055377157574,1.1602155035049722
47,1.12516079370048,0.001205786223009869,25.0,0.007523233720561521,1.162828677736205
48,1.126386619126313,0.001214625464051046,25.0,0.007683237372766424,1.164435496478206
48,1.1157441618059465,0.0011959250798483539,25.0,0.007496826764423963,1.1531391173815555
49,1.1248841711351176,0.0012096520316949712,25.0,0.007447845910778314,1.1625733214417142
49,1.1240999842683475,0.0012126582491050828,25.0,0.007596798689614627,1.1620132398037684
50,1.1206896255413692,0.0012089128998230168,25.0,0.007633871452638968,1.1585463201715833
50,1.128128712114535,0.0012174414920021277,25.0,0.007472226586143829,1.1660369775797192
51,1.1246152643941183,0.001208020604786803,25.0,0.007546633655352069,1.1623624092354694
51,1.1151705678721315,0.0011910872180642769,25.0,0.007755989625023095,1.1527037359507386
52,1.1167868109686034,0.0011930176118593885,25.0,0.007696072398019688,1.1543083216462817
52,1.1078360486144383,0.001181591374464533,25.0,0.007750857500292734,1.1451266868871266
53,1.1125669366989044,0.0012039323121354846,25.0,0.007286493331949651,1.1499517336665588
53,1.1161893081436887,0.0012001799463108405,25.0,0.0074998760572523235,1.1536936826968307
54,1.106072705087912,0.0011837867808640492,25.0,0.007757932586464275,1.1434253031712442
54,1.114285117859463,0.0011942161726474995,25.0,0.007712378339145145,1.1518529021768547
55,1.1181593895812023,0.0012116884189793454,25.0,0.007578861763531916,1.156030464855185
55,1.0982797420996842,0.0011642948045658854,25.0,0.007680943936480285,1.1350680529642447
56,1.1104690744085925,0.001185452923618217,25.0,0.007489727983675755,1.1475951232033867
56,1.1142808547452412,0.0011952467346652844,25.0,0.007714534388979572,1.1518765568448706
57,1.108493932002454,0.0011807702965693822,25.0,0.008083616495601458,1.1460968078755074
57,1.1109195802547482,0.0012172824094824376,25.0,0.007567019008437887,1.1489186595618583
58,1.103918817546442,0.0011883805331727156,25.0,0.008026807664444656,1.1416551426446124
58,1.114462274312973,0.0011881429947347248,25.0,0.007571801701228001,1.1517376546348845
59,1.1069717651063746,0.0011776685819161262,25.0,0.007751131156218822,1.1441646129891063
59,1.1065773429197558,0.0011939097643700654,25.0,0.008040413821927097,1.1444654999452344
60,1.1046878228278172,0.0011787453869987067,25.0,0.00787080910539082,1.1420272699161267
60,1.0957076997631774,0.0011721502550264158,25.0,0.008127193825168263,1.133138650072503
61,1.1207942889923115,0.0012123365488942738,25.0,0.008248371176831602,1.1593510706744126
61,1.110202696460944,0.0012032123768921548,25.0,0.007768664482752614,1.1480516722569098
62,1.1015873893385841,0.0011722258089104712,25.0,0.007901999749065865,1.1387950349421727
62,1.107352980474631,0.001167383967203066,25.0,0.007407383220769199,1.143944965373902
63,1.1053092898357482,0.0011841116083641757,25.0,0.0076965743603761355,1.1426086573373704
63,1.1013760834149928,0.0011572613339728914,25.0,0.008042499328561145,1.1383501157555773
64,1.1077663659199966,0.0011943373182067324,25.0,0.007977987621355615,1.145602784785409
64,1.1042426583043772,0.0011823857887272868,25.0,0.007629186209617844,1.1414314910981327
65,1.1212355437732877,0.0012045074640246597,25.0,0.007892608723514492,1.1592408374661491
65,1.100515581170718,0.0011692266509358196,25.0,0.00798091319822041,1.1377271571329661
66,1.0951648457882805,0.001164852539763173,25.0,0.007703637636229042,1.1319897969091872
66,1.1100711108392065,0.0011961036800047903,25.0,0.00784335943963601,1.1478170600312991
67,1.1082573778321299,0.001190867733002003,25.0,0.008097377898167089,1.1461264491081238
67,1.1051865879268874,0.0011776551302145456,25.0,0.007933135686575303,1.1425610978688512
68,1.1038140994352852,0.0011748792904328483,25.0,0.007721177352627744,1.1409072557424422
68,1.101917783937183,0.001152224800526275,25.0,0.008026096049003232,1.1387495018577123
69,1.10374757463462,0.0011738205990574882,25.0,0.007644764366703475,1.1407378545283138
69,1.1103994830807238,0.0011859749317896372,25.0,0.007917824217837781,1.1479666837583786
70,1.0790375762008595,0.0011494822274340968,25.0,0.008244136748857725,1.1160187659936658
70,1.1037105527662097,0.001186712797061773,25.0,0.008361555257302132,1.141739927587055
71,1.09673296060245,0.0011586763843785609,25.0,0.00781737444750885,1.133517245074066
71,1.1036675323449912,0.0011733980125748732,25.0,0.007709908469186691,1.1407123944924384
72,1.1368685312339075,0.0012505297023540855,25.0,0.007633400768497317,1.1757651734522006
72,1.1203479419387348,0.0011836540827613712,25.0,0.007585744248257323,1.1575250382671989
73,1.1157111442712027,0.0011890581965909922,25.0,0.007979112547864329,1.153416716358724
73,1.093215555380406,0.0011742338770721998,25.0,0.00792279421200343,1.130494194880627
74,1.0901538354115725,0.0011698920077612058,25.0,0.007933254432053193,1.127334389453287
74,1.1038071964812108,0.0011961450831408252,25.0,0.0076087796380367315,1.1413196066213052
75,1.0959516259885969,0.0011754745556529435,25.0,0.007890354657346117,1.1332288431269781
75,1.0983552397716614,0.0011662360931430677,25.0,0.007839970346096726,1.1353511122011004
76,1.1021808599942056,0.0011828981004716485,25.0,0.007921165458275658,1.1396744791818405
76,1.08756232917594,0.0011608234639964667,25.0,0.00792277897162247,1.1245056934048685
77,1.1044589015066197,0.0011781578208931093,25.0,0.00789120458933327,1.1418040559798266
77,1.0959862319837037,0.0011747988441854556,25.0,0.0077846857484625675,1.1331408831128642
78,1.0810645130418597,0.0011542210850859105,25.0,0.00798901352654433,1.11790905552251
78,1.090624321642376,0.0011691350706747644,25.0,0.008112298361846201,1.1279649936017535
79,1.0923523816530043,0.0011868127856753112,25.0,0.007851533123873829,1.1298742365100887
79,1.0797830117346279,0.001156767852966138,25.0,0.007736789779448638,1.1164389952554907
80,1.0816470636388282,0.0011535437455620875,25.0,0.007734703100931015,1.118220362003208
80,1.0943196756702862,0.001194597916921565,25.0,0.008075024784457955,1.13225964695643
81,1.0835559473401892,0.00116163937880342,25.0,0.00829556060794892,1.1208924942056433
81,1.0887684281066738,0.0011755989955758287,25.0,0.008147838558416536,1.1263062421509402
82,1.092450487613678,0.0011555583881480353,25.0,0.008089386262664838,1.129428831523373
82,1.0895665265264964,0.0011746857596638923,25.0,0.00817679111191648,1.1271104623874029
83,1.0913077383523895,0.0011741655736668256,25.0,0.007915199470395843,1.1285770724217097
83,1.0867420194267943,0.0011587850465367366,25.0,0.007669457160334618,1.1233811029487437
84,1.0834301299992062,0.0011652635468635709,25.0,0.008417716939445763,1.1209794341098696
84,1.0836766956817536,0.0011611229480920538,25.0,0.008617371889496489,1.1213221446389243
85,1.0924679469494594,0.0011848459355643995,25.0,0.007756746805916053,1.129845841228962
85,1.0947891623843593,0.0011874105775924598,25.0,0.007628883688650901,1.1321033123270066
86,1.0834727121645369,0.0011594626897555552,25.0,0.008340062464049834,1.1207993401484364
86,1.0804802432549596,0.0011672097202562693,25.0,0.00806927923802153,1.1177297649918423
87,1.0891889402007147,0.001186756942343958,25.0,0.007959008740310096,1.1268168726229155
87,1.0877769184912995,0.0011722869337458227,25.0,0.007914255537333891,1.1249983455065629
88,1.0888960362191986,0.001178202114839258,25.0,0.007461823122953743,1.1258129134667516
88,1.0838692590131964,0.0011784418873368877,25.0,0.008078069870109027,1.1214083757491555
89,1.0954660099177134,0.0011918436899404263,25.0,0.007775450500083112,1.1330375530890056
89,1.0942984595185234,0.0011820479006495416,25.0,0.007415447382455958,1.1312651056618916
90,1.0779617574605693,0.0011498800765351346,25.0,0.00806980730629484,1.1147785673798405
90,1.0907770898859939,0.0011931892549996942,25.0,0.008195461637533864,1.1288022806507876
91,1.0936455144768669,0.0011880648559391765,25.0,0.007726744238642,1.1310738755833536
91,1.0860976874828339,0.0011879683970445988,25.0,0.00791111664757842,1.123708012700081
92,1.0855475925887115,0.0011647645994489635,25.0,0.008470192516604904,1.123136898782771
92,1.077226275940077,0.0011618515583896188,25.0,0.008343755102041068,1.1146163234213518
93,1.0942791124090765,0.001153659547642712,25.0,0.00783140832388341,1.130952009092575
93,1.0920337344918931,0.0011645967933526706,25.0,0.007759694131978211,1.1289083475158328
94,1.0801208477971673,0.0011618345366285411,25.0,0.008231966816012763,1.117398678406967
94,1.079596253302205,0.0011650632430617908,25.0,0.0078117429254457105,1.1165345786869385
95,1.079909002695967,0.0011593997976222827,25.0,0.0079808337254463,1.1168748296071684
95,1.0882624786524546,0.0011883593714238877,25.0,0.008122311646695293,1.1260937731890452
96,1.0929208903085619,0.001175381644238119,25.0,0.008205175765102641,1.1305106087809518
96,1.0867744180199086,0.0011650309970545982,25.0,0.007842974264159214,1.123743169239751
97,1.088231369076182,0.0011783186780091296,25.0,0.008127213226216382,1.125816550441263
97,1.0647715680781298,0.0011305676167219574,25.0,0.008546137682724575,1.1015818975421297
98,1.0846468026712004,0.0011874504958619507,25.0,0.007662170339900298,1.1219952342618338
98,1.0923390879059065,0.0011788491729863714,25.0,0.008028127940210144,1.129838445053531
99,1.0924484674419677,0.0011785151824976008,25.0,0.007619821857882752,1.129531168937683
99,1.0870007223774942,0.0011520333578793386,25.0,0.007926195607583024,1.1237277508352361
100,1.090609415518164,0.0011615576613578566,25.0,0.008329058196770813,1.1279774101283313
100,1.0918084998831366,0.001165760880897828,25.0,0.008076694738826056,1.1290292138171987
101,1.0837781791328531,0.0011802529368820757,25.0,0.007906657683625284,1.1211911534494887
101,1.0803443820629437,0.001182801703850002,25.0,0.008008024872627967,1.1179224487721495
102,1.0908043442876356,0.0011809872415279058,25.0,0.008461130403431225,1.128790157933793
102,1.0835709827896518,0.0011668798299356272,25.0,0.00790963024745622,1.1206526127521634
103,1.087425307470745,0.0011813389207542093,25.0,0.008035971355226629,1.1249947483898062
103,1.0833374344876834,0.0011630925553617999,25.0,0.007961699306698782,1.1203764488299688
104,1.0801035069283984,0.0011648265136283867,25.0,0.0077802923380485955,1.117004462650844
104,1.0837065009134157,0.0011469578353821167,25.0,0.007546558273800959,1.1199270043344725
105,1.0845164167029517,0.0011753881873335645,25.0,0.00863225561001205,1.1225333765858696
105,1.0836693706670644,0.0011600955897446731,25.0,0.007742075094516208,1.1204138340260745
106,1.0865102779836948,0.001178473745602141,25.0,0.008213494940287037,1.1241856140931825
106,1.0813092234015749,0.0011540658835176767,25.0,0.008482693884225293,1.118643567850924
107,1.0809536301719829,0.0011636023809755475,25.0,0.007959980698778051,1.118003672517854
107,1.0734978142948377,0.0011572040513523722,25.0,0.008437314739317766,1.110865227736178
108,1.0859511479025796,0.0011584189416247509,25.0,0.007886339543065765,1.122797962029775
108,1.0672214289506277,0.001137063869377709,25.0,0.008462804968890158,1.1041108279001146
109,1.077026847280969,0.00116078643407009,25.0,0.008281306116985524,1.114327812562929
109,1.0739531038062913,0.001160715641925067,25.0,0.00863012802465597,1.1116011249877158
110,1.0950499247936976,0.0011878789182186926,25.0,0.008252409312297546,1.1329993063495272
110,1.0789530233258293,0.001150334384805146,25.0,0.008150152494532189,1.1158615357819057
111,1.0674024020370685,0.0011468328414824635,25.0,0.00826049767185056,1.1043337217073121
111,1.070974141572203,0.001149574910855985,25.0,0.00837083677206898,1.1080843478441238
112,1.0790064850023815,0.0011769182625271026,25.0,0.008139583657473503,1.1165690249630382
112,1.0802236833834136,0.0011615426524660077,25.0,0.008266094276294787,1.1175283483787481
113,1.072309538863954,0.0011488369365300363,25.0,0.008223885169718415,1.1092543476394245
113,1.0675384365376972,0.0011569430128604706,25.0,0.00807501947052688,1.1045370314802443
114,1.080612051429931,0.0011674494001597754,25.0,0.008233432694222404,1.1180317202253205
114,1.0722864136099814,0.0011518548842148102,25.0,0.008802025338878767,1.109884810376735
115,1.0713519259577706,0.0011567231505371942,25.0,0.007660526288895025,1.1079305295433317
115,1.0644016567448729,0.0011451022047521701,25.0,0.008024169537205436,1.101053384223815
116,1.0704204805711004,0.001160385554321866,25.0,0.008373129165449085,1.1078032490603964
116,1.0744073132057463,0.0011788629683630368,25.0,0.008142619999459009,1.1120215086066354
117,1.0786859027846691,0.0011573433493056076,25.0,0.008238141138478228,1.1158576226857382
117,1.0763699334477586,0.001153484312112326,25.0,0.008331990875458597,1.1135390306028787
118,1.074336298500274,0.0011534020944134577,25.0,0.008208281201843588,1.1113796330404395
118,1.0585012566165517,0.001147681323484011,25.0,0.0082039061486898,1.0953971963738602
119,1.0819978043083895,0.001168159738329782,25.0,0.008121435882488344,1.1193232347049984
119,1.0778875952661746,0.0011440652915920327,25.0,0.007850540500751424,1.114339769028145
120,1.0683713678509492,0.0011630610956488545,25.0,0.008294421370360213,1.105742315498497
120,1.0652643884245254,0.0011490427808101195,25.0,0.00794063214272243,1.1019310924396695
121,1.068059896997043,0.0011556172445471885,25.0,0.007849199480066698,1.1047995263621921
121,1.0695361886173487,0.001149135098505492,25.0,0.008719178351804238,1.1069837456139235
122,1.0775193904127394,0.0011563929208066493,25.0,0.00813332135633876,1.1145625379823503
122,1.0735823055108389,0.001139347035842504,25.0,0.0085147203062661,1.1105807037580582
123,1.0739518510443824,0.001157355246583133,25.0,0.008033590212774774,1.110919325834229
123,1.0632975857882272,0.0011447818827166755,25.0,0.008377352080285727,1.1002944831337247
124,1.0812538021250746,0.0011566255396207674,25.0,0.007968466584028725,1.118137905263561
124,1.07356705339182,0.0011635400137969382,25.0,0.00807553001989921,1.110731081025941
125,1.0689374694065357,0.0011592582147457856,25.0,0.008261851986843623,1.1061807749815056
125,1.0770601604726706,0.0011638794773183056,25.0,0.008385819155665341,1.1145429677748058
126,1.0656055637768336,0.0011410414618911178,25.0,0.008425298794117268,1.1025568957839693
126,1.076302569439179,0.0011525547144754244,25.0,0.008242373009634839,1.1133588113580917
127,1.0627159210112203,0.0011332426957106948,25.0,0.008295495918069273,1.09934248720382
127,1.071579689213208,0.0011539930672456865,25.0,0.008006708425957533,1.1084362245741344
128,1.0634803336943495,0.0011315801076346047,25.0,0.008444473744917361,1.1002143078364468
128,1.0740018667209716,0.0011583273876264381,25.0,0.008309098798227275,1.1112691487584796
129,1.072177831768136,0.0011677566906998515,25.0,0.008513064943320676,1.1098848143881432
129,1.0686032088946844,0.0011550691562916004,25.0,0.008078410603203356,1.1055583471073958
130,1.0785299444708292,0.0011726389357719499,25.0,0.008565785504342222,1.1164117042072594
130,1.0653481414085895,0.001158849236244588,25.0,0.008141379754751425,1.1024607506330675
131,1.0694125400161516,0.0011597543905351993,25.0,0.008163674520505614,1.106570074932026
131,1.0750217812219878,0.0011578362096087774,25.0,0.008081061710247377,1.1120487522342708
132,1.0795499809545364,0.0011574469509637159,25.0,0.007897727064549994,1.1163838833429238
132,1.0642735709746678,0.0011481562640429253,25.0,0.007577220341634183,1.1005547018278212
133,1.0721911609597556,0.0011454092136406143,25.0,0.00808502885517432,1.1089114197076357
133,1.072110478640169,0.0011353354490165224,25.0,0.008434621691305606,1.1089284861739062
134,1.0737319947853863,0.0011602650344569618,25.0,0.008436579316152095,1.1111752026689934
134,1.0730313834562122,0.0011645905923576125,25.0,0.0083990002964663,1.1105451479342312
135,1.06678471988567,0.0011411090438821598,25.0,0.008115824071951477,1.1034282727649263
135,1.0710930771770932,0.0011763135341988388,25.0,0.008328047466264771,1.1088289646165712
136,1.0606951940963618,0.0011450038614276778,25.0,0.00875513756292391,1.098075431811301
136,1.071592205564653,0.0011639213678233476,25.0,0.007943416699532623,1.1086336558335184
137,1.0642623965077616,0.0011425703232211997,25.0,0.008225643542216927,1.1010523008054338
137,1.0757843369359605,0.0011610447469643098,25.0,0.008117765469507774,1.1129282206724704
138,1.0665267105613436,0.001144069090965093,25.0,0.008478175222851513,1.1036066116321654
138,1.0640755262482477,0.0011503591804738619,25.0,0.008291168878907936,1.1011256739815738
139,1.0635173044691744,0.0011418317518591872,25.0,0.008237936073303613,1.1003010336690164
139,1.057233046890721,0.0011292937723394359,25.0,0.008253567431214975,1.093718959783998
140,1.0785492812206277,0.0011756408021974666,25.0,0.007908779456242743,1.1158490805197552
140,1.0739374663371088,0.001162469904148628,25.0,0.008487184841690183,1.1114863981260539
141,1.0814126379433133,0.0011557526321710264,25.0,0.008681207714003644,1.1189876627354396
141,1.0812832429295494,0.0011754972368916718,25.0,0.008036603381679882,1.1187072772355307
142,1.0731515666368172,0.0011543170675483805,25.0,0.008091256850357045,1.1101007492695172
142,1.0729890729072824,0.0011391432163905077,25.0,0.007963485642493372,1.1094311416290719
143,1.0707664045188885,0.0011417758976681172,25.0,0.008650428976646831,1.1079612310595297
143,1.0749893950170122,0.0011616868348272337,25.0,0.007973287677095934,1.1120048498031363
144,1.0759040430897757,0.0011601118599563571,25.0,0.008131305417156823,1.1130381450766609
144,1.0640482106621232,0.001127767681709151,25.0,0.008095270229097439,1.1003376677702954
145,1.064529331591237,0.0011255115382190828,25.0,0.008658226271383376,1.1013253484089414
145,1.0807765938890235,0.0011760160906822143,25.0,0.008275770531931887,1.1184527625522251
146,1.0593361076303003,0.0011272216332972632,25.0,0.008565088081332498,1.0960817349748024
146,1.0734646286444642,0.001167418078383678,25.0,0.008224126586019639,1.1108742078757399
147,1.0769840430168178,0.0011739257356329596,25.0,0.008322635193253863,1.114654822230904
147,1.0684299252378686,0.0011450944300669063,25.0,0.008140644524246454,1.105197928722001
148,1.0656662576288973,0.0011435102747799609,25.0,0.008445334565600654,1.1026993523135569
148,1.059333841428689,0.001148595080141806,25.0,0.008009799088992126,1.096058516074016
149,1.0711473356491017,0.0011501585285306768,25.0,0.008115515289982667,1.108016814807015
149,1.0625325348405612,0.0011599484968991462,25.0,0.008465237159370666,1.0999964831840425
150,1.0681953113039429,0.001141329092033608,25.0,0.008135201941485431,1.1048637402737225
150,1.0759873042856265,0.0011586294294528697,25.0,0.008005925247789168,1.112958963176601
151,1.0016547004712166,0.0010091537542847447,25.0,0.007666728390168372,1.0345502734325844
151,0.9989081618338469,0.0010418274330023362,25.0,0.008145336475391427,1.0330991841976547
152,0.9673397567692925,0.0009746949537999599,25.0,0.008539262450135806,1.000246392698849
152,0.9716186911429999,0.0009848124151039025,25.0,0.00860067191072476,1.0048396736383438
153,0.9514030893409954,0.0009519566584255218,25.0,0.009191265849067884,0.9843932754151962
153,0.9469418872103972,0.0009437136422938612,25.0,0.00895589877413038,0.9794906257881838
154,0.9574117393280979,0.0009487917210003296,25.0,0.008696551789407194,0.9898280837166478
154,0.943430180141064,0.0009405455905796541,25.0,0.009233409701463954,0.9761772257901133
155,0.9368449095549158,0.000923939175223888,25.0,0.00911641023679256,0.9690597991988132
155,0.9445044621475426,0.0009413780962560269,25.0,0.009136179505799298,0.9771750907942722
156,0.933702465801105,0.0009328111758702642,25.0,0.009281803149865195,0.9663045483115685
156,0.9387499208741344,0.0009334863521111692,25.0,0.009591474583123247,0.9716785510940731
157,0.9305295198806834,0.0009232801608103317,25.0,0.00920390237539361,0.9628154278080693
157,0.9361514971881616,0.0009416734388199541,25.0,0.009997497140419009,0.9696908287477158
158,0.9387967381321016,0.0009321881837739917,25.0,0.009260334660118092,0.9713617792174185
158,0.9216640768899851,0.0009171297201934212,25.0,0.009688898170174948,0.954281218855945
159,0.9218109645804421,0.0009046832175349568,25.0,0.009640283082705646,0.9540683292812151
159,0.9306532377660693,0.0009294440258927948,25.0,0.0094830828088508,0.9633724266527967
160,0.9234420496630166,0.0009157331404112611,25.0,0.010349538754693624,0.9566849198637299
160,0.9215525383832025,0.000907932194714561,25.0,0.010144224906213738,0.9543950679849406
161,0.9255595657034456,0.0009170975614307561,25.0,0.009892625250052835,0.9583796283630567
161,0.9151530654564395,0.0008983067648860994,25.0,0.01016069880732503,0.9477714321791986
162,0.9191495013710494,0.0008980625881062751,25.0,0.009860487321879123,0.951461553991398
162,0.9182377973401296,0.0009002434221667236,25.0,0.009898107607393096,0.9506419869859548
163,0.9182118053877382,0.0009106855680135491,25.0,0.01005980037196389,0.9510387465602061
163,0.9141444086192925,0.0008900416202361208,25.0,0.00983018896985303,0.9462256359859048
164,0.918987810750988,0.000909071953403633,25.0,0.009945404949210689,0.9516600150371266
164,0.9157569498937821,0.000907929905836588,25.0,0.010090696621603532,0.9485458944027669
165,0.9170193018339504,0.0009015099492678027,25.0,0.010110410091371458,0.9496674638624504
165,0.9125204747803858,0.0008954088420255727,25.0,0.010259271121723142,0.9451649670845994
166,0.9162347836193637,0.0008977404134290915,25.0,0.010255407867572383,0.9489337001169953
166,0.9107850432117409,0.0008886775577704152,25.0,0.010350909406127774,0.9433528952927233
167,0.9071477543667098,0.0008816536051241864,25.0,0.010231502924253729,0.9394205972970089
167,0.9095171939268291,0.0008933765723404831,25.0,0.01036340538325293,0.942215019993693
168,0.9098766272730916,0.0008879695324309901,25.0,0.010518605817026658,0.9425944695684397
168,0.9112923742036954,0.0008923688828787401,25.0,0.010007938324956868,0.9436095352763327
169,0.9100459848191137,0.000886950771409744,25.0,0.010135192065021005,0.9423549451699881
169,0.9140581606983025,0.0009009854139914632,25.0,0.010322679111638288,0.9469054761891053
170,0.9064333646375442,0.0008866862470347208,25.0,0.010203969269385996,0.9388044918669718
170,0.90943839108554,0.0008791393411569363,25.0,0.010430437653046971,0.9418473089827555
171,0.9024117109931518,0.000883227477375653,25.0,0.010221766898730578,0.9347141648982172
171,0.9031457541701949,0.0008731103174047867,25.0,0.010325212744238707,0.9352987270071128
172,0.9066974495615915,0.0008879522762735153,25.0,0.010309371850279239,0.9392056286195728
172,0.9014709155971758,0.0008870113392689083,25.0,0.01014589935717408,0.9337920982425458
173,0.8997096779185297,0.0008716028313817877,25.0,0.01053738965553021,0.9320371369104008
173,0.8982546254992485,0.0008691459268311944,25.0,0.010221949996639949,0.9302052251785715
174,0.9015879426802789,0.0008737321864756037,25.0,0.010145162363560537,0.9335764053957167
174,0.9046898767664716,0.0008778576338869935,25.0,0.010718017118594377,0.93735433583493
175,0.9099900621773201,0.0008740659582600679,25.0,0.010472080368539948,0.9423137902518808
175,0.8962571239554799,0.0008669700050557744,25.0,0.010705671776824204,0.9286370442046986
176,0.8948183085396018,0.0008641409273256628,25.0,0.010520549403125797,0.9269423798108712
176,0.8984301087461707,0.0008650167232855834,25.0,0.010171146584145013,0.9302266726404915
177,0.8869249794945538,0.0008584014661286449,25.0,0.010520589728317459,0.91890560577963
177,0.8903016466777641,0.00086500575107366,25.0,0.010861831641211099,0.9227886229822964
178,0.8967687104131792,0.0008664128198877242,25.0,0.010969222723538955,0.9293982528306387
178,0.8966963052193879,0.0008680433493706187,25.0,0.010665670194660937,0.9290630604837324
179,0.896386199064188,0.0008635475522906917,25.0,0.010293587205914176,0.9282684749239808
179,0.8894840924889891,0.0008619255185483289,25.0,0.0103346000388612,0.9213668321951841
180,0.8914657262933282,0.0008607904238426637,25.0,0.010568913405583108,0.923554399005183
180,0.8911992796373256,0.0008614093396428154,25.0,0.010614111244522191,0.9233486236947955
181,0.8911711180404628,0.0008544739747095944,25.0,0.010770105037703624,0.9233030718523305
181,0.8951221297393034,0.000859913257051624,25.0,0.010949758169108825,0.9275697191834172
182,0.8926988169029876,0.0008554320431277503,25.0,0.010339309484752151,0.9244239310145655
182,0.8860017169605602,0.0008575260483291834,25.0,0.010571627637223798,0.9180114960475957
183,0.8929975709437212,0.0008598534232396242,25.0,0.010561325808765587,0.9250552304835864
183,0.8942352356888476,0.0008656652133093956,25.0,0.010249289430000565,0.9261261555420491
184,0.8965652400936002,0.000869366359097247,25.0,0.010161334054983094,0.9284607351937771
184,0.8884393028168134,0.0008605877652892947,25.0,0.01074712912417462,0.9207011268133328
185,0.8905016289446459,0.0008493496809197624,25.0,0.010821016984318746,0.9225563864052156
185,0.8836725936347233,0.0008512641271898666,25.0,0.0108569518577238,0.9158111468895332
186,0.8841132885494898,0.0008380283825613861,25.0,0.010389823076141955,0.91545381622259
186,0.8952932927436206,0.0008504766075234721,25.0,0.011066345086577403,0.9276215527857934
187,0.8901767571628233,0.0008365785299272804,25.0,0.011266500669551063,0.9223577203033687
187,0.874072131924418,0.0008234131135836695,25.0,0.01115054970212055,0.9058080087730657
188,0.8944533712642138,0.0008611945537606601,25.0,0.010486153100054105,0.9264693910299345
188,0.8891272273235944,0.0008445195617283953,25.0,0.010964955911496198,0.9212051719635517
189,0.8822507090346757,0.0008396181090109505,25.0,0.011200802285917277,0.9144419637530349
189,0.8911632951739785,0.000847239834890106,25.0,0.010645326775105752,0.9229896192923015
190,0.8861616780591566,0.0008391017614062442,25.0,0.010634156180610664,0.9177733777567397
190,0.8826918861804864,0.0008411781654038112,25.0,0.010979558562638459,0.9147008988129232
191,0.8853852125794388,0.0008562261472878501,25.0,0.010917060115634529,0.9177079270052355
191,0.8910533297893612,0.0008328410872626443,25.0,0.011132696915829424,0.9230070554932882
192,0.8937890869240428,0.0008530412826498937,25.0,0.010784681846366025,0.9258997985096865
192,0.8878771765287532,0.0008298572351165159,25.0,0.01107028312764542,0.9196938913921977
193,0.8904864064482756,0.0008591419254730153,25.0,0.010715312405684314,0.9226802660975345
193,0.8820664124433384,0.0008368649538254452,25.0,0.011295051000969008,0.9142830865327702
194,0.8865421024865883,0.0008416632831984654,25.0,0.011454718970953551,0.9190384029649025
194,0.8807815766611765,0.0008386867811570356,25.0,0.010722567707430138,0.9124713163736254
195,0.8837617424338363,0.0008462694822133756,25.0,0.01125317039996992,0.9161716516627821
195,0.8782831817865372,0.0008342934120243394,25.0,0.01135771483897643,0.9104982308177061
196,0.8855565373287645,0.0008466551567327642,25.0,0.010713086148377422,0.9174360056949217
196,0.8798819448365721,0.0008296870612295691,25.0,0.010702957515604794,0.9113270762354828
197,0.8819323857856352,0.0008326134857989652,25.0,0.010847450171727254,0.9135951724163321
197,0.8872077727040579,0.0008448453808912661,25.0,0.010593965678302527,0.9189228722522426
198,0.8911002492488816,0.0008570607673095236,25.0,0.011055255602222196,0.9235820237980332
198,0.8811976749536603,0.0008340656736711322,25.0,0.011691129317528807,0.913740446123966
199,0.8848853345527206,0.000847500441108592,25.0,0.011103910928440475,0.9171767557776251
199,0.8788370293240214,0.0008446919740594621,25.0,0.011071590596246858,0.9110259178072907
200,0.879899796011836,0.0008297090115753912,25.0,0.010956223704852164,0.9115987460973651
200,0.8732573566741721,0.0008317758642586468,25.0,0.011362810104240685,0.9054145650115124
201,0.8826860962912094,0.0008399677577937498,25.0,0.011284580799144541,0.9149698719035747
201,0.8645625320631404,0.0008125393475787606,25.0,0.011081196935197641,0.8959572141253671
202,0.8813751180504643,0.000840538795049259,25.0,0.010992080519019171,0.9133806659731754
202,0.8855205257964689,0.0008427458761468378,25.0,0.010506226746690307,0.9170953995959703
203,0.8757249121056047,0.0008251259133198061,25.0,0.010781776348432135,0.9071348377438478
203,0.8818074387866397,0.0008410659792621858,25.0,0.010611421055550319,0.9134455084107643
204,0.8808702506298243,0.0008363855181689656,25.0,0.011103605153039098,0.9128834934428681
204,0.8803471189598705,0.0008408615786276303,25.0,0.010886927178876777,0.9122555858867113
205,0.8771320480939954,0.0008370546049094585,25.0,0.01105314164671527,0.9091115543315577
205,0.8809120802685272,0.0008268523742688473,25.0,0.011175950814233443,0.9127593382846477
206,0.8737105597590291,0.0008282259767225316,25.0,0.011371469825809432,0.9057876787906469
206,0.8786175358434056,0.0008251120417912187,25.0,0.011348317009613437,0.9105936550123747
207,0.8782876453427382,0.0008266556971817451,25.0,0.011211957519354169,0.9101659942504972
207,0.8790989888961925,0.0008261673237727738,25.0,0.011467946318064838,0.9112211186525434
208,0.878793124265449,0.0008265139988716963,25.0,0.011405560307118088,0.9108615367218506
208,0.8743575846039972,0.0008211044154703877,25.0,0.0114353014145393,0.9063204936509909
209,0.8761312329491904,0.0008200465887988008,25.0,0.011421216649631428,0.908053613817969
209,0.8747156697650288,0.000820806295730087,25.0,0.011084319148104378,0.9063201470430508
210,0.8795266205362821,0.0008330776007995096,25.0,0.01141294901607139,0.911766508408323
210,0.8827427350504454,0.0008274536198790206,25.0,0.011114599740370934,0.9145436756832656
211,0.8840177735430459,0.0008365342921843178,25.0,0.010879629150058927,0.9158107585115942
211,0.8778109334046216,0.0008219148331778794,25.0,0.011286922867718886,0.9096457272283992
212,0.8754760264105698,0.0008139996369044662,25.0,0.01117583171285153,0.9070018501541731
212,0.873853745224864,0.0008133419892590948,25.0,0.010823684868803465,0.9050109798131987
213,0.8716365815315336,0.0008173036423693853,25.0,0.010969876582904993,0.9030390466172291
213,0.8781168525844052,0.0008259999798813385,25.0,0.011262145557866502,0.9100289978173383
214,0.8690176038482073,0.0008220007413379165,25.0,0.011278120409740511,0.9008457442862252
214,0.8731555015541786,0.000817686055927689,25.0,0.011271616702812702,0.9048692674830903
215,0.8762554576806292,0.0008198514298061579,25.0,0.011113678747485554,0.9078654205024658
215,0.8720174832852976,0.0008183915126248178,25.0,0.011971248374288155,0.9044485189660243
216,0.8729980401262606,0.000810121216531951,25.0,0.01121363379579824,0.9044647031483131
216,0.8693481392622547,0.0008165542496284017,25.0,0.011482626476309968,0.9012446207817635
217,0.8666553002913977,0.0008006018093582394,25.0,0.0111371865528452,0.8978075334616438
217,0.8745132770649222,0.0008088226079180035,25.0,0.011059885479098315,0.9057937299789385
218,0.8721046208505564,0.0008230798750083457,25.0,0.011120422021539886,0.9038020410421553
218,0.8660789827044768,0.0008055471089666411,25.0,0.011833854026664611,0.8980515142189655
219,0.8728074349826007,0.0008227535268359897,25.0,0.011321267822385699,0.904697540948673
219,0.8751843316610469,0.0008147795019646955,25.0,0.011396886688267249,0.9069507063821305
220,0.8754495024127916,0.0008192659679015886,25.0,0.010790989235618309,0.9067221436035882
220,0.8732840392478677,0.0008192880369850087,25.0,0.011311972115275471,0.9050782114960426
221,0.8722307588689012,0.0008214508971872496,25.0,0.011111448062994364,0.9038784787439138
221,0.8689567082995882,0.0008162304645851514,25.0,0.011625269967025436,0.9009877406665732
222,0.8648533248569462,0.0008253789903029363,25.0,0.011295881852715031,0.8967836835268203
222,0.8626960929474532,0.0008016889063194946,25.0,0.011707508295834963,0.8944458203636576
223,0.8646165455438698,0.0008035592755814366,25.0,0.011212261744262758,0.8959177884590874
223,0.871710790904658,0.0008083454821393296,25.0,0.011394232978262094,0.9033136617418231
224,0.8659874386134667,0.0008123754852547542,25.0,0.011862215405576398,0.8981590410672872
224,0.8643902020913542,0.0008082286946463622,25.0,0.011356166667648507,0.8959520850546675
225,0.8638603448038035,0.0008040706887992484,25.0,0.01146422258822416,0.8954263359239096
225,0.8726492831159357,0.0008114376229278877,25.0,0.011788606445959785,0.9047238304000996
226,0.8694189056719539,0.0008100166902599182,25.0,0.011334285989788355,0.9010036107144057
226,0.8620874680526849,0.0007979024314805606,25.0,0.011549538530284007,0.8935845679584069
227,0.8716301176083336,0.0008182705968108974,25.0,0.011160904863036806,0.9032477867160762
227,0.8661139424190167,0.0008060911212769054,25.0,0.011502657933787307,0.8977688790888908
228,0.8764487543681382,0.0008249202069395336,25.0,0.010941514553579992,0.9080132782597553
228,0.8739743512080607,0.0008164006162471551,25.0,0.011383892008343284,0.9057682585273708
229,0.8776244317157639,0.0008230193079789028,25.0,0.011078801238369154,0.9092787154312754
229,0.8541375347467144,0.0007919324147679763,25.0,0.011849705483159374,0.8857855515386002
230,0.869976116789466,0.0008145342572533316,25.0,0.01101950318779442,0.9013589742980258
230,0.8657183394078035,0.0008043868328040042,25.0,0.011425091199503386,0.8972530994227204
231,0.8642648300825858,0.0007987066239657166,25.0,0.011389272284246722,0.8956217698044124
231,0.8766829198585032,0.000820609709985874,25.0,0.01121874952855198,0.9084169115793401
232,0.8755655769267381,0.0008287033540998389,25.0,0.011089462212129149,0.907372623751169
232,0.8660112368396706,0.0008057863227353191,25.0,0.011732874111879591,0.8978887686458376
233,0.8698854485133408,0.0008138117924769649,25.0,0.011391943783052007,0.9016226875118203
233,0.8676888944792913,0.0008012325876993948,25.0,0.011474880933320785,0.8991945894854251
234,0.8731590526701403,0.0008225914554709888,25.0,0.011265983435016324,0.9049898216591634
234,0.8629011271171393,0.0008121476077656704,25.0,0.012183058014563057,0.8953878746093564
235,0.865730543285954,0.0007993191267726208,25.0,0.011637653892950572,0.8973511750626176
235,0.8687576378442848,0.0008001955585101005,25.0,0.011734111214017715,0.9004966383605435
236,0.8671963282638249,0.0007999986826778193,25.0,0.011161968781312457,0.8983582630926384
236,0.8701360428277964,0.0008080186869091788,25.0,0.01083797341312029,0.9011744846462374
237,0.8714251253071075,0.0008128717967414128,25.0,0.01122555906858442,0.9029724799148444
237,0.8773732870609744,0.0008224297663723087,25.0,0.011533837887002565,0.9094678685587686
238,0.8669650167985646,0.0008003503031364677,25.0,0.011401622226845508,0.8983753986518692
238,0.8600503668154476,0.00078893026785132,25.0,0.011589230648663301,0.891362854126158
239,0.8637381893022984,0.0007986387310092059,25.0,0.011804463143034767,0.8955086215189604
239,0.8694874125498312,0.0008058328674754497,25.0,0.011815925214452565,0.9014491590636747
240,0.8762248590312622,0.0008133218443954656,25.0,0.011472459608706197,0.9080303648693694
240,0.8722526942276292,0.00081221415981687,25.0,0.01141007712619655,0.9039681257887019
241,0.8694405464451164,0.000799666988449182,25.0,0.01143981595556068,0.9008720375407323
241,0.9047892656591203,0.0008820334007934973,25.0,0.011280697358112471,0.9381207993461026
242,0.862616134048612,0.0007826018797661365,25.0,0.011457094170273867,0.8936382759431446
242,0.8808829752659356,0.0008368527400037878,25.0,0.010953160292249069,0.9127574549918925
243,0.8653387403874485,0.0007979572481889152,25.0,0.011463685346017074,0.8967513570355045
243,0.884075647978871,0.0008329244794569806,25.0,0.010905171768239665,0.9158039300668018
244,0.8649719494401441,0.0007914405719854107,25.0,0.011958774830713833,0.8967167414949554
244,0.8702470225592455,0.0008099020627317562,25.0,0.011303443942139254,0.9017980195305966
245,0.8676616280443139,0.0007970965300080059,25.0,0.011603129784041946,0.8991921717232024
245,0.8686506061090363,0.0008035297592127959,25.0,0.011782103684338465,0.9005209542121049
246,0.8827768724273752,0.000833911727231343,25.0,0.01119658122641138,0.914821245259157
246,0.8737555365595553,0.0008121602363812768,25.0,0.011452675880045044,0.9055122186050371
247,0.8587503435297145,0.0008019204001188713,25.0,0.011252278224371063,0.8900506320168022
247,0.8657345527700925,0.0008078217622891539,25.0,0.011787525376546999,0.8977176229666115
248,0.8777111379636658,0.0008193560658953545,25.0,0.011533143370157902,0.9097281842733975
248,0.8630642487112165,0.0007965301865160253,25.0,0.011622175105940335,0.8945996773076997
249,0.8637748810088828,0.0007957880369824057,25.0,0.011936944238992792,0.8956065271957291
249,0.8763086059717117,0.000805627988046143,25.0,0.011526271174834282,0.9079755761281207
250,0.8729455438614996,0.0008146282943926053,25.0,0.01171087498638641,0.9050221272778732
250,0.863704260783615,0.0007936498610703253,25.0,0.011491904271275012,0.8950374121605246
251,0.8678290214803484,0.0008015540332861645,25.0,0.01146755807416479,0.8993354290723801
251,0.87220265240305,0.0008149197159986619,25.0,0.011147134295983793,0.9037227804462115
252,0.865820229674379,0.0008029490694146565,25.0,0.01133698284306943,0.8972309396636707
252,0.8660043964369429,0.000803469594656134,25.0,0.011505321571517183,0.8975964590079255
253,0.8760569840669632,0.0008228353596038047,25.0,0.011941219793192836,0.9085690879987346
253,0.8624182306919936,0.0007946056149968947,25.0,0.01177451172433966,0.8940578841224864
254,0.8656629702007329,0.0008034967708799404,25.0,0.011713398873797376,0.8974637899685789
254,0.8633198097900108,0.0007974756938859139,25.0,0.012124958262170872,0.8953816592693329
255,0.8610299426924299,0.0007889040552645047,25.0,0.012002846945607517,0.89275539331828
255,0.8625627576752946,0.0008017667084829925,25.0,0.011178400680095095,0.8937853262242343
256,0.8672348932121638,0.0008024051622770559,25.0,0.011527225284091266,0.8988222477750646
256,0.8685402501788404,0.0008007603203589463,25.0,0.011630020206751026,0.9001892778194613
257,0.8633080756774655,0.0008036168892094456,25.0,0.011457147417887528,0.8948556451747814
257,0.861019693384016,0.0007926395840479893,25.0,0.011267226663120609,0.8921029099297745
258,0.868624674225295,0.0008124566896488735,25.0,0.011492786906375032,0.9004288782814035
258,0.8665223670088582,0.0007926100050570784,25.0,0.011479522105353815,0.89781713809956
259,0.8727483427910893,0.0008028104494533855,25.0,0.011351231389131432,0.9041698348742945
259,0.8635251204724665,0.0008018972554661256,25.0,0.011539639261577072,0.8951121910164753
260,0.8693309117936425,0.0008095481853160891,25.0,0.011746178896390591,0.901315794567819
260,0.8618423219908167,0.0007970871476438198,25.0,0.011718039281226488,0.893487538314528
261,0.8573372771756517,0.0007822614924980034,25.0,0.011369868237967172,0.8882636827313237
261,0.8670559366820035,0.0008019407556882167,25.0,0.010925306411485912,0.898029758422463
262,0.8673254018994393,0.0008104801972203186,25.0,0.011493812773281846,0.8990812202984536
262,0.8681090314079214,0.0008099697846841149,25.0,0.011621539367802648,0.8999798142661651
263,0.8638904879766481,0.0008032951470037611,25.0,0.011519079740672303,0.8954919460746977
263,0.8670424452672402,0.0008010193241379629,25.0,0.011050898448081204,0.8981188272160513
264,0.869588174684732,0.0008125841657063036,25.0,0.011590742579924321,0.9014935203724437
264,0.869722501685222,0.0008096978427029508,25.0,0.011368162949953263,0.9013331097861131
265,0.8689615909286119,0.0007970210034963438,25.0,0.011600614884055513,0.9004877290378014
265,0.8641379490770675,0.0007958986716066311,25.0,0.011618336371072844,0.8956537556455091
266,0.8667198145693099,0.0008147506179604399,25.0,0.011777117141819973,0.8988656968016315
266,0.8531116285119895,0.0007907988415859614,25.0,0.011638743986151423,0.8845203427804841
267,0.8668851283965288,0.0008076765802629611,25.0,0.011226730292913056,0.8983037726332744
267,0.8715880820872607,0.0008087640379488692,25.0,0.011489732049759132,0.9032969142275827
268,0.8555489470837293,0.0007860728884999709,25.0,0.012168054366527402,0.8873688233671365
268,0.8582270712488227,0.0007908417160756977,25.0,0.011872762337723677,0.889870877550156
269,0.8612384177330468,0.0008043297359647652,25.0,0.011737917305220402,0.8930845822863005
269,0.8571545394758383,0.0007912520294229142,25.0,0.011534073160469739,0.8884699130775752
270,0.8602936096765377,0.0007915679626859384,25.0,0.011810684847727383,0.8918934930805806
270,0.8668200904848399,0.0008091372228254504,25.0,0.011453056344719327,0.8985015774076736
271,0.8613475421098647,0.0007950681328684031,25.0,0.011021872988311332,0.8922461203678891
271,0.8632325927416483,0.0008031948655452989,25.0,0.011900820855064213,0.8952132861509368
272,0.8711112628656404,0.0008174456799376154,25.0,0.011442096665160972,0.9029895017544428
272,0.8669620968953327,0.0008034254314460904,25.0,0.011682479196072867,0.898730213029517
273,0.8690191839856131,0.0008076289325766049,25.0,0.011180836395295855,0.9003907453820661
273,0.8622496685496083,0.0007986671092752389,25.0,0.01156023650374091,0.8937765824849959
274,0.8710233651239563,0.0008067937854960932,25.0,0.011329199949277271,0.9025224076790942
274,0.8674462411414694,0.0007949911726730837,25.0,0.011324309782745937,0.8986453300824871
275,0.8590021635647174,0.0007918065993921859,25.0,0.011777282512479427,0.890574608825975
275,0.8625914222664304,0.0007933533598016193,25.0,0.011810295217502344,0.8942355505984139
276,0.8613945512721936,0.0007952835167594054,25.0,0.01173150784624913,0.8930081480217201
276,0.851737091731694,0.0007752560227850659,25.0,0.012020450812997296,0.8831389432566034
277,0.8645824987993196,0.0007959340788417008,25.0,0.011616594420047477,0.8960974462744262
277,0.8661872983944637,0.0007996372997122644,25.0,0.011616281299481031,0.8977945116521032
278,0.8648419313615671,0.000796539197296995,25.0,0.011821049998548848,0.8965764603474073
278,0.8575467863292606,0.0007881391158864264,25.0,0.011662838366141336,0.8889131016891312
279,0.8594570312373064,0.0007841100355950335,25.0,0.01165928929899733,0.8907190725483276
279,0.853849218606397,0.0007811242760537964,25.0,0.012046671160432097,0.8854239972791186
280,0.8605627483101906,0.0007953069575874166,25.0,0.011595425304592398,0.8920408479731392
280,0.8684120921900979,0.0008037709009537745,25.0,0.011573487415767482,0.9000798522460239
281,0.8668943695190597,0.0008021381992464143,25.0,0.012066028907886484,0.8990138535136163
281,0.8607854603065385,0.0007838643532185988,25.0,0.012004919780237187,0.8923869880123271
282,0.8746754887893244,0.0008187803575681217,25.0,0.011974931466048238,0.9071199293075888
282,0.8621451701908684,0.0007838146979103239,25.0,0.011561292307515894,0.8933018297989429
283,0.8623473764293723,0.0007974229610799402,25.0,0.011558098820926345,0.8938410487025976
283,0.8607272486443873,0.0007856835961690565,25.0,0.011967976884787075,0.8923373139566846
284,0.8713206836470851,0.0008040142952099645,25.0,0.011718935742801815,0.9031399751289023
284,0.8682085358243066,0.0007978248420748408,25.0,0.011619530764986992,0.89977368746839
285,0.8741346212925591,0.0008033295632186765,25.0,0.011347553790622234,0.905565415326222
285,0.8575723627927127,0.0007887520882663752,25.0,0.01187809321682262,0.8891692587898837
286,0.8765161386518566,0.000819922958625183,25.0,0.011748237773038758,0.9087624497435711
286,0.8667754468273621,0.0007937141788497516,25.0,0.011409174529921616,0.8980274787538322
287,0.8645543179440277,0.0007943693419157946,25.0,0.011661891959159187,0.8960754432611995
287,0.8733560144901276,0.0008189641628183175,25.0,0.011909926038635487,0.90574004420232
288,0.8726870312734887,0.0008081388923191871,25.0,0.011741483632552749,0.9046319856963776
288,0.8625752744168111,0.0007986332040240313,25.0,0.011844954233483238,0.8943860575591169
289,0.8659410354859834,0.0008023094757759565,25.0,0.01152346397623179,0.8975222398447384
289,0.8702993848947463,0.0008062831308321889,25.0,0.011391227743135661,0.9018476882742511
290,0.8559043201645857,0.0007804342517406114,25.0,0.012172704404456579,0.8875878798768922
290,0.864122478015445,0.0008012112725568672,25.0,0.01163412688523143,0.8957868868968001
291,0.8648283692210156,0.0007958057817159323,25.0,0.011764080734174983,0.8964875913106817
291,0.8648230321275169,0.0007881339066489826,25.0,0.011696583180049515,0.8962229618299365
292,0.8669487767902313,0.0007846396804824052,25.0,0.011384447027797924,0.8979492160657262
292,0.8607151699671844,0.0007867390223965372,25.0,0.011698902965314669,0.892082547205425
293,0.8558591123394392,0.0007827030487735303,25.0,0.011540526593172992,0.886967215480076
293,0.8636263300585141,0.000796127036047452,25.0,0.011594592812460338,0.8951240981698863
294,0.8626992963340486,0.000786821800411795,25.0,0.011657708658950777,0.8940275493174723
294,0.8689818771827028,0.0008037112788087527,25.0,0.011400629882431883,0.9004752890617688
295,0.8720379905392336,0.000805599927759996,25.0,0.0114035901019896,0.9035815806504486
295,0.8594133775267336,0.0007919171289864203,25.0,0.011565406928571907,0.8907767140341026
296,0.8626250580607056,0.0007939079960775357,25.0,0.011670902108463865,0.8941436595096324
296,0.8603382159463252,0.0007889687081510696,25.0,0.01157721989480542,0.8916396544794563
297,0.8697519142688285,0.0008088687102282936,25.0,0.011508084296982296,0.901481715003007
297,0.8675108194075886,0.0007935690894662715,25.0,0.011233958988891395,0.8985840045689986
298,0.862681013607263,0.000794358513694134,25.0,0.012015118154505693,0.8945550952304594
298,0.8515669062595677,0.000783148503075979,25.0,0.012281935966004513,0.8834275559832653
299,0.8607965598343151,0.0008088575863813354,25.0,0.011689761605148159,0.8927077612480445
299,0.8653484051552436,0.0008004359321160065,25.0,0.011569321827691987,0.8969286247984641
300,0.8645513112082492,0.0007951900267658441,25.0,0.011528177091671157,0.8959592371559584
300,0.8677357452433324,0.0007951404109186391,25.0,0.011614665270763649,0.8992289162260281
301,0.8419950117828113,0.0007548412780882898,25.0,0.01201663365991954,0.8728826770743927
301,0.8341290371247307,0.0007362500730486303,25.0,0.012066052135028479,0.8646013416676819
302,0.8344390244324268,0.0007279562125265852,25.0,0.012071789881670483,0.8647097190175266
302,0.8378775101198059,0.0007387704163046089,25.0,0.012046466832098661,0.8683932363023383
303,0.8284176101447803,0.0007304447047992052,25.0,0.012352930460400518,0.8590316581120392
303,0.8375333874522951,0.0007333825306397461,25.0,0.012011827663335665,0.8678797784908815
304,0.8291716051845022,0.0007188544526583822,25.0,0.012486406842861798,0.8596293749352251
304,0.8253953905634186,0.0007160101229067909,25.0,0.012544084571013721,0.8558397297908747
305,0.8182249152151047,0.0007014650397690166,25.0,0.012768491060531097,0.8485300306910455
305,0.830065979968593,0.0007273611810497131,25.0,0.012861334549921282,0.8611113444899852
306,0.8199532149708023,0.000711079756295772,25.0,0.012040652623443109,0.8497708607077874
306,0.8318009584385033,0.000722232340514019,25.0,0.012353885335972486,0.8622106527759076
307,0.8263088121287542,0.0007244391458519836,25.0,0.012790832533038653,0.8572106237499598
307,0.8321929317974328,0.0007259974786949906,25.0,0.012462214091427056,0.8628050839790846
308,0.8291741052758611,0.0007182374685923687,25.0,0.0125468701036006,0.8596769123925347
308,0.8245250174547728,0.0007151916095348156,25.0,0.012933827214497927,0.8553386347811437
309,0.8171576473509191,0.0006924083477367946,25.0,0.012495228437831579,0.8469630845975105
309,0.8221401036749261,0.0007171837939514067,25.0,0.012853206547760076,0.8529229048493278
310,0.8203575438357391,0.0007068429794350712,25.0,0.012629442005127875,0.8506580592578333
310,0.8218485428059074,0.0007124728488646594,25.0,0.012534212259205776,0.8521945786944163
311,0.8236145920208365,0.0007068882918810175,25.0,0.012047995000165687,0.8533347957954671
311,0.8171353323630317,0.0006899204347681902,25.0,0.012774759880966113,0.8471581005334303
312,0.8219759577141073,0.000712187430069499,25.0,0.012260830006185773,0.8520414711559067
312,0.8160851085709094,0.0006977679909572035,25.0,0.01269799943230444,0.846227306691934
313,0.8252139716445711,0.0007106665334903299,25.0,0.012902287665246953,0.8558829217529738
313,0.8181353265776645,0.0007057764461101625,25.0,0.012587364039256928,0.8483671020828274
314,0.8193377767782013,0.0007050719507580072,25.0,0.013094447206869274,0.850059022460193
314,0.8093397018540539,0.0006891044421878581,25.0,0.012533298990416058,0.8391006116778966
315,0.8179338735465915,0.0006941874430983491,25.0,0.012706413176814074,0.8479949719085429
315,0.819840490473886,0.0006944560413246148,25.0,0.012760055066445546,0.8499619461097012
316,0.8139685927169703,0.0006999562102395237,25.0,0.013073011881114774,0.8445405101115379
316,0.8175965380999012,0.000703039011249494,25.0,0.01282208124078879,0.847994594664827
317,0.8212653948445794,0.0007074474987438686,25.0,0.012357609637950571,0.8513091914097651
317,0.8189945435000897,0.0006919880900381447,25.0,0.01318500703845956,0.8494792522789424
318,0.8183926787167168,0.0007024483452463689,25.0,0.012565587723077067,0.8485194746120973
318,0.8173073115167111,0.0006906190277391821,25.0,0.012760271107472531,0.8473330593687283
319,0.8232663430049844,0.0007064426117176061,25.0,0.012806845113729702,0.8537342525657275
319,0.8150782326352514,0.000690682874502497,25.0,0.01274584617474338,0.8450911515854798
320,0.8095124085835992,0.0006824394145052381,25.0,0.012550814236421784,0.8391242080279916
320,0.8108790022671636,0.000681229644611894,25.0,0.012532200575021137,0.840441946482273
321,0.8158636031194868,0.0006882623177789061,25.0,0.013039339281076577,0.8461094988686383
321,0.8107098287990958,0.0006862303411669268,25.0,0.01342109482526762,0.8412866806460858
322,0.812068182863209,0.0006881603484256268,25.0,0.012577008519442129,0.8418492009265318
322,0.812532611587031,0.0006903689822134203,25.0,0.01262206937601536,0.8424139040034032
323,0.813311033862843,0.0006880785837176947,25.0,0.012755719667911426,0.8432687170648685
323,0.8124489892299952,0.0006819382732624928,25.0,0.01252303176127185,0.8420204796223938
324,0.803453366110837,0.0006746099202172599,25.0,0.012251578728446852,0.832570194027991
324,0.8221119274718657,0.0007077956167342761,25.0,0.012675952972891561,0.8524827694920414
325,0.8028394183440792,0.0006754703252596724,25.0,0.012934322946965178,0.8326604991256502
325,0.8020488446358995,0.0006757209474176779,25.0,0.013151476589326186,0.8320933458573824
326,0.8170768297159093,0.0007022202140479575,25.0,0.012999339996004696,0.8476316741652632
326,0.8066429605935518,0.0006828984687525314,25.0,0.013396798560447457,0.8371122228906557
327,0.8114719107299699,0.0006825852116562348,25.0,0.012881413876459726,0.8414179560906893
327,0.8124272184614221,0.0006822913780060487,25.0,0.013528157026113354,0.843012660741806
328,0.8086652618770511,0.0006901864602796972,25.0,0.012813025425181791,0.83873295102604
328,0.8032025993558606,0.000673903220854877,25.0,0.013140660140117067,0.8331908412948767
329,0.8087733826378477,0.0006809472871296899,25.0,0.013020236907617187,0.8388173008212867
329,0.8018700706903709,0.0006711070403073163,25.0,0.013496489139858797,0.8321442365921673
330,0.8143757121942886,0.0006918029205800479,25.0,0.012840718355709494,0.8445115028848273
330,0.8077888160462192,0.0006802295845197664,25.0,0.012651662425058474,0.8374462186188951
331,0.8079251953278073,0.0006808717625216188,25.0,0.012945076117322159,0.8378920655602946
331,0.8086194325814897,0.0006792452889072491,25.0,0.013016315311511794,0.8386168797902642
332,0.8103701561069929,0.0006864563130862865,25.0,0.013045340486077322,0.840576904475276
332,0.8139150863293962,0.0006853963797774884,25.0,0.012587453752721705,0.8436374476407472
333,0.8065835710348213,0.0006728195020541555,25.0,0.013076919704185279,0.8364809805196097
333,0.8166054841690196,0.0006891466457330606,25.0,0.012758009376081769,0.8465921593868705
334,0.8087793285108879,0.0006768955669077339,25.0,0.01275513932865982,0.8384568575623405
334,0.8081251206285133,0.0006872898470258176,25.0,0.013056140771570161,0.8383635071904224
335,0.8158427050152222,0.0006892668975849999,25.0,0.012069369565725636,0.8451437458705682
335,0.8067961028899662,0.0006772772239372737,25.0,0.012908692896477964,0.8366367262863397
336,0.8000547586495,0.0006703202902123238,25.0,0.012953358317357564,0.8297661240051305
336,0.8061372981198115,0.0006776649922502978,25.0,0.012959109539140283,0.8360380328692685
337,0.807816505569784,0.0006811840425391453,25.0,0.012332140644969243,0.8371782470107354
337,0.8044391382511439,0.0006917257725764453,25.0,0.013142662972435527,0.8348749469939886
338,0.8091134421406938,0.000678223863360472,25.0,0.013010348588030346,0.839079387193464
338,0.8067216107806763,0.0006767905878621491,25.0,0.01356766020500598,0.8372090371458966
339,0.8053625621090861,0.0006779744710577501,25.0,0.012762588775753286,0.8350745133935167
339,0.8036870125672558,0.0006830930438225521,25.0,0.013409061312748605,0.8341734010132575
340,0.8037185708177007,0.0006699705583708281,25.0,0.012795767565118042,0.833263604146779
340,0.8061615872190401,0.0006722288550727024,25.0,0.013005262642440668,0.8359725710701447
341,0.8086853915907218,0.0006865519386951168,25.0,0.012667868623518607,0.8385170577029433
341,0.8091415140700395,0.0006734264999943705,25.0,0.012873428363426143,0.8388506030926253
342,0.8071927466100688,0.0006793610115343861,25.0,0.013216296300145756,0.8373930691020869
342,0.8056406074528331,0.000674243611576655,25.0,0.013389343899130546,0.8358860410250912
343,0.8069959706852673,0.0006761432035009358,25.0,0.013037435826038895,0.836936987162187
343,0.8072915187333528,0.0006691929490378613,25.0,0.01332705335123744,0.8373483966597234
344,0.8058445967097205,0.0006729647266225755,25.0,0.012765035647296672,0.8354337494175098
344,0.8005590610223334,0.00066870418243464,25.0,0.013069118375784564,0.8303457806897769
345,0.8107095996034063,0.0006829188138759517,25.0,0.012561867736800472,0.8403444387207957
345,0.8023350202321455,0.000668760239235104,25.0,0.013487065181901837,0.8325410916128004
346,0.8005909334016452,0.000674590981655752,25.0,0.012855021690618565,0.8303107305432027
346,0.8012094157672645,0.0006684420466870414,25.0,0.01298838281492094,0.8309088489062241
347,0.8035638188517397,0.0006792503808341129,25.0,0.01248996631902649,0.8330350442516335
347,0.8087414829340047,0.0006857630724307015,25.0,0.013384101826882561,0.8392696640783315
348,0.8063043295373542,0.0006745457310134364,25.0,0.012913727606958591,0.8360817011179054
348,0.8086503285045712,0.0006731132984675701,25.0,0.012844519121851987,0.8383226797294396
349,0.8033176648837039,0.0006766386775960758,25.0,0.013137927516008669,0.8333715598935618
349,0.8148178999198227,0.0006839449822044487,25.0,0.012457327908077052,0.8443738523586793
350,0.8021366261031831,0.0006672449914708155,25.0,0.013313297439349373,0.8321310488236143
350,0.8009491663331523,0.0006657251544088645,25.0,0.013329614856652485,0.8309219103074239
351,0.805630544179031,0.0006872341287506241,25.0,0.013341017334139098,0.836152414113765
351,0.8024012763010162,0.0006818008382704408,25.0,0.012896504572014094,0.83234280155107
352,0.8024759405479696,0.000673252145633936,25.0,0.01297032798578055,0.8322775727331501
352,0.7980283534554355,0.0006649035656089114,25.0,0.013218665456261667,0.8278696099962979
353,0.8054480388863808,0.0006792674953483344,25.0,0.013105138330817154,0.8355348643612366
353,0.8087546099278448,0.0006676446761388555,25.0,0.013348998775056135,0.8387947264224223
354,0.8034490452902973,0.0006793866373562817,25.0,0.013023371195773363,0.8334570796192381
354,0.8030724416015881,0.0006716003511157468,25.0,0.012898302249885734,0.83276075420699
355,0.8113870004721107,0.000677562944642666,25.0,0.013209574652607735,0.8415356480772446
355,0.8026894871962814,0.0006664020574477439,25.0,0.013081592886749543,0.8324311320900091
356,0.7938606223525957,0.0006644617375693505,25.0,0.013073287693478219,0.8235454551066868
356,0.7969233911252187,0.000663468586108201,25.0,0.013219061357078872,0.8267291670721068
357,0.7994421789332296,0.000661159289295583,25.0,0.013389998802261355,0.8293611580725355
357,0.8043741802007441,0.0006751324140262956,25.0,0.013180656751131694,0.834433149451747
358,0.8072641096819906,0.0006774736927390984,25.0,0.013269928204945308,0.8374708790426717
358,0.8053563976053828,0.0006625494064346997,25.0,0.013094627758698843,0.8350147615954727
359,0.8020952820915548,0.0006663377111975004,25.0,0.013836221861939094,0.832589947048566
359,0.7939721564773049,0.0006448769118953023,25.0,0.013093074491703518,0.8231871542424032
360,0.7943072753332504,0.0006636022195888374,25.0,0.013424440079495552,0.8243217724300147
360,0.8074366935543871,0.0006717898686726709,25.0,0.013077181541332954,0.8373086208834659
