epoch,L_x,L_u,lambda_u,L_reg,L_total
6,1.6213018362720808,0.0010245301137426091,49.79166666666668,0.0028675138358570016,1.6630397727092108
6,1.6008048205336263,0.0017238360312998233,49.79338842975207,0.0034128142259091383,1.667465430153303
7,1.4673884202402534,0.0015043084520404062,74.822695035461,0.003620565855703878,1.5644465135344376
7,1.4156225384145542,0.0014915846771580855,74.81884057971016,0.0040550262808961715,1.512519195459891
8,1.4093665669041295,0.0014749279362149537,99.83870967741937,0.004308175079284176,1.5423181849141274
8,1.40984084827221,0.00148885721720089,99.83443708609272,0.004379668022468933,1.5440378789080689
9,1.3895981405516091,0.0014216624436103416,124.8427672955975,0.0054556818242600695,1.5546899108017016
9,1.3861902684737475,0.0014612567379700546,124.83974358974362,0.004964555476386196,1.5551026134918897
10,1.3293423915059313,0.0013887695078562312,149.8427672955975,0.005256556372784969,1.5253322383142867
10,1.343892155938847,0.0014121043395731528,149.68354430379748,0.005443694242009312,1.5432526142733871
11,1.2628677519375846,0.0013073528843350558,174.8322147651007,0.005739046163831981,1.4808605549319478
11,1.2796813519795736,0.0013802653919750205,174.83333333333334,0.006466539790077756,1.5101291847229004
12,1.2770199975711387,0.0013706827268235686,199.8322147651007,0.006659193878568359,1.5403820104246972
12,1.2840669855175402,0.0013695677368114108,199.8322147651007,0.006510036755290708,1.5470730394325
13,1.243301064376063,0.0013037201504679334,224.8322147651007,0.006982520242977962,1.527286701154389
13,1.2658861629168192,0.0013359261148919663,224.83333333333334,0.006858059172518551,1.556486384868622
14,1.229896129385845,0.0012851585677315204,249.8310810810811,0.007780741698051979,1.5426705097024505
14,1.247958133618037,0.001314285559540925,249.83333333333334,0.006707693755937119,1.566478927930196
15,1.1808140229858808,0.0012393046243525667,274.8322147651007,0.007802676212592613,1.514114381082906
15,1.2091824596360226,0.0012697585789649278,274.6666666666667,0.008269687380091656,1.5504664598695383
16,1.2384484762313381,0.0013100930771652935,299.8322147651007,0.008326187451688834,1.6233732980369722
16,1.2102697523648307,0.0012525414158090099,299.8322147651007,0.007449861211177186,1.5781091643659861
17,1.189648523426696,0.001235575075128472,324.8322147651007,0.008716853366752198,1.5841242206976718
17,1.19641645642735,0.0012313224648316109,324.8322147651007,0.0071548216026151345,1.5879522093990506
18,1.1959564621816545,0.001265857604077561,349.8322147651007,0.0068140593982432916,1.6298734553708325
18,1.1943558562521968,0.0012173539030696922,349.8322147651007,0.008614489414897942,1.6137734155526897
19,1.1932741208871205,0.0012328675331082196,374.8333333333333,0.007912839556423327,1.6480099964141846
19,1.2134174164509612,0.0012793873019528968,374.8322147651007,0.008194631087474974,1.6852402679072132
20,1.1929735255241394,0.001247067082246455,399.8333333333333,0.008713683544968565,1.6849481117725373
20,1.1899941847628395,0.0012383100200888245,399.8322147651007,0.009340210184892452,1.6787992767839623
21,1.1883855390548705,0.0012404583670043697,400.0,0.008998233020926515,1.69356711824735
21,1.1946439830462139,0.0012374070734949782,400.0,0.009319505534755686,1.6989263196786244
22,1.1909107851982117,0.0012402497119425487,400.0,0.008035035900150736,1.6950456976890564
22,1.1859745800495147,0.001229421227859954,400.0,0.007865655610027413,1.6856087319056192
23,1.1878724817434947,0.0012289517535828054,400.0,0.00850931719566385,1.6879625058174133
23,1.168698982000351,0.001199534039090698,400.0,0.009078236664645373,1.6575908362865448
24,1.188599975903829,0.0012602174130734057,400.0,0.008142510542335609,1.7008294471104939
24,1.182889490922292,0.0012216231292889765,400.0,0.00818651711102575,1.6797252547740937
25,1.1515205466747285,0.0011711957212537528,400.0,0.008936765973145763,1.6289355993270873
25,1.1675664031505584,0.0012198399401192243,400.0,0.009230029542619983,1.6647323981920878
26,1.1486824977397918,0.001175179669323067,400.0,0.00902915553189814,1.6277835118770598
26,1.1596005709966024,0.0011912843571432556,400.0,0.008047999483533203,1.644162309964498
27,1.1527918668588002,0.0011986177921062336,400.0,0.009268310506207248,1.6415072973569234
27,1.1573592483997346,0.0012041834287811071,400.0,0.008144252528436481,1.6471768697102864
28,1.175853655827756,0.0012147852642899564,400.0,0.0077016964425265,1.6694694666673016
28,1.1644915695985159,0.0011949800540848325,400.0,0.008685262827202677,1.6511688562234244
29,1.128475440653744,0.00113496547260334,400.0,0.009826031988424971,1.5922876639871408
29,1.133688108810526,0.0011708155156433927,400.0,0.008874204555612724,1.610888521402877
30,1.1559009086217311,0.00120474620481694,400.0,0.009344780281038079,1.6471441739442332
30,1.1408034215699758,0.0011685711564110679,400.0,0.009387621733156458,1.6176195061759444
31,1.1307169341093657,0.001174738026217909,400.0,0.009571832552280845,1.6101839763439254
31,1.1490268531619319,0.0011843020267574894,400.0,0.009563506455993317,1.6323111657275269
32,1.1318393223333043,0.001182712791664896,400.0,0.010616161863609457,1.6155406059018824
32,1.1601911159540643,0.0012258689477422972,400.0,0.008512740812899655,1.6590514368568825
33,1.150588824654257,0.0011944206875196923,400.0,0.00916788728586984,1.6375249845302657
33,1.1466159757399401,0.0011625071227726286,400.0,0.009080017449654984,1.6206988463338636
34,1.1339381826634438,0.0011199242466234213,400.0,0.009568796710524437,1.5914766756904046
34,1.1326124107600837,0.0011561929486500753,400.0,0.009714224827568362,1.6048038104512043
35,1.1358388804442046,0.0011687090779216776,400.0,0.009799396650039203,1.6131219062584126
35,1.1386685681264133,0.0011974632302885074,400.0,0.008708537662623833,1.6263623904708207
36,1.1491160448023816,0.0011841058759990192,400.0,0.008663532115975456,1.6314219256110538
36,1.1342115530509822,0.001197100564566077,400.0,0.00840301973597202,1.6214547990173693
37,1.1361755053728622,0.0011519596317169313,400.0,0.008704741744460254,1.605664102446954
37,1.1264154749200834,0.0011437153073632165,400.0,0.010208534164699596,1.5941101363952586
38,1.1097607356033579,0.0011319491496873983,400.0,0.010703506675974422,1.5732439006401213
38,1.1284732415976113,0.0011708357809681988,400.0,0.009711788890155539,1.6065193458108713
39,1.1290976235408656,0.0011831134043492082,400.0,0.009305934591329848,1.6116489152245175
39,1.1385696542106176,0.001179242411269929,400.0,0.009245624952630973,1.6195122454511492
40,1.1230268247033421,0.0011559440597346494,400.0,0.010059479961024695,1.5954639339133312
40,1.1094878509344643,0.00111932926275459,400.0,0.009091287138964364,1.5663108450687484
41,1.1428575253016071,0.0012078965364229301,400.0,0.0091502403558575,1.6351663705549742
41,1.1320704849142778,0.0011712708558326611,400.0,0.009726363111679492,1.610305192047044
42,1.1312438963275206,0.001145569401590987,400.0,0.009483112019217131,1.5989547709101124
42,1.114079722840535,0.0011340498906639894,400.0,0.01027288670516818,1.5779725681794317
43,1.1205268541448994,0.0011431010969222132,400.0,0.009526903688981148,1.5872941930827342
43,1.1203283943877316,0.0011615481748806916,400.0,0.009413769997545327,1.5943614374722865
44,1.140861151641921,0.0011939770552807634,400.0,0.009032057065173592,1.6274840290609158
44,1.110428610384859,0.0011428933161224503,400.0,0.009885132630411166,1.5774710707317126
45,1.1193201032124067,0.0011476441975805517,400.0,0.009740113020310864,1.5881178998633434
45,1.1265460402760286,0.001160912622970572,400.0,0.009590054569235503,1.6005011465375787
46,1.1139602061165006,0.0011583216389561514,400.0,0.009769814674080791,1.5870586743480282
46,1.1275094837734574,0.0011706251896516494,400.0,0.00979845494178957,1.6055580146218602
47,1.132053129374981,0.0011785577663479337,400.0,0.009385858849303699,1.6128620987660007
47,1.1329337056530149,0.0011690352173326047,400.0,0.009139845990208223,1.609687630675341
48,1.1208026181710393,0.0011780492444047827,400.0,0.008841054103533296,1.6008633649662922
48,1.1002035870363838,0.0011203514527311966,400.0,0.009336810494699565,1.5576809758418484
49,1.1140412303962206,0.001169279492866113,400.0,0.009404077127232756,1.5911571018789943
49,1.1214458738502704,0.001141714597715212,400.0,0.009972114969155212,1.5881038280694109
50,1.1108317794768434,0.001125925510821521,400.0,0.009888956203787146,1.5710909456798905
50,1.1206644573494007,0.001131993602987342,400.0,0.009379040541764545,1.5828409371407408
51,1.1242309451887482,0.0011415695775404426,400.0,0.009076310505502318,1.589935087843945
51,1.1034934061922526,0.0011491907971503679,400.0,0.01007843665980832,1.573248155807194
52,1.1027198139774173,0.0011074773620317788,400.0,0.009846826399504943,1.555557585076282
52,1.1106985097652988,0.0011528089198691305,400.0,0.010393340571011466,1.582215415019738
53,1.1143682234381374,0.0011420742308760772,400.0,0.00885325601618541,1.5800511656623137
53,1.1027592377443063,0.0011051700595616192,400.0,0.010228565598433641,1.5550558331765627
54,1.107769848484742,0.0011612352161472174,400.0,0.010435050457568937,1.5826989882870723
54,1.0980775352371366,0.00112629250265615,400.0,0.010571992012525075,1.5591665306373645
55,1.1134256849947728,0.0011491208535612952,400.0,0.00943278545807851,1.5825068076190196
55,1.0941718616767933,0.001114030265422403,400.0,0.01023024816133425,1.5500142088061886
56,1.0933849589997215,0.0011302943595709574,400.0,0.00991644529705426,1.555419153680927
56,1.1170740762567208,0.0011822486504017577,400.0,0.009664661916021526,1.5996381936509625
57,1.100147488674051,0.001118430607005537,400.0,0.009708730340016222,1.5572284679663808
57,1.116931135747947,0.0011679897835444708,400.0,0.009326796773273279,1.5934538455570446
58,1.0922625441300242,0.0010948911114706118,400.0,0.009885385047374783,1.5401043648782529
58,1.118834368100292,0.0011911924526717293,400.0,0.009472392637307118,1.6047837444041904
59,1.0927951028144438,0.0011349511266232535,400.0,0.009704859476853041,1.556480409273135
59,1.104406158782934,0.001138016021286603,400.0,0.009765960209494407,1.5693785242344205
60,1.1212985464950014,0.0011705380268668866,400.0,0.009012900988321776,1.5985266655878303
60,1.0962032585551864,0.0011120628543339034,400.0,0.00978080513213124,1.5508092073233504
61,1.1117189830424739,0.0011666460486594588,400.0,0.010475708546080426,1.5888531110645119
61,1.1101333202879413,0.0011685130352251767,400.0,0.009862797590447408,1.58740133475634
62,1.0971248617359237,0.0011325135060092982,400.0,0.010986830887013401,1.561117095495361
62,1.0937374493265464,0.0011269362440585384,400.0,0.010098306113683612,1.5546102508220798
63,1.0983863940425949,0.0011147862913549627,400.0,0.009777173104702063,1.5540780830227472
63,1.1151503137513703,0.0011684004395433208,400.0,0.01026204358664603,1.5927725333014344
64,1.0812344457588943,0.001104725492445545,400.0,0.010556433952468284,1.5336810786739674
64,1.0882634536113613,0.001139619016564859,400.0,0.009695872554884237,1.5538069352604984
65,1.106217017750335,0.0011506870208655064,400.0,0.010064590344923774,1.5765564130022636
65,1.0903883288109224,0.0011166553869021729,400.0,0.009541912378706769,1.5465924046397987
66,1.099942843898449,0.0011137381503799797,400.0,0.0098890663775938,1.555327165750117
66,1.0837090494585973,0.0011182993601359353,400.0,0.01009069847283897,1.5411194960276287
67,1.1101890253085716,0.001159706025907855,400.0,0.009945782406706046,1.5840172159905528
67,1.0797767553454132,0.001109981810479285,400.0,0.010045615333783764,1.5338150929002201
68,1.0959253872142118,0.0011405940418697748,400.0,0.010777010771086792,1.5629400170706456
68,1.100272981169956,0.0011239174810113398,400.0,0.010453439944612435,1.5602934161822002
69,1.1012263060395235,0.0011355653408993936,400.0,0.009258650328501377,1.5647110970191707
69,1.0922830054183412,0.0011297572513333115,400.0,0.010946220127877847,1.5551321307818096
70,1.1094084985895094,0.001154225472751944,400.0,0.009059630870039945,1.5801583162320205
70,1.1043171972231147,0.0011798925005398642,400.0,0.009940522905512183,1.5862147235402875
71,1.1094654930962458,0.0011576580203646564,400.0,0.009347372446391805,1.581876073787415
71,1.0933720656469756,0.0011332623540344679,400.0,0.009751623166189377,1.5564286288093119
72,1.0932328685436374,0.0011313363332970956,400.0,0.009798775673570001,1.5555661776486565
72,1.1008886788405625,0.0011293462586430894,400.0,0.0099013173614866,1.5625284910202026
73,1.0849072491031846,0.0011186322767600977,400.0,0.009733333574985367,1.5420934955279033
73,1.103589959393919,0.0011431900917528064,400.0,0.009871815358672072,1.5707378114750183
74,1.0965716667424619,0.0011190495098441888,400.0,0.010465912453927636,1.554657383681902
74,1.0947472375202802,0.0011135408083384772,400.0,0.010439556770732784,1.550603117428574
75,1.1013084131907793,0.0011388983041446753,400.0,0.009220397163766856,1.5660881302715126
75,1.0898533342710508,0.0011094257235907481,400.0,0.010758922077727572,1.544382545683119
76,1.1000823631785275,0.001137137847680148,400.0,0.009228411075823447,1.5641659190452177
76,1.0983990411353266,0.0011221486120180416,400.0,0.009743588988736174,1.5570020737990835
77,1.0910660546589521,0.0011230706411499067,400.0,0.010472507511259489,1.5507668198323716
77,1.094545288023606,0.0011012744895803432,400.0,0.00982868436608293,1.544883764647191
78,1.0877223568024978,0.001142623048698761,400.0,0.01063373573793987,1.5554053078289904
78,1.100488708299749,0.0011475427853083542,400.0,0.010599144764877612,1.5701049655870674
79,1.0904319753833847,0.0011173753055296473,400.0,0.009686554021208115,1.547068653543011
79,1.0966224229180968,0.0011299148025429601,400.0,0.0098662015032507,1.5584545437391701
80,1.0993519853922278,0.0011125852951545609,400.0,0.009519560853007182,1.5539056631474712
80,1.1050008710692911,0.0011409694548419318,400.0,0.009534062855736979,1.570922716380724
81,1.1063445323432972,0.0011732314085189156,400.0,0.011234338605301637,1.5868714338813732
81,1.0962550164827334,0.0011223606796466495,400.0,0.010218748168447634,1.555418039848602
82,1.100342995201061,0.0011162685899572217,400.0,0.01005120448055951,1.5569016352977627
82,1.0773758627230825,0.0010945412845448194,400.0,0.010687137183921985,1.5258795155419245
83,1.0871404783398497,0.0011371181653112513,400.0,0.010349685073604965,1.552337427544438
83,1.1094579085025913,0.0011734234490979683,400.0,0.01062856174037591,1.5894558495945401
84,1.0900209137037689,0.0011105210045915632,400.0,0.010513598479793157,1.5447429157550039
84,1.0737807326067508,0.0010873432481567089,400.0,0.010661925676163116,1.5193799570495008
85,1.0782758651995192,0.0010988814090500325,400.0,0.00976725546734444,1.527595685198416
85,1.0803387515685137,0.001091912707421941,400.0,0.009855690701359433,1.5269595189811358
86,1.0931308682447944,0.001155695147900629,400.0,0.009660754377156302,1.565069684405732
86,1.0714539173361544,0.0011085976354018845,400.0,0.010755116945471276,1.5256480907464955
87,1.085991665527418,0.0011095330402611863,400.0,0.009745229319850732,1.5395501077949227
87,1.1067649443428238,0.0011554822090796993,400.0,0.010545945085294835,1.5795037730947716
88,1.0920567485419186,0.0011264728334983327,400.0,0.010600533269877945,1.5532464222474531
88,1.0822458921314835,0.0010981875301305471,400.0,0.010501952956781371,1.5320228520151857
89,1.0897736816437213,0.0011304807115963043,400.0,0.009556257872019785,1.5515222208840507
89,1.0902835173266274,0.0011117319637295705,400.0,0.010394010233221116,1.5453703198340032
90,1.0741136135993066,0.0010913620722198907,400.0,0.010199555050726835,1.5208579897880554
90,1.0768569525960203,0.001117962995368697,400.0,0.010415631561092549,1.5344577834203645
91,1.0895978436841594,0.001125644224955906,400.0,0.010684589196190045,1.5505401225059063
91,1.081270399031701,0.00114664187626127,400.0,0.010338659461756999,1.550265811867528
92,1.0824401630209637,0.0011384854977270105,400.0,0.00947232651010204,1.5473066912843036
92,1.088428303405836,0.0011011384585917648,400.0,0.010416860066281704,1.5393005466306364
93,1.0731455675967327,0.0010852324345463572,400.0,0.009753826567177454,1.5169923657720739
93,1.0936884798786857,0.001121988904612538,400.0,0.010804324088823775,1.5532883649522609
94,1.0921059010864853,0.0011523734222925208,400.0,0.01049809326877358,1.5635533619236637
94,1.0890188112661436,0.001119496388694985,400.0,0.009339623510015087,1.546156990063655
95,1.080270173100682,0.0011130030389403464,400.0,0.010389616375776952,1.5358609959676668
95,1.0659508612248805,0.001118533243349596,400.0,0.010073707514599739,1.5234378653687317
96,1.08255315523643,0.001117283391634716,400.0,0.010157391637587896,1.5396238998933272
96,1.0706246768112306,0.0010910474269291046,400.0,0.010891970886558584,1.5179356174035505
97,1.0644841405091348,0.001107675351645471,400.0,0.010135837845721996,1.5176901105162386
97,1.0723688854025555,0.001116205143663645,400.0,0.010307781880588405,1.5291587211094892
98,1.0727747636181968,0.0010934866577017957,400.0,0.009822289111673252,1.5199917113626158
98,1.0921170332215049,0.001156205011685923,400.0,0.01005220326425677,1.564651239614982
99,1.0775181852377855,0.0011186540966275959,400.0,0.010479372752189346,1.5354591929293298
99,1.0826003710170844,0.0011371335131116211,400.0,0.010242866137512512,1.5476966442225815
100,1.0781393879419798,0.001113446431072707,400.0,0.009747925241683403,1.5332658832723445
100,1.0875479114520086,0.0011390978389180736,400.0,0.010590704026414299,1.5537777450177577
101,1.0680757461043147,0.001107311692858393,400.0,0.010001789610651504,1.521002212515125
101,1.0814049719990073,0.001109949368288039,400.0,0.011109517979459813,1.5364942333915017
102,1.091985361142592,0.0011338694470892237,400.0,0.010085431471854062,1.5556185694483968
102,1.0740087899294766,0.0011018821682369747,400.0,0.01021548337907857,1.524977139064244
103,1.0689560043347346,0.0010862273421870278,400.0,0.010616431895691853,1.5140633710793086
103,1.0827765333188044,0.0011298330922160514,400.0,0.01111515374346213,1.5458249202022305
104,1.0928246444695955,0.0011481562800941287,400.0,0.010236702107993717,1.5623238578245238
104,1.0839002596867549,0.0011149351932970178,400.0,0.010290992925512036,1.5401653337788273
105,1.0773607627912,0.0010828072660263967,400.0,0.010280759557597823,1.5207644271386134
105,1.0814487318713943,0.0011264668553069765,400.0,0.009823609610668735,1.5418590837484831
106,1.0758010299948904,0.001092362086637877,400.0,0.010409134790881888,1.5231549972063536
106,1.07809077106513,0.0011152999017118512,400.0,0.0105479443294613,1.5347586742469244
107,1.0722660054634143,0.0010755943529785598,400.0,0.010365326365746268,1.5128690770694189
107,1.100413020555075,0.0011646654787579212,400.0,0.010304882490475262,1.576584096852835
108,1.0844108183662613,0.0011321382073408851,400.0,0.009851272668471777,1.5471173710637278
108,1.0784731004145238,0.0010980803615114252,400.0,0.009907677455188392,1.5276129268980645
109,1.0655706668054903,0.0010896081731551896,400.0,0.010275216700581761,1.5116891570679554
109,1.0710633157135605,0.0011070470974626407,400.0,0.01160595740506111,1.52548811575035
110,1.0840930284617782,0.001135542493823057,400.0,0.011008536491494674,1.5493185589839886
110,1.0869750577908057,0.0011187301269829177,400.0,0.010314320280615772,1.5447814298140539
111,1.0727317410630066,0.0010997889317381619,400.0,0.01021872957194732,1.522866048596122
111,1.0860428376631304,0.001113495610120658,400.0,0.010841422384701573,1.5422824969539395
112,1.0795382946342618,0.001133380308649019,400.0,0.009995660596442494,1.5428860764224808
112,1.0679540965077166,0.0010920314933929303,400.0,0.011024200998536952,1.5157908971433516
113,1.07487168637189,0.001113210480649617,400.0,0.009909395851170668,1.530065278728287
113,1.0674769572623364,0.00108310305789361,400.0,0.009408877400512045,1.5101270652436591
114,1.0578873676139038,0.001083046789606126,400.0,0.010182054547060813,1.50128813184701
114,1.0709062543782322,0.0011133561872759253,400.0,0.010577006244354627,1.5268257295156453
115,1.0846404812552712,0.0011228740182417966,400.0,0.010250524841490891,1.5440406094897876
115,1.0755379768935116,0.0010984295566396957,400.0,0.010572179317377604,1.5254819795682832
116,1.0829260836948047,0.0011135485475314419,400.0,0.011215603868053719,1.5395611044648405
116,1.0807582534752882,0.0010918892539021645,400.0,0.010704664865738482,1.5282186196221934
117,1.0591770513104153,0.001076580366942209,400.0,0.011174496508191353,1.5009837034460787
117,1.0794916950262987,0.001129394384855465,400.0,0.010600999803524223,1.5418504488158535
118,1.0680274425388931,0.0011011975025153392,400.0,0.011181912948861235,1.5196883535230314
118,1.07242717061724,0.0011011977325111942,400.0,0.010930834552756959,1.5238370945701352
119,1.0700159403585618,0.0011139649296960524,400.0,0.011629899251725405,1.52723180478619
119,1.0708446104031104,0.0010974176387550526,400.0,0.010299924101874039,1.5201115906238556
120,1.0625243606105927,0.0010847617177322747,400.0,0.010120595970581616,1.5065496479311298
120,1.0650564463107617,0.0011070993685090987,400.0,0.010472980554687318,1.5183691657208778
121,1.0699823800619546,0.0011146909140757975,400.0,0.010271391178203094,1.5261301301516497
121,1.0604340650818564,0.0010926704165864396,400.0,0.011251635867618508,1.5087538636350013
122,1.088062102918501,0.0011068871813635765,400.0,0.009858659899479092,1.5406756339135108
122,1.0651289650372096,0.0011167240089263659,400.0,0.011001025133028433,1.5228195945163825
123,1.0710721008189312,0.0010943252191872807,400.0,0.010113181780672983,1.5189153745576933
123,1.0679919554341224,0.0010825118635811152,400.0,0.010655488275111683,1.5116521908390907
124,1.0687827048763152,0.0010876736714459595,400.0,0.010162348333265512,1.5140145194145942
124,1.1068051074232375,0.001162464395936506,400.0,0.010377293008125642,1.582168161869049
125,1.0563864163814052,0.001087047547785445,400.0,0.011791256833220682,1.5029966969643869
125,1.0683130149717455,0.0010951257085158525,400.0,0.010222211536080515,1.5165855114336138
126,1.0774540787006353,0.001105543960780873,400.0,0.010705054770889027,1.5303767106749795
126,1.0617612519571857,0.0010843859861544784,400.0,0.010168255834029086,1.5056839054630649
127,1.0528462502089413,0.0010734988683033372,400.0,0.010590469978701372,1.4928362609504104
127,1.0489311191168698,0.00104978059451761,400.0,0.010991130393095218,1.4798344845895643
128,1.0711636229768975,0.00110943248274724,400.0,0.010780621011584224,1.5257172348437371
128,1.0495755540860163,0.0010746806112908783,400.0,0.010694905091984222,1.4901427042174649
129,1.0647069320276186,0.001098856301286542,400.0,0.010425799095386325,1.5146752518492859
129,1.0644115667189322,0.001114989901825245,400.0,0.010735036504845466,1.5211425612049718
130,1.0704021988376495,0.001112844024582075,400.0,0.01067863570285901,1.526218443532144
130,1.0615486148864992,0.0010885794177621362,400.0,0.010310441132394536,1.507290824767082
131,1.0803303326329878,0.001148515125744105,400.0,0.009626185488436492,1.5493625725469282
131,1.0684290741171156,0.001101005015072304,400.0,0.011144831076615139,1.519975917679923
132,1.0558629264754633,0.0010736047570037866,400.0,0.011537059159168313,1.496841880006175
132,1.0737423719898347,0.0011206586387068514,400.0,0.010155968835216857,1.532161799938448
133,1.087399919571415,0.0011202106879453265,400.0,0.010095164881298139,1.5455793665301416
133,1.0645530454574093,0.001085049343753546,400.0,0.010522815687281471,1.5090955995744275
134,1.054058954792638,0.0010638877169244112,400.0,0.010988489679631687,1.4906025275107353
134,1.0536322751352865,0.001075370458420366,400.0,0.011149580564890658,1.4949300419899725
135,1.066500085784543,0.0010681980571168805,400.0,0.010632065253993196,1.504411381675351
135,1.077596399091905,0.001124672720681936,400.0,0.010538665785063659,1.5380041530055384
136,1.059835695835852,0.0010796253398556502,400.0,0.011018316910391854,1.502704147754177
136,1.058962385500631,0.0011073129202779984,400.0,0.010452943796952887,1.5123404945096661
137,1.0606148639032917,0.0011066632645745432,400.0,0.010502756717464616,1.5137829346041525
137,1.0625087118917895,0.0010729312887340183,400.0,0.010892037752895586,1.5025732674906331
138,1.0734542985116282,0.0011111168059400253,400.0,0.01120060829505805,1.5291016255655596
138,1.052899750971025,0.0010535606310792989,400.0,0.010080949421371183,1.484404956909918
139,1.0565114609656796,0.001072622360210986,400.0,0.010350876082215578,1.4959112798013994
139,1.0463596847749526,0.0010434987671267722,400.0,0.010667486672079372,1.4744266744582883
140,1.0642281474605684,0.001093441656050873,400.0,0.010349346988744313,1.5119541541222603
140,1.0659850443563155,0.001080761017698434,400.0,0.01151863282185889,1.5098080915789451
141,1.0792482979836002,0.0011065918144830052,400.0,0.01077017244852839,1.5326551991124306
141,1.0582812707270346,0.0010872800399797156,400.0,0.010783495417525692,1.5039767784457052
142,1.061724966187631,0.0010855471405516108,400.0,0.011343863405167095,1.5072876803336606
142,1.060377327857479,0.0010634518113933624,400.0,0.011073273363252801,1.496831323254493
143,1.0573332232813681,0.001093927023541783,400.0,0.011053892660645707,1.5059579203205724
143,1.0546445506234323,0.001070110555437784,400.0,0.011575719634551675,1.4942644869127581
144,1.053385317133319,0.0010778217818663124,400.0,0.010011365075385378,1.494525404899351
144,1.0687914017708071,0.0011153458688978946,400.0,0.011015238868252885,1.5259449889582972
145,1.066507855922945,0.0010870007157791407,400.0,0.010761929611344971,1.5120700770808804
145,1.0476007080847216,0.0010630358489335425,400.0,0.011114315258999986,1.4839293629892412
146,1.0666297333855783,0.0011089791543781758,400.0,0.011265059498949877,1.521486448088
146,1.0617376873570104,0.0010980958518977727,400.0,0.010736559658882119,1.511712585726092
147,1.0617336938458104,0.0010791473612639932,400.0,0.01131421463008249,1.504706859588623
147,1.068240737530493,0.0011488490518287665,400.0,0.011446131435373137,1.539226488144167
148,1.0723195375934724,0.0010981845648794044,400.0,0.009921104536061326,1.521514464578321
148,1.0621214905092793,0.0010755447100006764,400.0,0.01104835930670942,1.503387733428709
149,1.051451426167642,0.0010929437560750351,400.0,0.01094634167008823,1.4995752703758978
149,1.0451772670592032,0.0010753249802115945,400.0,0.011544061518244206,1.4868513280345548
150,1.052332039417759,0.0010906888479967753,400.0,0.010176209489544553,1.498783786450663
150,1.067339814093805,0.001125976970163925,400.0,0.011622740925409861,1.5293533421331835
151,1.005646647176435,0.000985057335234277,400.0,0.009940778073524274,1.4096103560539983
151,1.0036815120327858,0.0009952804389139337,400.0,0.010423288163879225,1.4122169733047485
152,0.9719185333098135,0.0009012091560326817,400.0,0.01064771898391266,1.343049910568422
152,0.9745944238478138,0.0009409660263167273,400.0,0.010447174098883426,1.3614280162319061
153,0.9786340594291687,0.0009245889409700589,400.0,0.0103620576492,1.3588316925110355
153,0.9602363886371735,0.0009153211429234474,400.0,0.010463961454168443,1.3368288097843046
154,0.947499644179498,0.0008816743416020707,400.0,0.011583442933436843,1.3117528223222301
154,0.9839374515318101,0.0009332964859617454,400.0,0.010677194529243053,1.3679332413981038
155,0.9479400192537616,0.00089522106413384,400.0,0.011253793007363715,1.3172822306233067
155,0.9608641336041112,0.0009002874391303668,400.0,0.01042559603229165,1.3314046959723196
156,0.9508641704436271,0.0009172387890547754,400.0,0.011128314260032869,1.3288879980964046
156,0.9464701069939521,0.0008790390754696883,400.0,0.011873331063637329,1.309959061684147
157,0.9375576780688378,0.0008812755050565747,400.0,0.011941299902936143,1.302009174708397
157,0.9393121584769218,0.0008551911200254014,400.0,0.012284971416116721,1.2936735768471994
158,0.9520727257574758,0.0008923424957057221,400.0,0.010839275039371944,1.319848999284929
158,0.9354181047408812,0.0008685121307104466,400.0,0.011937314419135932,1.294760267196163
159,0.9422307679730076,0.0008994385158838403,400.0,0.011674890414841713,1.313681064882586
159,0.9551474571228027,0.0009079996252342338,400.0,0.010446481289522302,1.3287937925707909
160,0.9303390852866634,0.0008587126245519387,400.0,0.01222796365318279,1.2860520978127756
160,0.9557080872547932,0.0008898298363372958,400.0,0.011525083270568687,1.3231651009275363
161,0.9390000474068426,0.000883156641934728,400.0,0.012073622532789745,1.3043363232766427
161,0.942213402640435,0.0008617976541450668,400.0,0.011477024297440245,1.2984094850478634
162,0.9380187807544585,0.000868986449166832,400.0,0.012076098734753267,1.2976894682453524
162,0.9489004323559422,0.0008929112862284866,400.0,0.011584471969775134,1.3176494209997116
163,0.9124715347443858,0.0008230648195040563,400.0,0.012259523665171957,1.253956985858179
163,0.9402548636159589,0.0008843683460239141,400.0,0.012361483167736761,1.3063636879767142
164,0.9145974555323201,0.0008290053052347034,400.0,0.012268597216555668,1.2584681776262099
164,0.9231664588374476,0.0008631629740721696,400.0,0.012027095105018346,1.2804587471869684
165,0.9282278766555171,0.0008558285995311435,400.0,0.011697396203394859,1.2822567136056962
165,0.9274595813491405,0.0008630220761868912,400.0,0.01155484313569151,1.2842232550566013
166,0.9340954486400851,0.0008815874792485228,400.0,0.012540537395304249,1.29927097482066
166,0.9300562972441698,0.0008468508824126986,400.0,0.012394982393090732,1.2811916348261712
167,0.9164322791561004,0.0008267873159286776,400.0,0.012354752262152971,1.2595019540479107
167,0.9223516342731622,0.0008411345434769129,400.0,0.012206938416243363,1.271012389124968
168,0.9218085929751396,0.0008438145678388911,400.0,0.0133506024393659,1.2726850224993167
168,0.9161853565810583,0.0008412524787276291,400.0,0.01252156299037429,1.2652079164981842
169,0.9202059236092445,0.0008507964191197131,400.0,0.01333201512730179,1.2738565026949613
169,0.9240954527870203,0.0008564080516151033,400.0,0.012875274483424922,1.2795339486537836
170,0.9236187443901331,0.0008399859900983314,400.0,0.012667902121439768,1.272281044568771
170,0.9247783691837237,0.0008633686980036332,400.0,0.012297178597714847,1.282423028197044
171,0.9095543038386565,0.0008214385119432476,400.0,0.01329579322377984,1.2514255000994756
171,0.9305573906271886,0.0008555101897703329,400.0,0.011875066303242093,1.2846365326490157
172,0.923778425806608,0.0008472581259691372,400.0,0.012401454508877717,1.2750831276942522
172,0.9231700732921942,0.0008431300588059598,400.0,0.011887987765173117,1.2723100861677756
173,0.9219159900377958,0.0008328042459675672,400.0,0.013057100568683101,1.2680947879950206
173,0.9274877527585397,0.0008475846316753469,400.0,0.012842748170861831,1.2793643573919933
174,0.9156253249981464,0.0008393029429731915,400.0,0.012658291412756229,1.2640047948329876
174,0.923744049973977,0.0008330847379581358,400.0,0.01240777314449541,1.2693857157077544
175,0.9134818873344324,0.0008341337743331678,400.0,0.012001697600890811,1.259137095931249
175,0.9212163197688568,0.0008558619659967148,400.0,0.012001193683737746,1.2755622986035469
176,0.9315101160452917,0.0008568030407798524,400.0,0.012192767382097932,1.2864241036467063
176,0.9229668409396441,0.0008406139521610338,400.0,0.013013285029536257,1.2722257028023403
177,0.9153733165600361,0.0008392232740357614,400.0,0.012410191744446563,1.2634728168829894
177,0.9151173390639133,0.0008424015383449538,400.0,0.013861409428780181,1.2659393589083965
178,0.9181326581881597,0.0008140170961828866,400.0,0.0132562812561026,1.2569957753786674
178,0.9162281835690523,0.0008350740859802896,400.0,0.012045298923905462,1.262303115083621
179,0.9181214800247779,0.0008335358348304931,400.0,0.013559534802483633,1.2650953504519584
179,0.9197865021534455,0.0008548819143284047,400.0,0.012383113051048266,1.2741223810574946
180,0.914599359799654,0.0008208207095426937,400.0,0.012858619525407752,1.2557862592049134
180,0.9195416367206818,0.000855092682449583,400.0,0.012479135868115684,1.2740578525341475
181,0.9198700789457712,0.0008358734291202078,400.0,0.012874372249755722,1.2670938227421198
181,0.9151438243496113,0.0008489356312053039,400.0,0.01383391060293294,1.2685519848496487
182,0.9168708431415069,0.0008365647568448017,400.0,0.012151273254018564,1.2636480163305233
182,0.8979793771719321,0.0007983198087085605,400.0,0.013102270355328726,1.2304095677458322
183,0.927603156138689,0.0008664378708486672,400.0,0.011516055438476495,1.2856943607330322
183,0.9172552965390377,0.0008361387812422039,400.0,0.012759343206058614,1.2644701588612337
184,0.9165180810751059,0.0008274484206105206,400.0,0.012826510051337,1.2603239610027044
184,0.9069669164526157,0.000811622666263317,400.0,0.013159678884758016,1.2447756717984493
185,0.924162561694781,0.0008317069997503542,400.0,0.012479664293679003,1.2693250244244552
185,0.8954109780681438,0.0008060074285775698,400.0,0.0132750810828442,1.2310890341416383
186,0.9180379066711817,0.0008329028209211687,400.0,0.013347230953140518,1.2645462701718013
186,0.9106679822389896,0.0008358309413522828,400.0,0.012739346705926344,1.2577396994217849
187,0.9191389208038648,0.0008349417857504868,400.0,0.012258966789186861,1.265374599932096
187,0.9111889936985114,0.0008071098713210234,400.0,0.013521405318990732,1.2475543434803302
188,0.9073971584439278,0.0008294119564734268,400.0,0.012782624024205292,1.2519445658112183
188,0.9125831673542658,0.0008360640645267454,400.0,0.013166690248255737,1.2601754867877715
189,0.9048113310948397,0.0008437383066615065,400.0,0.012929059612827424,1.2552357098230948
189,0.8961874441458628,0.0007945790007514192,400.0,0.01348047384705681,1.2274995209314885
190,0.9098364672599695,0.0008050265506683037,400.0,0.013685948588551046,1.2455330384083283
190,0.9049321959416071,0.0008069754156354182,400.0,0.014171700070922574,1.241894061366717
191,0.9041448873587143,0.0008227257965653478,400.0,0.01387498217025915,1.2471101838044631
191,0.8905923278667988,0.0008005855980184443,400.0,0.013278744007365253,1.2241053126561336
192,0.9186148261412596,0.0008444318472100302,400.0,0.013501601081747467,1.2698891665308902
192,0.9004140358704787,0.0008151944020004848,400.0,0.013407239272521857,1.2398990293343861
193,0.9239390725508715,0.0008429862233848932,400.0,0.013147481287328096,1.2742810455652385
193,0.9038142124429728,0.0007989076246956709,400.0,0.013518147576504793,1.2368954030367045
194,0.9157337099313736,0.0008379471805827238,400.0,0.013296859870211054,1.264209440885446
194,0.9089288446001518,0.0008295250241084992,400.0,0.013066159597096534,1.2538050120839705
195,0.9009219293410962,0.0008217476435954898,400.0,0.01344841547931234,1.2430694023003945
195,0.9024057220189999,0.0008043991921835979,400.0,0.013263141948323792,1.2374285386923032
196,0.9167558122903873,0.0008331620272843,400.0,0.012966759817806097,1.2629873748773184
196,0.9052489052216212,0.0008228549236380972,400.0,0.013631349459338265,1.2480222231302507
197,0.900384301176438,0.0008266778895631433,400.0,0.013142371254686553,1.2441978301757421
197,0.9034796150831076,0.0008061780472650217,400.0,0.013263020473412978,1.2392138571311266
198,0.9098379812561549,0.0008345100864878474,400.0,0.013695912098344892,1.2573379241885283
198,0.8965295327779574,0.0008108929457357123,400.0,0.01366212270491255,1.2345488298779879
199,0.8934167900528663,0.0008005973368898805,400.0,0.013064454049946597,1.2267201787386186
199,0.8970626703439615,0.000787451242593726,400.0,0.013436830766761724,1.2254799978855329
200,0.8917449649709922,0.0007932414921061792,400.0,0.01356978056868777,1.2226113409568102
200,0.907249968403425,0.0008202607007264398,400.0,0.013691039493259711,1.2490452925364177
201,0.9036783667711111,0.0008239537586259524,400.0,0.014421903652150948,1.247681771333401
201,0.91533368290999,0.0008236445107449514,400.0,0.014718311235834008,1.259509795751327
202,0.9167036204001843,0.0008251217704337949,400.0,0.01265142076702502,1.2594037445691915
202,0.8993605956053122,0.0008209366402204465,400.0,0.012492760072629422,1.2402280118220892
203,0.9029911929407181,0.0007974841983247107,400.0,0.013710350071330769,1.2356952247329247
203,0.8888326524159847,0.0007906328336946153,400.0,0.013931024082315465,1.2190168056732569
204,0.9036048960227233,0.0008305166621329801,400.0,0.013439667984270133,1.249251228876603
204,0.9114864365412638,0.000822386484800611,400.0,0.014356239051080476,1.2547972725752072
205,0.8984507968028387,0.0008027878442916494,400.0,0.014137607434979426,1.233703539157525
205,0.8994337687125573,0.0008129847476830503,400.0,0.014035079480471233,1.2386627449439123
206,0.9070319212399997,0.0008215124775560048,400.0,0.01333965614844018,1.248976557682722
206,0.9002556989972408,0.0008140451778345801,400.0,0.01467986376538204,1.2405536331427403
207,0.8918307244013517,0.0007935894312443755,400.0,0.014237895763168732,1.2235043887526562
207,0.8996571625272433,0.0008111742498817293,400.0,0.013414212807009999,1.2375410722616391
208,0.8993681220289989,0.0008050921232773898,400.0,0.013660994662831608,1.2350659693280857
208,0.8959361643363268,0.0008154178820591485,400.0,0.014282972008610765,1.2363862899633555
209,0.8864312047759692,0.0007904047973006994,400.0,0.013340477258540116,1.2159336025898273
209,0.8919137657070771,0.0007755532659267863,400.0,0.013662549604375202,1.2157976233806365
210,0.8989030176248306,0.0008227089239927665,400.0,0.013918997895999406,1.2419055834030495
210,0.8968698844695703,0.0007884982069066236,400.0,0.013879017064121002,1.2261481808546262
211,0.9066492933302354,0.0008134790632772284,400.0,0.012804678381563952,1.2448455947331893
211,0.8953183690706888,0.0007950872935068149,400.0,0.0134567682338783,1.2268100549013188
212,0.8944911307249314,0.0008133433163423503,400.0,0.014303692201606166,1.2341321550118618
212,0.8913572002679874,0.0007788962289990964,400.0,0.01313027007600818,1.2160459604018774
213,0.896735946337382,0.000798266904241292,400.0,0.013085312615984526,1.2291280168753405
213,0.8989831188168281,0.0008117859998982077,400.0,0.014469867596068444,1.2381673867885883
214,0.8844543932340084,0.0007683893970515316,400.0,0.013504963729363412,1.2053151176525996
214,0.9121133876152527,0.0008334725410886443,400.0,0.01334183327614879,1.2588442403536577
215,0.9028560664409246,0.0008090384899099799,400.0,0.012586708705967817,1.2390581667423248
215,0.8821215535967778,0.0007808408775487735,400.0,0.013281556052299073,1.2077394624551137
216,0.8939011150445694,0.0008001076603250112,400.0,0.013963802037044214,1.2279079781892972
216,0.8885148140864495,0.0007898632914778622,400.0,0.014678628619712515,1.2191387483706841
217,0.8938619674016268,0.0008057323807756453,400.0,0.013831778208557993,1.2299866947608116
217,0.8731325631722425,0.000773688507951402,400.0,0.01413280542832441,1.1967407740079439
218,0.8943259523083003,0.0008204103021573526,400.0,0.013486759949069565,1.235976830889017
218,0.9024230696451969,0.0008126041003635739,400.0,0.014264270096109847,1.241728975986823
219,0.8950802366702985,0.0007835943137111966,400.0,0.013272396141054252,1.2217903561317003
219,0.8868457892766366,0.0007667230721637726,400.0,0.013349353640268628,1.2068843765136523
220,0.8906554614122097,0.0008003499197701996,400.0,0.014275591071241368,1.2250710278749466
220,0.8895295357856995,0.0007817628172163565,400.0,0.014007335319780769,1.2162420008427057
221,0.8934008202109581,0.000784402762712069,400.0,0.014052309579430865,1.2212142336827059
221,0.8930672724277545,0.000790009085810594,400.0,0.014109217328950763,1.2231801243928762
222,0.9023878788336729,0.0008055759940478497,400.0,0.012556039095402528,1.237174316094472
222,0.8834442053085718,0.0007716218438312913,400.0,0.014738223933352109,1.206831164467029
223,0.8923089972291237,0.0007969314783855599,400.0,0.013090819665171111,1.2241724072358546
223,0.8953446883421677,0.0007926650642520355,400.0,0.015119696621042795,1.2275304179161022
224,0.8972587680969483,0.0007973816201019173,400.0,0.013911205818518423,1.2301226185682492
224,0.8960783863678957,0.0008115353098569008,400.0,0.014144258406490851,1.234836764824696
225,0.8901724696923525,0.0007961031327655432,400.0,0.014487523298997145,1.2231012491079478
225,0.8813880450832539,0.0007610842903653601,400.0,0.013829426105635671,1.199651185900737
226,0.8895315581407303,0.0007929261414690886,400.0,0.014505709109541316,1.2212077245498314
226,0.8940359686429684,0.000810491553495059,400.0,0.013817383719679829,1.2320499748755724
227,0.8829218628696907,0.0007784095748950046,400.0,0.015093218612795075,1.2093789151463754
227,0.8835782198569714,0.0007807946544161473,400.0,0.01350086349217842,1.2093969415395687
228,0.8845682956087284,0.0007615554948596326,400.0,0.014586598409387546,1.2037770885687609
228,0.8875120473213685,0.0007759985893267768,400.0,0.014446063758208392,1.212357548949046
229,0.8943478499467556,0.0007938591791175079,400.0,0.013882604920162031,1.225774124264717
229,0.8978385825951894,0.0008090826997478218,400.0,0.013965157463621253,1.235436818538568
230,0.8882134682857074,0.0007940563912434767,400.0,0.013463152506842446,1.219299173125854
230,0.891527649301749,0.0008011915293210245,400.0,0.013526160896827396,1.2255304222687697
231,0.8863555991496795,0.0007872056182047041,400.0,0.015050765853793098,1.2162886093824337
231,0.8791312934496464,0.0007889235909178985,400.0,0.014261773253122393,1.2089625020057728
232,0.8864829011070423,0.0007813784762756535,400.0,0.013940892009160075,1.2129751852689645
232,0.8827496140431135,0.0007739647024629029,400.0,0.01416006511471306,1.2064955582221348
233,0.882324714691211,0.0007841978039299974,400.0,0.013895427270864066,1.2098992654146292
233,0.8878713926443687,0.000795247051241742,400.0,0.014805185089174371,1.2207753986884387
234,0.8841038774221371,0.0007756058062696889,400.0,0.013466215590970257,1.2078124108986976
234,0.8898662370749009,0.0007737102762173611,400.0,0.014032894736514069,1.2133832407685428
235,0.8936248750258715,0.0008007122484671597,400.0,0.013636739873804916,1.2275465096418674
235,0.8778098542720844,0.0007521300033728878,400.0,0.014343156795709943,1.1930050127781355
236,0.8831014549120878,0.0007842298366132383,400.0,0.014027679124130653,1.210821067675566
236,0.8952174702515969,0.0007944300605464751,400.0,0.014617371098257793,1.227606862783432
237,0.886217183409593,0.0007821473765757102,400.0,0.01430071146788601,1.2133768495076742
237,0.8960826240288906,0.0008098754930333832,400.0,0.0132915863665776,1.2333244104415944
238,0.8857392248434898,0.0007819846798203145,400.0,0.013359567896725658,1.211892660611715
238,0.8861560800518745,0.000777974523141613,400.0,0.015518723769137302,1.2128646108202445
239,0.8870433769547023,0.0007877291345488256,400.0,0.01477373674368629,1.2169087683925262
239,0.8901733129452436,0.0008032538040797823,400.0,0.01381972978840797,1.225294563632745
240,0.8822884842371329,0.0007661364068507026,400.0,0.014805903046344144,1.203548944913424
240,0.8905308227508496,0.0007995172996650068,400.0,0.014832365084797718,1.2251700999645085
241,0.8894775567146448,0.0007799831103348436,400.0,0.01461910760292831,1.2160899092753727
241,0.8848050890060571,0.0007771549555913318,400.0,0.01321720471008657,1.2088842724378293
242,0.8881845138011835,0.0007847925913572395,400.0,0.015230720770210983,1.217332271238168
242,0.8846370436442204,0.0007786549227976372,400.0,0.015388621106887093,1.2114876329134672
243,0.8777499607740304,0.0007794594806536901,400.0,0.014569135075315641,1.2041028883212652
243,0.8798563423065039,0.0007599718408481493,400.0,0.014163611131385924,1.198008691271146
244,0.8752952424379495,0.0007617194448054457,400.0,0.014974488624526808,1.194957511165203
244,0.8864341152784152,0.0007838336972874971,400.0,0.014548607692958262,1.214516206429555
245,0.8951001870326507,0.0007965281587623907,400.0,0.013955799583644152,1.2276672476377242
245,0.8767287326164734,0.000765883428707289,400.0,0.013542124144852353,1.1966242247667067
246,0.8841125258268454,0.0007763481739041312,400.0,0.01356975704085273,1.2082215536099215
246,0.8762578723522333,0.0007647219702052191,400.0,0.01524335925335972,1.1973900130161872
247,0.8937164690250006,0.0007898302813443409,400.0,0.01435161182262863,1.2240001945159373
247,0.8731942501587745,0.0007694056898449512,400.0,0.015526256306120792,1.1964827814163306
248,0.8768730463507848,0.0007786586681434598,400.0,0.015252605898496814,1.20358912111857
248,0.8957831550102967,0.0008021660766807587,400.0,0.014617444517520757,1.2312670357716389
249,0.8566377250811993,0.0007121315342933835,400.0,0.014700973137783317,1.1561913134960027
249,0.8808048688448392,0.0007708260777573555,400.0,0.015074695436618267,1.2042099974858456
250,0.8753272581558961,0.0007585037080085991,400.0,0.014468938765975718,1.193197679443237
250,0.8712173411861445,0.0007629001125818691,400.0,0.013896934094074637,1.190274321498015
251,0.8838654259840647,0.0007551805534510491,400.0,0.01354478252454637,1.199482431778541
251,0.8820137452238646,0.0007716893645313879,400.0,0.013785497183935383,1.2044749882740853
252,0.8753997750389271,0.0007635372065310665,400.0,0.015785589253004544,1.1966002407746437
252,0.8799102038909228,0.000782038255867799,400.0,0.01505189090489577,1.2077773933609326
253,0.8884725742615186,0.0007972019367839377,400.0,0.013841558697048383,1.2211949122257721
253,0.8804707997120343,0.0007926928215639259,400.0,0.013809938264342073,1.211357866724332
254,0.8796897031939946,0.0007623459582529718,400.0,0.014893354239085546,1.1995214405350196
254,0.8854204225234497,0.0007960760032382006,400.0,0.015109202057385866,1.2189600261358113
255,0.886932196143346,0.0007921713048022073,400.0,0.013622401135925872,1.2174231119644947
255,0.8815372987435415,0.0007647004658792866,400.0,0.013927341411964824,1.2013448274288423
256,0.8722607080753033,0.0007666643911924881,400.0,0.015705280382042892,1.1946317480924802
256,0.8830608228842417,0.000777501863222614,400.0,0.014668748849847665,1.208730319944712
257,0.8721011991684253,0.0007497263471659374,400.0,0.015310106234839903,1.187301836334742
257,0.8873015105342253,0.0007824131861502209,400.0,0.013514964596535534,1.2137817442417145
258,0.8746176384962522,0.0007503355620242357,400.0,0.014523455620898554,1.1892753144105275
258,0.869400727443206,0.0007489319325544877,400.0,0.014307544729373872,1.1832810464577797
259,0.8773763684126047,0.000768109809984871,400.0,0.015335477963209344,1.1999557671638637
259,0.8796102156241735,0.0007702381609795758,400.0,0.013802302843079163,1.2015077758293886
260,0.8758523701093136,0.0007710234139477296,400.0,0.014649098371871961,1.198910837372144
260,0.8747704649964968,0.0007661052619275721,400.0,0.015218775486573577,1.196431347574943
261,0.8706579258044561,0.0007369708446509695,400.0,0.013387166757661944,1.1788334269554188
261,0.8850202476366972,0.0007675101060624748,400.0,0.01516396996493523,1.207188258568446
262,0.8740811405273584,0.0007623371012204399,400.0,0.015155123015388083,1.1941711054398463
262,0.8814908204934536,0.0007815669309004592,400.0,0.015060274455791865,1.2091778656228995
263,0.8825546629153765,0.0007631818144335949,400.0,0.013769812058084287,1.201597192730659
263,0.8739824627454464,0.0007606549984185945,400.0,0.014387518018245315,1.1926319771088087
264,0.8876349326127615,0.000765894771831928,400.0,0.014630438571867462,1.2086232839486537
264,0.8735884913267233,0.0007586809999618429,400.0,0.015388312104802866,1.1924492063430638
265,0.8819839602861649,0.0007669570104320509,400.0,0.01446399606244925,1.2032307558334792
265,0.865408351788154,0.0007374225882440208,400.0,0.014439391273742493,1.1748167788371062
266,0.8703623255475973,0.0007598291216336059,400.0,0.013703481915096441,1.1879974529147148
266,0.8754667620628308,0.0007639725367763999,400.0,0.015168871378335051,1.1962246482188885
267,0.8618931544896884,0.0007419367350685673,400.0,0.016466390371370394,1.1751342369959905
267,0.8698927057095063,0.0007288919566165602,400.0,0.014126788245705076,1.175576279178644
268,0.8791249123139259,0.0007768143681086934,400.0,0.014839237033485029,1.2046898947312281
268,0.8862785087564052,0.0007970151092218331,400.0,0.013698118953750683,1.2187826732794445
269,0.8789419147830743,0.0007825524484453639,400.0,0.014588311983224673,1.2065512121487887
269,0.8652641723553339,0.0007472013712686021,400.0,0.014833613752554625,1.1789783348257725
270,0.8712311528432064,0.0007459805376875477,400.0,0.014303356955329386,1.183926719885606
270,0.8799039732951385,0.0007556707380270102,400.0,0.013908784627580108,1.1960810541342466
271,0.8633562186971689,0.0007494244435246144,400.0,0.01583190403210047,1.1789579015129652
271,0.8584499802344885,0.0007283563313532609,400.0,0.015558164713020699,1.1653506744366426
272,0.8678897147377332,0.0007454453069117451,400.0,0.015047456639317365,1.1811152906754079
272,0.881345340074637,0.000771132050897741,400.0,0.013699321255374413,1.203497474010174
273,0.8620767908600661,0.000745099880590808,400.0,0.014808758433597783,1.1749255022941492
273,0.8547039841994261,0.0007301811885834188,400.0,0.015438747183324244,1.162215211834663
274,0.8552758342180496,0.0007187332598849211,400.0,0.014980856729193758,1.1577499889028378
274,0.8711906639047158,0.0007659986803423052,400.0,0.01472270510231073,1.1923128366470337
275,0.8492963421039093,0.0007217130837372493,400.0,0.014797500415275304,1.1527790755797656
275,0.8888041606316199,0.0007761765230567947,400.0,0.01393649768597709,1.2132112628374345
276,0.8791174632616532,0.000781021667465281,400.0,0.014568966816370495,1.2060951028878872
276,0.8791690770632181,0.000760058945627698,400.0,0.015136510438214127,1.1983291651958075
277,0.863433899023594,0.0007398967737129006,400.0,0.01569317857054277,1.1750857887359767
277,0.8775624395945133,0.0007661456739953839,400.0,0.014992713775987236,1.199013421168694
278,0.8813115753806554,0.0007815255001052999,400.0,0.013661382454208648,1.2075831592082977
278,0.8495664676794639,0.0007187467766086159,400.0,0.014602001753444664,1.151667177868195
279,0.8715381742669985,0.0007662204457469321,400.0,0.015850352711426333,1.1938767005235722
279,0.8719293456047009,0.0007449521682969928,400.0,0.015520098440062541,1.185430313532169
280,0.8778700731121577,0.0007604921765260559,400.0,0.014543040771968663,1.1966099945398478
280,0.862494252049006,0.0007378277780215006,400.0,0.01514138417163243,1.1727667393592687
281,0.8747962233729851,0.0007451171505426129,400.0,0.015227225634496277,1.1880703094678047
281,0.8800318753108,0.0007959758593829181,400.0,0.014180487484480135,1.212602707820061
282,0.85802339666929,0.000740008607186983,400.0,0.014490156724022176,1.16851699199432
282,0.8761004656553268,0.0007533778136861749,400.0,0.014731774626013178,1.1921833589290962
283,0.8790252357721329,0.0007758597431604405,400.0,0.014334165071770072,1.203703292287313
283,0.8748390964972668,0.0007630808673312481,400.0,0.014224629843225464,1.1942960681059422
284,0.8805127875545086,0.0007755319978362726,400.0,0.015660087160097483,1.2063856697999513
284,0.8683248723928745,0.0007601191328154901,400.0,0.01550486159678071,1.187877390629206
285,0.8706003939494108,0.0007462073168799413,400.0,0.015153529743353525,1.184236853550642
285,0.8780426906469541,0.0007478628407485443,400.0,0.015493689212374963,1.1926815169744003
286,0.8645452906688055,0.0007477914011523796,400.0,0.015404373559599312,1.179066225886345
286,0.8589063386122385,0.0007370258411892558,400.0,0.014842098713136064,1.1685587740861452
287,0.8666754105152228,0.000729796419993643,400.0,0.014705801761756914,1.1732997896197515
287,0.8689105659723282,0.0007478219417046206,400.0,0.015039758882127129,1.1830791051571186
288,0.8729747373324174,0.0007566384341864763,400.0,0.01487215120309534,1.1905022607399867
288,0.8636885564296674,0.0007201740406274509,400.0,0.014716467991745912,1.1664746373127668
289,0.8842235459731176,0.0007793416402702674,400.0,0.013860635405692916,1.2098208321974828
289,0.8738732181298428,0.0007518523703672541,400.0,0.014686410166084385,1.189300578374129
290,0.8608625405109845,0.0007453230491825171,400.0,0.014577939873561263,1.173569699892631
290,0.8463202930795841,0.0007358212680208873,400.0,0.015781122023980014,1.156429920823146
291,0.8661274147721437,0.0007378218222770672,400.0,0.016136037002210148,1.1773921772837639
291,0.8694508576240295,0.0007577715891201455,400.0,0.014237240858328266,1.1867967289991868
292,0.8698761598804058,0.0007385653933362426,400.0,0.014946794880625721,1.180249109482154
292,0.8631241161089677,0.0007356748090574117,400.0,0.015500036351836454,1.1728940781874535
293,0.8649345863706026,0.0007300809580696155,400.0,0.01498595373525929,1.1719529246672606
293,0.8572495510944953,0.0007306769128216472,400.0,0.015139275842394011,1.1646595912484021
294,0.8786047234749182,0.0007649583586055833,400.0,0.01573051320006832,1.2003185867499082
294,0.8723182292320789,0.0007611869417208558,400.0,0.014541474699329298,1.1913344863897715
295,0.8708949429102433,0.0007512252379969234,400.0,0.01531321529406481,1.1866982500904646
295,0.8642517316799897,0.0007523218460287004,400.0,0.015581254587652018,1.180761724901505
296,0.8597679229883047,0.0007319631023654857,400.0,0.015596471428393554,1.1681496378702996
296,0.8685858862904402,0.0007370427508878772,400.0,0.01500062053450025,1.178403607545755
297,0.8599754226131316,0.0007366821864240755,400.0,0.015090644258098343,1.1697389380289958
297,0.8793319692978492,0.0007883395319834399,400.0,0.013974356811302595,1.208642140412942
298,0.8674508035182953,0.0007252648163277906,400.0,0.014970303796685468,1.1725270388982234
298,0.8539182220896085,0.0007178408305686063,400.0,0.015352034708485007,1.156406589425527
299,0.8530569487275221,0.0007216604247402686,400.0,0.015170210411246771,1.1568913259185278
299,0.8445239609632736,0.0007148424002270286,400.0,0.01513380566253685,1.1455947317374058
300,0.8756390091700431,0.0007540184146469423,400.0,0.016216552953641765,1.1934629239332981
300,0.8591376004310755,0.0007208824110234557,400.0,0.014972374864065876,1.1624629398187
301,0.855674399397312,0.0007386968699836124,400.0,0.014941242377225978,1.166094387571017
301,0.8580040715825863,0.0007287435771734006,400.0,0.015650055762260962,1.165151549455447
302,0.8577462327785981,0.0006999897209775205,400.0,0.015292806843391214,1.1530349273712208
302,0.8553672566627845,0.0007234115249817618,400.0,0.015676203846501615,1.1604080716004739
303,0.8507355696115738,0.0007082364084990098,400.0,0.016364305898045692,1.1503944381689415
303,0.8525420385293472,0.0007066340059771811,400.0,0.014989368742904984,1.1501850126645503
304,0.8540965924278284,0.0007027656391960008,400.0,0.01498741771763143,1.1501902655149117
304,0.8516962776581446,0.0007204304239190279,400.0,0.015148013991375383,1.155016459333591
305,0.8548589667830712,0.0007308901580332671,400.0,0.015200494296060732,1.1624155258521056
305,0.8562121803943927,0.0007258758009694971,400.0,0.015700324510152523,1.1622628218088396
306,0.857351649648104,0.0007178759050218967,400.0,0.015001585486177832,1.1595035951871138
306,0.8487466728458037,0.0007161786949533658,400.0,0.015757179654871997,1.1509753278432748
307,0.853856623554841,0.0007252963776129315,400.0,0.015202366245480685,1.1591775390582206
307,0.8643999409217101,0.0007273341600058558,400.0,0.01529117628860359,1.1706247795850804
308,0.8388389022304461,0.0006782396998553453,400.0,0.015513385380379474,1.12564816345007
308,0.8515158788515971,0.0007201941379417593,400.0,0.014891336322762072,1.154484870724189
309,0.8403186522997342,0.0006821839153230824,400.0,0.015624425123230768,1.1288166458790119
309,0.8470286635252146,0.0007011348614189326,400.0,0.0156571906274901,1.1431398049761088
310,0.851171487225936,0.0006976334453867868,400.0,0.014484632428950416,1.1447094942514713
310,0.84511787043168,0.0006934952241583512,400.0,0.015353715184550637,1.1378696751900208
311,0.8426291820330497,0.0006850846606166436,400.0,0.015336173040290864,1.1319992183110652
311,0.845021726229252,0.0007011369591801225,400.0,0.01555757086055401,1.1410340838707411
312,0.8522720241393799,0.0007065433111655203,400.0,0.016520329258547954,1.1514096810267522
312,0.8357087478805811,0.0006860702241959724,400.0,0.015384971732811,1.1255218063791592
313,0.8439671687590771,0.0006941691914480777,400.0,0.01607945840507268,1.1377142950510368
313,0.8340700822762954,0.0006831163430037216,400.0,0.015901386421412613,1.1232180075767713
314,0.8434163003395765,0.0006812471874582116,400.0,0.016179429673147984,1.1320946029363534
314,0.8271450656346786,0.0006611761092268026,400.0,0.015008094541441936,1.1066236037474413
315,0.8492061579838778,0.0007105072451780031,400.0,0.0168941709278629,1.1503032270150306
315,0.84990677352135,0.0006996360760426912,400.0,0.015161982004662069,1.1449231895116658
316,0.8416320666288718,0.0006787639151578053,400.0,0.015389478854978314,1.1285271216661503
316,0.8373489114336479,0.0006705691513884515,400.0,0.016570057540845413,1.1221466242120817
317,0.8385621710465505,0.0006872128824631009,400.0,0.015005564791723512,1.1284528836990013
317,0.8468063511909583,0.0007125555947799839,400.0,0.015387847795724295,1.1472164327517533
318,0.8482035828324465,0.0007144800951302899,400.0,0.01598033140329883,1.14997594918196
318,0.840106912339345,0.0006888250083694658,400.0,0.015374151437591093,1.131011070540318
319,0.8417973222258763,0.0006868179064044036,400.0,0.01618916435370174,1.132713644932478
319,0.8463430251830664,0.0006988413986572339,400.0,0.015417884286039341,1.1412974691543825
320,0.8366506233429297,0.0006950551050510675,400.0,0.015104950745948233,1.1297776187077546
320,0.8379970387770579,0.0006693030107458187,400.0,0.015848158500515498,1.1215663999319077
321,0.8538990853688656,0.000709019385491653,400.0,0.015689713734154325,1.1531965541533935
321,0.8425240975159866,0.0006749363276004517,400.0,0.015475692609563852,1.1279743168598566
322,0.8425272580904838,0.000679436188665232,400.0,0.01490125358880808,1.1292029863748796
322,0.8383537989396316,0.0006846216777212715,400.0,0.017000973884326715,1.1292034471646333
323,0.8458212331319467,0.0006869631815322627,400.0,0.016026912979447305,1.136633418691464
323,0.8518887857596079,0.0007097982002634149,400.0,0.015553866954854665,1.1513619382794087
324,0.8466382947487708,0.0007032681782080685,400.0,0.016545636294326052,1.144491202938251
324,0.8538146615028381,0.0007097332774533126,400.0,0.015580264932046143,1.1532882379415708
325,0.8351529722030346,0.0006667092135243225,400.0,0.01520502718929679,1.1170416864065023
325,0.8363916042905587,0.0006980987600633317,400.0,0.015920576030531756,1.131551678173053
326,0.8420426425261375,0.0006913019811364416,400.0,0.015941324091564197,1.1345047595409246
326,0.8429808278496449,0.0006838674456118427,400.0,0.015339160585799852,1.1318669663025782
327,0.840170953136224,0.0006911197452632806,400.0,0.01624060943364524,1.1328594638751104
327,0.8404912547423289,0.0006952847777425539,400.0,0.01646322663127182,1.135068389849785
328,0.8336219604198749,0.0006735322706681939,400.0,0.015376354285623305,1.1184112204191012
328,0.8360520240205985,0.0006890435648435811,400.0,0.014939479992533915,1.1266089181105297
329,0.8472023464930363,0.000694949517007141,400.0,0.0155373258719173,1.1407194771827796
329,0.8509941983681458,0.0006861770005996685,400.0,0.01518254813988908,1.1406475397256703
330,0.845601981649032,0.000679832647923225,400.0,0.015911070021012656,1.1334461134213667
330,0.8351488107672105,0.0006900127820979553,400.0,0.015186960599982204,1.1263408869122848
331,0.8479280702960796,0.0007121145124703896,400.0,0.01588769200651978,1.148661562647575
331,0.8380809044226621,0.0006768654731832868,400.0,0.015138874048343262,1.1239659671600049
332,0.8458365629880856,0.0006932751059185904,400.0,0.015416224534886006,1.1385628294486265
332,0.8235651648197418,0.0006643229030137613,400.0,0.015571056972615994,1.1048653840254514
333,0.8460025917261075,0.0006866542009960633,400.0,0.015471381538261015,1.1361356469301076
333,0.84943082737617,0.0007086500951024787,400.0,0.015357701227259941,1.1482485689413853
334,0.8394040195987775,0.0006989472350165343,400.0,0.015572390793703305,1.1345552985484784
334,0.8447204239857502,0.0006870070176377433,400.0,0.015370114694516629,1.1348933501121325
335,0.8406023895129179,0.0006716960766098987,400.0,0.015802837815732718,1.1250836509160507
335,0.8469981394517117,0.000712665660009803,400.0,0.015481739003473941,1.1475461343160043
336,0.8345579474400251,0.0006575036223250955,400.0,0.0162345310076116,1.1137939229225502
336,0.8511426189006903,0.0007163297100655305,400.0,0.01639609495536066,1.15407060392392
337,0.8353585994396454,0.0006775713268442091,400.0,0.016048856170621153,1.122435986995697
337,0.8498812380891579,0.0007080631038171794,400.0,0.014565017638513101,1.1476714977851281
338,0.8387641276304538,0.0006840633128983123,400.0,0.015278690016995639,1.1276681427008066
338,0.8508085597019929,0.0007035086649314811,400.0,0.01575603435198084,1.1479680614593701
339,0.8597278818488121,0.0007207045956210305,400.0,0.014855290246673692,1.1628650040962758
339,0.8466928188617413,0.0007046406691444692,400.0,0.014546227724983906,1.143095307625257
340,0.8312175353177083,0.0006775499997065009,400.0,0.016590140219658423,1.1188276838033626
340,0.8462507170744431,0.0007032287588420635,400.0,0.015285219768814456,1.1428274451157985
341,0.842281984595152,0.0006927575188269541,400.0,0.01547448612892857,1.1348594790085769
341,0.8532959001186566,0.0006992355480085677,400.0,0.015853991481260613,1.148844111806307
342,0.842094253271054,0.0006913521585654683,400.0,0.015342092705675615,1.1339772106745305
342,0.8311711496267563,0.0006530854145985825,400.0,0.01644939334334758,1.1088547026499724
343,0.8453343101801016,0.0006863712298628599,400.0,0.015241619963676501,1.1351244228008466
343,0.8326589396366706,0.0006679073790926337,400.0,0.01711211399658798,1.1169340056486619
344,0.8382328095344397,0.0006879411937403254,400.0,0.016695131132832896,1.1301044187484643
344,0.8323995396494865,0.0006660275524691081,400.0,0.015540373598177655,1.114350927563814
345,0.8333410911070995,0.0006663163094344782,400.0,0.016922528783862408,1.1167901437251995
345,0.8538932299766785,0.0007148081139558388,400.0,0.016345476591362595,1.1561619559159646
346,0.8384361154375932,0.0006947979951898257,400.0,0.01584040606692911,1.1321957111358643
346,0.844567250746947,0.000698705164559681,400.0,0.014467580043949569,1.1385168975744493
347,0.8341273497312497,0.000661258476145285,400.0,0.015133929420978976,1.1137646658298297
347,0.8449018442860017,0.0006967398469733337,400.0,0.017472333310601804,1.141070117170994
348,0.8383422780495423,0.0006861457602495555,400.0,0.015550622668785926,1.128351208873284
348,0.849146462403811,0.0007040929680769272,400.0,0.01649480666189144,1.1472784525308855
349,0.8538369223093375,0.0007157861414620689,400.0,0.014834285248070955,1.1549856670391865
349,0.8459291595679063,0.0006943350277791838,400.0,0.015379537879011761,1.1390427056795511
350,0.8360647891576474,0.0006668461262448452,400.0,0.014982527975613872,1.1177857636641233
350,0.847944662356988,0.0007009481727063524,400.0,0.015743526498763226,1.144067455178652
351,0.8478021850952735,0.0007134063366370705,400.0,0.014979313405302282,1.1481440300360704
351,0.8326899134195768,0.0006694108809684762,400.0,0.014176169676013673,1.114630440870921
352,0.8326709476801065,0.0006553539325324938,400.0,0.0162384880017131,1.111051008487359
352,0.8345883396955637,0.0006763723776179503,400.0,0.01846525563786809,1.1236025484708638
353,0.8427678189980679,0.0006783517040812279,400.0,0.015996876683157798,1.1301053708944566
353,0.8461769826901264,0.0006915645969386857,400.0,0.015226049166626465,1.1380288749933243
354,0.8261074880376841,0.0006589753533122488,400.0,0.01667055011822436,1.1063681745376341
354,0.8388567736897713,0.0006828457330695342,400.0,0.015919558483008772,1.1279146268199651
355,0.836827410910374,0.0006861391554523904,400.0,0.014716147421262203,1.1259992210528789
355,0.8359162001273571,0.0006766395066127492,400.0,0.01512655639089644,1.1216985617692654
356,0.8350155980159075,0.0006617048729355865,400.0,0.014889482546072358,1.1145870246184177
356,0.8386700178186098,0.0006912177628598725,400.0,0.016546624993236784,1.1317037523556979
357,0.8415431827306747,0.0006815945560867056,400.0,0.014922834240282193,1.1291038413078358
357,0.8324322899182638,0.0006825333145500806,400.0,0.014937899511259718,1.1203835125152881
358,0.8312518184001629,0.0006735144538069084,400.0,0.01670881214354617,1.117366415567887
358,0.8386926870697584,0.0006672590382853135,400.0,0.015770283091861088,1.1213665921718647
359,0.8456534479673092,0.0006925180133317227,400.0,0.014832137201805241,1.137492787761566
359,0.8378210629408176,0.0006842149651231758,400.0,0.015165986117118826,1.1266730339863362
360,0.8466446670966271,0.0006977018716637618,400.0,0.016052510272950318,1.1417779229008234
360,0.8428890538903383,0.0006891329093121338,400.0,0.015360304091770489,1.1339025180309246
