epoch,L_x,L_u,lambda_u,L_reg,L_total
6,1.4328927929452855,0.0015061805440711497,3.1212529976019185,0.004161121113766298,1.440541393608212
6,1.4101929344643889,0.0016305426769168724,3.1212885985748215,0.004378981440330274,1.4183298459811902
7,1.2964636876387297,0.0014239681460321003,4.683725845410628,0.005356082594323597,1.3073780565446125
7,1.3141885280031846,0.0014727252390918932,4.679951690821256,0.0056555579928343,1.325579072892233
8,1.2715003652874282,0.0013964090929247683,6.246198296836983,0.006058380055896159,1.2851762353938863
8,1.2671890608894014,0.0014008937038490277,6.246207524271844,0.006127609677490715,1.2809686034339145
9,1.2376838862032131,0.0013416438724267509,7.808725845410628,0.006300891661265154,1.2534168220084647
9,1.2217363696364523,0.0013385009313300613,7.808707524271844,0.006428358916450943,1.2375721464168679
10,1.2102845652484433,0.0013365301291021962,9.371216707021793,0.007130814594448912,1.228889234634635
10,1.2091259606254912,0.0013236584073611879,9.371207524271844,0.006681862669246434,1.2271897311060174
11,1.1920516078177723,0.0012857360946021289,10.933716707021793,0.007090440304661237,1.2121943290239385
11,1.189155861627103,0.0013066353692845656,10.933716707021793,0.007044513033337657,1.2094682198171176
12,1.1863984276013202,0.0013087648678155818,12.496234939759034,0.0070112294138757044,1.2087446228567376
12,1.1865387628211237,0.0012953877281318656,12.496216707021793,0.006677068807421473,1.2083807643908855
13,1.1784402615510234,0.0012912954529775555,14.058716707021793,0.007056465906882546,1.2026473081718057
13,1.1881321977420025,0.0012987873558353363,14.058734939759034,0.006844184595350939,1.2122197096606335
14,1.1825598944382496,0.00127555984366932,15.621234939759034,0.007108061179989971,1.2086069766297398
14,1.1781292182853422,0.0012861503823239535,15.621234939759034,0.006883859080094171,1.204102361633117
15,1.164067851563534,0.0012690115474579655,17.183734939759034,0.0068903184495866295,1.191766402951206
15,1.159740278110412,0.001257614965749126,17.183725845410628,0.00705394737933119,1.187420241354744
16,1.1524097978209074,0.0012519816582425847,18.746243990384613,0.00699754352871633,1.1819094405151331
16,1.1634941400530248,0.0012583172681563436,18.746243990384613,0.007048195267158847,1.1931444731755898
17,1.1469747961427157,0.0012479231649754534,20.308743990384613,0.006926268498108794,1.1782769540754647
17,1.160139147775719,0.001263585645026606,20.308734939759038,0.007094412024907139,1.191905734768833
18,1.1488240930036857,0.001229635150174055,21.86750599520384,0.00714212009972051,1.181894807001719
18,1.1634685758778232,0.0012739722835284164,21.87125299760192,0.00711904719976677,1.1974621778197712
19,1.1456447612467429,0.001235018932856329,23.43375299760192,0.0072687816696143225,1.1808892787217522
19,1.1610696261449398,0.0012636650987393814,23.43375299760192,0.006920240197455783,1.196614222703792
20,1.1457466523138453,0.0012433846664421787,24.992523923444978,0.006972576904432219,1.1828321189903241
20,1.1484451720920892,0.0012579343169468653,24.996243990384613,0.007108875548370774,1.186022655465282
21,1.142022017666476,0.001226553848494577,25.0,0.007612530539611833,1.1802983927212174
21,1.1436959636899142,0.001231130191277211,25.0,0.007030263025976287,1.181504480684033
22,1.146351168743161,0.001230590311146417,25.0,0.007144658653061106,1.184260586659874
22,1.1404088617226724,0.001231684595606575,25.0,0.007410912912084975,1.1786118854175915
23,1.1421934522401829,0.0012282465044196355,25.0,0.007227939374458332,1.1801275497732253
23,1.14731338477591,0.0012438631187355743,25.0,0.007571139804568837,1.1859811005409824
24,1.1469716769086116,0.0012545442641306106,25.0,0.007317088757703999,1.1856523703730277
24,1.1551643078275722,0.0012544008212390734,25.0,0.0074039112393491915,1.193928239871558
25,1.1401236179069831,0.0012288773980169655,25.0,0.007192787259275344,1.1780383399186225
25,1.1492202805274983,0.0012428292930967276,25.0,0.007272076127386728,1.1875630896627618
26,1.1320581680835005,0.0012175271066399136,25.0,0.007367970172964872,1.1698643152639803
26,1.1454117635457064,0.0012525297989326191,25.0,0.007210390934859106,1.1839353945329607
27,1.1388922440919944,0.0012244775530332766,25.0,0.0071407973099660745,1.1766449797639458
27,1.1549466062611469,0.0012433510616580976,25.0,0.007255379298055929,1.1932857622726514
28,1.1310638349789839,0.0012025620473930477,25.0,0.0075945757411178556,1.1687224620523362
28,1.139964154462495,0.0012450892652711345,25.0,0.007200894390486858,1.1782922781112661
29,1.1388592898275294,0.001239224786897475,25.0,0.006803743783262019,1.1766436500697615
29,1.1463574054138512,0.0012387174728068046,25.0,0.00715747551711802,1.1844828185852634
30,1.1376632851746316,0.0012178980868458658,25.0,0.00726715564452165,1.1753778927081524
30,1.132974570648198,0.0012241744763898021,25.0,0.007584397469342715,1.17116332630269
31,1.139449118996124,0.0012139549657001162,25.0,0.007109180194430714,1.1769071731635992
31,1.1409836212793987,0.0012316933956038546,25.0,0.006975760920156392,1.178751717940223
32,1.126532455785669,0.001231565689461471,25.0,0.007584006819266567,1.1649056059851064
32,1.1375930289284502,0.0012269301018376145,25.0,0.007361298110123893,1.1756275805066243
33,1.1373990940592453,0.0012365026492708827,25.0,0.00742548033995176,1.1757371452657022
33,1.123387674823332,0.0012054506248714287,25.0,0.007845211676076838,1.1613691521888714
34,1.146162785839236,0.0012047486285746997,25.0,0.007544200998312085,1.1838257006195743
34,1.1313265915692707,0.0012249837004391334,25.0,0.007180209683240993,1.1691313942796306
35,1.1342717996583536,0.0012057843825739557,25.0,0.007301852994714864,1.171718262709104
35,1.1349898701091465,0.0012295266838936354,25.0,0.007439448105671601,1.1731674846985358
36,1.115981609558316,0.0012008401913383006,25.0,0.007637455865151162,1.153640071693942
36,1.1369785790523272,0.0012348103545869046,25.0,0.007005222382928516,1.1748540605369366
37,1.124101360259591,0.001191783694398694,25.0,0.007553887290119911,1.161449841354798
37,1.1230231770794454,0.0012186138532085376,25.0,0.007388215605839551,1.1608767383676066
38,1.1223664495807428,0.001202311706947512,25.0,0.00751011105883383,1.1599343467790346
38,1.126098502053028,0.0012195587786093898,25.0,0.007280194247921296,1.163867666533119
39,1.1416582513423192,0.0012252556427570416,25.0,0.007062939291132525,1.1793525780950274
39,1.1314897099087518,0.0012084415176497696,25.0,0.007244326676595467,1.1689450737969118
40,1.134131251339707,0.0012113180616703419,25.0,0.007123156716383138,1.1715373587950566
40,1.1233119914330632,0.0012084022021280176,25.0,0.007407284397856298,1.1609293318656553
41,1.1263815211510033,0.0012028949467330807,25.0,0.007443661031342136,1.1638975584421636
41,1.1313126055817855,0.001213891607913652,25.0,0.007621441448093994,1.1692813352534646
42,1.126755244566493,0.0012115177193085071,25.0,0.007274652096001725,1.164317839738855
42,1.1169866751255602,0.001206309947215297,25.0,0.007607771586415104,1.1547521937406804
43,1.126583150536608,0.001222704558290443,25.0,0.007913798246782818,1.1650645627106408
43,1.1177178172118356,0.0011991314920981116,25.0,0.007733909066757588,1.1554300147665746
44,1.1252580526057614,0.001230050637564983,25.0,0.007288257937887283,1.1632975790489233
44,1.1221686631727676,0.0012122016184478595,25.0,0.007290069537702948,1.1597637724704468
45,1.1138057032456765,0.0012033746190634421,25.0,0.007620122209818174,1.1515101896455655
45,1.1169662809884064,0.0012036820990033448,25.0,0.007383938660947406,1.1544422724224217
46,1.102233018377702,0.001169339519670251,25.0,0.007905961230410624,1.1393724639924596
46,1.1307850524178553,0.0012255432891330475,25.0,0.007215085177102208,1.1686387212862548
47,1.1182845024835495,0.0012115284000867091,25.0,0.007465981243599561,1.1560386920259111
47,1.1178139943211631,0.0011993660514441882,25.0,0.007782834987400593,1.1555809798274803
48,1.112026690725495,0.0011912910110035996,25.0,0.007886226739632166,1.1496951915768279
48,1.1172386787154458,0.0012030710746661168,25.0,0.008079110933846513,1.1553945662587453
49,1.1158455412307804,0.0011959365129775683,25.0,0.007598709071622335,1.1533426639559172
49,1.1148171509198435,0.0011849145680538668,25.0,0.007750644268159815,1.1521906635458234
50,1.1103010240204294,0.0011934620937552561,25.0,0.00757881513794524,1.1477163890665643
50,1.1147623639642907,0.0011793389993287515,25.0,0.0075974750202193716,1.1518433122543628
51,1.1222348802146458,0.0011869302579379153,25.0,0.007243554050745886,1.1591516892115274
51,1.1191923348676591,0.0011931973736777548,25.0,0.007339602703550121,1.1563618726673581
52,1.1123236985229474,0.0012084891832164519,25.0,0.007632832218193822,1.1501687643625182
52,1.1048205258738168,0.001191815042488726,25.0,0.007740661088457256,1.142356559883154
53,1.1077636924864862,0.0011904790534216876,25.0,0.008152169666791277,1.1456778395376046
53,1.106091924546438,0.001197736915568576,25.0,0.008545064672596005,1.1445804141354903
54,1.1140674549898655,0.0011887230733923203,25.0,0.007319426921149381,1.1511049570797158
54,1.106503456260599,0.0011913715529619853,25.0,0.008189448336491352,1.144477192722439
55,1.1084419235088039,0.001201749554738897,25.0,0.007642955225157111,1.1461286176192134
55,1.1122927608672513,0.0012090707981917766,25.0,0.0077520604952768775,1.1502715892483744
56,1.1236017291935592,0.001191596854229059,25.0,0.007697727916260751,1.161089377477765
56,1.1252202457533433,0.0012113498858945184,25.0,0.007561213488560707,1.1630652092683773
57,1.1131966392104136,0.001188898689400975,25.0,0.007739666262285062,1.1506587721799548
57,1.1086008174774737,0.001197223892981688,25.0,0.007587342717250487,1.1461187568134987
58,1.1152126784835543,0.0011894945403799371,25.0,0.007474304863717407,1.152424346833002
58,1.1080727607082923,0.0011894543857207001,25.0,0.007786095216825853,1.1455952145319281
59,1.1145884060347564,0.0011832234146143476,25.0,0.007853856650881274,1.1520228474123098
59,1.1063739508034791,0.0011777654252690764,25.0,0.007988616820815996,1.1438067076029812
60,1.1061302053615416,0.0011808688388798422,25.0,0.008137927039444163,1.1437898562745434
60,1.1024618566036224,0.0011603426502829063,25.0,0.007990098956673007,1.139460524916649
61,1.121038016947833,0.0012232811591514434,25.0,0.007520372263583662,1.1591404174503528
61,1.1200104138940712,0.001182874890663027,25.0,0.008007791709863174,1.1575900796153735
62,1.1129863165673755,0.0011838597000210678,25.0,0.007859824062879418,1.1504426337423779
62,1.1040199963744899,0.0011971016036738866,25.0,0.007746042304189969,1.1416935750009904
63,1.1028094363354501,0.0011737674790007683,25.0,0.007988460514960544,1.1401420841614405
63,1.1052553603095872,0.0011920818350774694,25.0,0.007644246541226559,1.1427016534873744
64,1.1061205628372375,0.001169031695601353,25.0,0.008148425437753931,1.1434947819227264
64,1.106717661732719,0.0011882716057395252,25.0,0.007648608989880554,1.1440730619998205
65,1.1035708097967727,0.0011777572827258087,25.0,0.008070878690077539,1.1410856180088618
65,1.104686850152892,0.0011820987500844918,25.0,0.00750985003392121,1.1417491676414782
66,1.1016508296841667,0.0011832505877551046,25.0,0.007438553880257088,1.1386706482796443
66,1.0970350468985772,0.001176349587338023,25.0,0.007997494872155907,1.1344412832596655
67,1.093318189314271,0.0011716267777643519,25.0,0.007987841989329364,1.1305966990375291
67,1.0935297186294812,0.001173849094354962,25.0,0.00798955654255315,1.1308655017300655
68,1.0963528162011733,0.0011904539059497227,25.0,0.008261093710853647,1.1343752541221106
68,1.0918242403765044,0.0011637361894827336,25.0,0.00793194709374663,1.1288495914359982
69,1.1460534642900577,0.0012533786787671532,25.0,0.007944144976980379,1.1853320778271799
69,1.0980035994104098,0.001161583590858587,25.0,0.007731193310952343,1.134774381192601
70,1.1090997077169873,0.001166597810169194,25.0,0.0076798974248092795,1.1459445529040837
70,1.0913013505822406,0.001174125685179584,25.0,0.007992779640281781,1.1286472754637022
71,1.0886435281662714,0.001171587382365639,25.0,0.007884862248985363,1.1258180774393536
71,1.0974786540488923,0.0011840710909742649,25.0,0.008066474701231235,1.1351469093689202
72,1.094616006643925,0.001171603045623192,25.0,0.0077549731668589235,1.1316610608701185
72,1.096531123918679,0.0011857708878976322,25.0,0.007918481730026924,1.134093875958982
73,1.0909841437991574,0.0011861303666125251,25.0,0.008173363288860027,1.1288107659319322
73,1.0959442082615125,0.001185169271082573,25.0,0.007947074346953914,1.1335205171079863
74,1.092676727110119,0.0011975274857275108,25.0,0.008293983872431781,1.1309088964781693
74,1.0916517244603015,0.001174554081457536,25.0,0.008140329493271956,1.1291559082511502
75,1.1029058063398347,0.0011879054345151812,25.0,0.0076607149287907855,1.140264155462632
75,1.0897840668307284,0.0011760929212788773,25.0,0.007849428390412812,1.1270358178382274
76,1.08700203475918,0.001165342790314701,25.0,0.008091408773247589,1.1242270101226315
76,1.0946358682990358,0.0011733903923191377,25.0,0.007892764408490897,1.131863390464964
77,1.090245508422146,0.0011775810446541285,25.0,0.008157384046464536,1.12784241847605
77,1.0909966237471393,0.0011593876672010524,25.0,0.007938071531785603,1.1279193860901224
78,1.0975944558113957,0.0011820095829647836,25.0,0.007618848233858043,1.1347635455393905
78,1.090085860217017,0.0011902660239793128,25.0,0.008202396008758649,1.128044907698791
79,1.0954842420909863,0.0011751967715375976,25.0,0.007946658920167089,1.1328108176199672
79,1.088172155945853,0.0011752401183382664,25.0,0.00836549098614541,1.1259186515375652
80,1.095059460273506,0.0011829196477946792,25.0,0.0075163580625882565,1.132148809677661
80,1.0964299497015402,0.0011642980349892773,25.0,0.007562794896271832,1.1331002007187687
81,1.08744359521422,0.0011705418975455886,25.0,0.0083593255868026,1.125066469919141
81,1.0819474491257566,0.0011572205425475696,25.0,0.008242076983445295,1.119120041293373
82,1.0986409364134502,0.0011840713121003636,25.0,0.008090130604901597,1.1363328452173032
82,1.0871321800209226,0.001178665896267852,25.0,0.008331831819599582,1.1249306616329011
83,1.0814657830002756,0.0011495514656693594,25.0,0.008198335638486574,1.1184029046826578
83,1.096657472990808,0.0011778399757791443,25.0,0.007818620717929055,1.133922091836021
84,1.091058360648326,0.0011741569582322893,25.0,0.008152937602700758,1.1285652247988809
84,1.1005646048557192,0.0011799230176534148,25.0,0.007920539754697876,1.1379832191126686
85,1.081807318336924,0.001169129595969557,25.0,0.007921417847804743,1.1189569788929385
85,1.0997227394068725,0.0011802036830597515,25.0,0.007924013012055494,1.1371518457419547
86,1.082882397356921,0.0011456020986733554,25.0,0.008241965595481645,1.1197644166986243
86,1.0868666015920185,0.001175493248558182,25.0,0.007730510619114198,1.123984444850967
87,1.0894984552548046,0.0011854431650828614,25.0,0.008229855196883103,1.127364390024117
87,1.084269164712446,0.0011617706877152772,25.0,0.008535146188693285,1.1218485802340905
88,1.0873765111535858,0.0011603186643796347,25.0,0.00815717600708531,1.1245416561384949
88,1.0783218498031297,0.00117337376009562,25.0,0.008038377713057257,1.1156945739473616
89,1.0886356778212793,0.001186051469773492,25.0,0.008295712249260618,1.1265826778853592
89,1.0815070853313,0.0011555728130125905,25.0,0.008475187000082828,1.1188715913984257
90,1.0932593424738302,0.001182539051774364,25.0,0.008074128940995006,1.130896948525126
90,1.0780122239770913,0.0011687175749033477,25.0,0.008024971217089586,1.1152551359631953
91,1.0833241190593204,0.0011666086001870292,25.0,0.008225224010155243,1.120714556717816
91,1.0655757141255198,0.0011375566397743698,25.0,0.008118323971229118,1.1021329554063932
92,1.0870973515368643,0.0011733096937643409,25.0,0.00788567074175392,1.1243157650033633
92,1.0794233456607114,0.0011594683112316187,25.0,0.008232322526473322,1.1166423744923695
93,1.0768258920148335,0.0011631253169602793,25.0,0.00857156396427843,1.1144755859648128
93,1.0868516026647108,0.0011722415874307632,25.0,0.007746475973213203,1.1239041201681397
94,1.0794626122429258,0.001176522087951612,25.0,0.00789125339250036,1.1167669172088306
94,1.0894212087424253,0.0011813081024137574,25.0,0.008035735602376701,1.1269896534278239
95,1.0923122112688266,0.001182876866459557,25.0,0.008051287354433544,1.129935421013946
95,1.084236333529915,0.0011757201051147896,25.0,0.008330248965231176,1.1219595858212292
96,1.0688133325401226,0.001140106996787367,25.0,0.00809274888166056,1.1054087524034633
96,1.0760119438880966,0.0011459928574844352,25.0,0.007865736041484134,1.1125275047052474
97,1.099748222399547,0.0011888338527014704,25.0,0.007960949872508116,1.1374300215261202
97,1.0941091992894527,0.0011859210731652093,25.0,0.007697429454579386,1.131454656591934
98,1.0783174582180524,0.0011855951402269837,25.0,0.008313885484849813,1.1162712168835458
98,1.082794461870535,0.0011826117267678792,25.0,0.007990444120161928,1.1203501982734425
99,1.0826602135751584,0.0011724372822813566,25.0,0.007939866978479527,1.1199110143224493
99,1.0726549399212038,0.0011521418974012457,25.0,0.008344063915974663,1.1098025542170449
100,1.0953497221072515,0.00118940808336317,25.0,0.0081152098552723,1.1332001315695899
100,1.0915134417159216,0.0011803185132088227,25.0,0.008060053231505056,1.1290814567179908
101,1.0792085537576335,0.001157163614867589,25.0,0.007989923315976621,1.116127567662196
101,1.087285010942391,0.001184878666217195,25.0,0.008069183327080238,1.1249761632510593
102,1.078709703415491,0.0011478467318626624,25.0,0.00815688529420397,1.1155627545022286
102,1.0838021960349526,0.0011779992000159846,25.0,0.007899435073123948,1.1211516098930614
103,1.0768088982286046,0.0011706361068140657,25.0,0.008048082230683257,1.114122883544714
103,1.079734415456048,0.0011779912789813454,25.0,0.00795586214863155,1.11714005882814
104,1.0657022123948412,0.0011429902336326807,25.0,0.00765306828598848,1.101930036609926
104,1.0903004204009321,0.0011894939672074671,25.0,0.007580917294307517,1.1276186832056476
105,1.0769206227429406,0.0011508103743230929,25.0,0.00785075723815205,1.1135416376335887
105,1.07267543595647,0.0011558822970594016,25.0,0.008181884796624106,1.1097543791750548
106,1.0743440805446534,0.00115293009564214,25.0,0.007956769851235938,1.1111241039775668
106,1.0749627469550995,0.0011682315118378029,25.0,0.008344621704669581,1.1125131592864081
107,1.0721538521331733,0.0011637018826339978,25.0,0.007936132359738748,1.1091825312220285
107,1.0774689517560458,0.0011604223078826353,25.0,0.00793103197356686,1.114410543938478
108,1.075237102877526,0.0011624318311944427,25.0,0.008311448837741323,1.1126093445789247
108,1.0758432818310601,0.0011689338917633342,25.0,0.008232373379481335,1.1132990042368571
109,1.0753408907424835,0.0011441844658249811,25.0,0.008991840600945232,1.1129373465265546
109,1.083827546260136,0.0011607109301617355,25.0,0.007757041423588177,1.1206023632205864
110,1.0746601236687703,0.0011438647667532278,25.0,0.008457988471283871,1.1117147324770478
110,1.0688928570553908,0.001159131901962727,25.0,0.008342318111799462,1.1062134785270918
111,1.081565524070036,0.0011776040366385133,25.0,0.008144901309251076,1.1191505280278977
111,1.0803865611270034,0.0011448833051429632,25.0,0.008145849322767447,1.1171544920520375
112,1.0684589901140757,0.0011292626808253338,25.0,0.008588573799490752,1.1052791322980609
112,1.0838100996755418,0.0011833529902062201,25.0,0.007910294115676411,1.1213042220899037
113,1.0803630203008652,0.0011671331162991312,25.0,0.008200132103575881,1.1177414821726934
113,1.0786417039084772,0.0011604115852735214,25.0,0.008234402699444567,1.1158863935990355
114,1.077884463196117,0.001156323219862462,25.0,0.008169497148645821,1.114962039400616
114,1.0798908389749982,0.0011521869145716273,25.0,0.00816463291578527,1.1168601416406176
115,1.0766800492295723,0.001142894597177866,25.0,0.008120119349338043,1.1133725350784465
115,1.0810864875690387,0.0011670037039382508,25.0,0.008017194026532514,1.11827877836386
116,1.0631045517898796,0.0011212460385887683,25.0,0.007918092236365247,1.0990537929563229
116,1.066702618698279,0.001161286387096403,25.0,0.008384045947431808,1.104118823934169
117,1.0716490303476651,0.001150541060806496,25.0,0.008249584465686764,1.1086621456912586
117,1.0785435006341006,0.0011659528863242432,25.0,0.008083089358768385,1.115775414289035
118,1.0743949655975615,0.001149551111198629,25.0,0.008370095917711123,1.1115038394927979
118,1.0788637379757828,0.0011728413435402672,25.0,0.008333578585204724,1.1165183471040112
119,1.0602925330400468,0.001134489918019556,25.0,0.008049281228644152,1.0967040621099018
119,1.0744692855945959,0.0011688795447019936,25.0,0.008374364373568366,1.1120656394618706
120,1.0628675950425013,0.0011555267687764995,25.0,0.00883157179923728,1.1005873394154366
120,1.0687121548822949,0.0011640559123840095,25.0,0.008074735265247346,1.1058882894260542
121,1.0761199916343507,0.0011840628586143184,25.0,0.00828589022219305,1.1140074511888192
121,1.073873159727214,0.00114518776494608,25.0,0.008015357107983382,1.1105182124257653
122,1.0643768407528305,0.001140962715214782,25.0,0.008187423564157408,1.1010883299018879
122,1.0783460614936693,0.0011796757445803711,25.0,0.007826670028901259,1.1156646228971936
123,1.0633982761172387,0.001145059429288835,25.0,0.008508848623127063,1.1005336092231959
123,1.0807395353560199,0.0011653486509328505,25.0,0.008518431138719534,1.1183916789378034
124,1.0630901592178932,0.0011286643862429679,25.0,0.00848851848771063,1.0997952861243514
124,1.0793211657376516,0.0011649680443778856,25.0,0.008287612011190503,1.1167329823686962
125,1.0755450650518694,0.001153301669952776,25.0,0.008164187914287038,1.1125417946353378
125,1.0755286911887398,0.0011539690469855094,25.0,0.007998911950365594,1.1123768297906726
126,1.0713921304534328,0.001161670983340569,25.0,0.008017260198112408,1.1084511671259751
126,1.0750785289644913,0.001152201365359154,25.0,0.00811831036584791,1.112001872936321
127,1.064938410336063,0.0011542307531705038,25.0,0.008429640310350806,1.102223821481069
127,1.062885717905703,0.0011427154813039428,25.0,0.008468497942002225,1.0999221042508172
128,1.0793402250323976,0.0011753423096490137,25.0,0.008039332969513322,1.1167631169160208
128,1.0825148031115532,0.0011897318413026541,25.0,0.008301045753372212,1.1205591471422287
129,1.0703418467220387,0.0011472079750524298,25.0,0.008024057053193237,1.107046104808318
129,1.0715987955589477,0.0011539021190980366,25.0,0.008130153046584647,1.1085765014918003
130,1.0723669280015768,0.0011552388562825297,25.0,0.00825689190627478,1.1095047918168344
130,1.0585526957081504,0.0011350019374390015,25.0,0.008648341543189384,1.0955760855572807
131,1.074289196177503,0.0011794387041856567,25.0,0.008418067915347403,1.1121932275221638
131,1.072032143436902,0.0011593937359764615,25.0,0.008532388421587682,1.1095493756481822
132,1.0574753052973125,0.0011291699018744163,25.0,0.00838241074731985,1.0940869586484732
132,1.0765019665138171,0.0011619306571788272,25.0,0.008190595113501979,1.113740829135913
133,1.0940796928281173,0.0011907138476245584,25.0,0.008174525272441838,1.1320220629846116
133,1.0667014656026967,0.001143859967569326,25.0,0.008467289732221033,1.1037652517477292
134,1.0709719512071858,0.00114301836480068,25.0,0.008119356923575143,1.107666760753849
134,1.0733973956644818,0.0011580457868274098,25.0,0.007806533287716279,1.1101550762122276
135,1.0811761963706445,0.0011550831341987998,25.0,0.008387767060403822,1.1184410430243794
135,1.0633961727221808,0.0011359823043070112,25.0,0.008653091884306853,1.1004488192853474
136,1.0620678675287976,0.0011412717174266347,25.0,0.008519121225604748,1.0991187803535734
136,1.0754112878676532,0.0011792630009988861,25.0,0.008054363426834629,1.1129472252861696
137,1.082130010082716,0.0011754089126069177,25.0,0.007912024091862832,1.119427254817265
137,1.0650379504476275,0.0011514459132047792,25.0,0.008302798308432103,1.102126899006821
138,1.068951513450106,0.001149351720412255,25.0,0.008183714404985344,1.105869021098574
138,1.0627506021498503,0.0011475898125578574,25.0,0.008227469887853693,1.0996678176366887
139,1.0761791840018682,0.0011669230219330683,25.0,0.008145095515584755,1.1134973511701525
139,1.0636148427395111,0.0011439698392026628,25.0,0.008385618442414113,1.1005997056093058
140,1.0655762608562196,0.0011520494411732735,25.0,0.00836844634004159,1.1027459417070662
140,1.0687341512097002,0.0011438733414786545,25.0,0.008359094090777409,1.1056900829500496
141,1.0736697463411617,0.0011602216497679726,25.0,0.008026631620343146,1.1107019203009345
141,1.0705026724941624,0.0011648021205757737,25.0,0.008069931036279697,1.1076926548148442
142,1.0665616735709817,0.001142263076986538,25.0,0.008469847643708107,1.1035881050975191
142,1.0681278113797839,0.0011622152217130692,25.0,0.008552719213979898,1.1057359161399605
143,1.0733743812579157,0.0011568130040292422,25.0,0.008044618861019754,1.1103393257089011
143,1.0680688417156066,0.0011625028786502753,25.0,0.008458938033180643,1.105590353031906
144,1.0654527638195814,0.0011286260520844053,25.0,0.007892988157079011,1.101561403316909
144,1.0642636111094839,0.0011472493421890596,25.0,0.008308645805698775,1.1012534896532695
145,1.0638068360840622,0.0011501874913784483,25.0,0.008371821756202578,1.100933344092335
145,1.0713680618024495,0.0011543076790398045,25.0,0.008408798960053015,1.1086345524516072
146,1.0679370964307922,0.0011541283906959395,25.0,0.008496456056771474,1.105286766849988
146,1.0715075558254503,0.0011622784574437772,25.0,0.008657406659419449,1.1092219222778392
147,1.066274090259561,0.001134591131519098,25.0,0.0081757767604867,1.1028146465525244
147,1.064497512649922,0.0011549894040356213,25.0,0.008091722051003239,1.1014639717482386
148,1.0553690090810717,0.0011383527415792455,25.0,0.008204547905783668,1.092032372246961
148,1.0735155082709416,0.0011767736531687035,25.0,0.008174555829143532,1.1111094068859426
149,1.0758158811501095,0.0011534370349614792,25.0,0.00868251400811243,1.113334321124213
149,1.0589349235888048,0.0011460126177579243,25.0,0.008620248903407585,1.0962054849803589
150,1.0643618722709511,0.0011436893296927974,25.0,0.008207380752557017,1.1011614870288875
150,1.065388454645166,0.001141067480495182,25.0,0.008280019697918604,1.1021951630499691
151,1.002886512641952,0.0010103511987939796,25.0,0.008020913138799811,1.0361662049050002
151,0.9872524979131482,0.0010177812176139726,25.0,0.008018465016933237,1.0207154954214233
152,0.9650203843677745,0.00097376282176222,25.0,0.008314655555193038,0.9976791124484118
152,0.9624917286985061,0.0009820036595235306,25.0,0.008810739035115523,0.9958525612775018
153,0.9504328908639795,0.000965594335575588,25.0,0.008964429649469608,0.9835371764267192
153,0.953220968947691,0.0009604173789129537,25.0,0.009021626203594839,0.9862530310714946
154,0.9513823018354528,0.0009458193107275292,25.0,0.009330816552700365,0.9843586031128378
154,0.9512388399068047,0.0009610358434249921,25.0,0.009064477989450098,0.984329215147916
155,0.9361220057441595,0.0009353556794588816,25.0,0.009450960097650826,0.9689568561707305
155,0.9431089386693748,0.000942785895743545,25.0,0.008922663606384097,0.9756012519760311
156,0.9421277538711477,0.0009449373900222466,25.0,0.009724499532589996,0.9754756873062519
156,0.9363857168406947,0.0009321094341106066,25.0,0.009361346626103344,0.9690498000999012
157,0.9297669494935604,0.0009308341030985721,25.0,0.00975080965821382,0.9627886126998445
157,0.9321540444037494,0.0009430581469239448,25.0,0.009438169830314376,0.9651686700652627
158,0.9305669083981447,0.0009304105804343883,25.0,0.009408018922874871,0.9632351920358452
158,0.9209769797716902,0.0008978631562007341,25.0,0.009790856765032234,0.9532144178806896
159,0.9339465192506011,0.0009299592679503654,25.0,0.009658426959111307,0.9668539290277052
159,0.9328356474777902,0.000938813306405996,25.0,0.009417944283338324,0.9657239236742118
160,0.9209999250414226,0.000926980087207029,25.0,0.00982371341937742,0.9539981394866263
160,0.9300763045178085,0.000930485434592178,25.0,0.009649935156647858,0.9629883795488076
161,0.9283150294904686,0.0009155655754822801,25.0,0.010088607175679184,0.9612927736945677
161,0.9162855969100702,0.0009071603851568442,25.0,0.009421064076177444,0.9483856685128089
162,0.92515608528738,0.0009116819745231752,25.0,0.009683182000660226,0.9576313163413376
162,0.9206743688438201,0.0009079881288346767,25.0,0.010200863633745413,0.953574934245831
163,0.9128550940151795,0.0009073855376034098,25.0,0.010083375192210253,0.9456231083188739
163,0.9159799125350889,0.0009052792221331746,25.0,0.00993888768660825,0.948550780428098
164,0.9125578615648685,0.0008910875941956071,25.0,0.01033203399127275,0.9451670882573452
164,0.920382313657142,0.0009189628549446341,25.0,0.009610942941141561,0.9529673301503586
165,0.9118169232785145,0.0009017955901038128,25.0,0.010240748972375225,0.9446025633505571
165,0.9139419334135792,0.0009058704861808913,25.0,0.009626947262104103,0.9462156452814365
166,0.9064851371130843,0.0008958209271172489,25.0,0.01070150661454547,0.9395821661245628
166,0.9216316067309023,0.0009035010394127822,25.0,0.010018962806974164,0.9542380961302285
167,0.9060326723434101,0.0008903557879259488,25.0,0.010405359002021707,0.9386969246318407
167,0.9129778313859601,0.0009030598982726333,25.0,0.009922680564694733,0.9454770064521059
168,0.9029478976659686,0.0008790836902811284,25.0,0.010125049269675477,0.9350500406227379
168,0.9087693597947326,0.0008890646780532606,25.0,0.010307517343866595,0.9413034967451452
169,0.9106275056984937,0.0008894044208361019,25.0,0.010331845936957294,0.9431944630134885
169,0.9022243879387312,0.0008646507227478362,25.0,0.010575745538721365,0.9344164034891351
170,0.9044392294137278,0.0008792043712181061,25.0,0.010183830472431798,0.9366031674163364
170,0.9125408551124768,0.0009003720842883922,25.0,0.010708870683909855,0.9457590279178084
171,0.9019309668061889,0.0008733291403680418,25.0,0.01036512515416247,0.9341293193191011
171,0.9002480827202307,0.0008714214569731794,25.0,0.010235747629798357,0.9322693691214669
172,0.8947013974468284,0.0008555135487580986,25.0,0.010700306029354928,0.9267895433390252
172,0.8974792841717462,0.0008742175801484694,25.0,0.010724061337369277,0.9300587844347286
173,0.9136375403292826,0.0008947963372256964,25.0,0.010280619491823018,0.9462880671859901
173,0.8888613201468905,0.0008552581264700515,25.0,0.010614424191032337,0.9208571957511322
174,0.8986876438432765,0.0008593381394900895,25.0,0.010513647720021866,0.9306847460776846
174,0.8962931584949806,0.0008684022356655392,25.0,0.010315325888522213,0.9283185386420968
175,0.8928381737286799,0.000871428614917481,25.0,0.01009381456174409,0.9247177074724269
175,0.8991450530903362,0.0008779751032111605,25.0,0.011021899741042894,0.9321163300181103
176,0.8972648619771837,0.0008726303381473585,25.0,0.010016769648905157,0.9290973897024746
176,0.9008162680351846,0.0008758125903827973,25.0,0.01040786373479048,0.9331194491726216
177,0.8989414210631469,0.0008810650235369463,25.0,0.010657940297626898,0.9316259853750746
177,0.8916586884689108,0.0008546887055051917,25.0,0.010711127257292272,0.9237370316948846
178,0.8990658965560939,0.0008744049693106637,25.0,0.011029935644891782,0.9319559570514795
178,0.8919989550030315,0.0008546028492184213,25.0,0.010874699965653408,0.9242387265314311
179,0.8990362878445979,0.0008635405160495925,25.0,0.010889781018098196,0.9315145845179791
179,0.8970467392529282,0.0008661816283956031,25.0,0.010480056107740537,0.9291813355461459
180,0.8894688923320014,0.0008598362183304708,25.0,0.011090760378683711,0.9220555606005075
180,0.8875885735024939,0.0008392841167127093,25.0,0.010435029869195778,0.9190057083999082
181,0.8872857729454974,0.0008508071423378514,25.0,0.010736610968912015,0.9192925631166338
181,0.895634038603945,0.0008691868329331678,25.0,0.010930659997847912,0.9282943720306271
182,0.8930807890314044,0.0008483033417710505,25.0,0.010533729104633445,0.9248221009483426
182,0.8865640726122823,0.0008453980362583343,25.0,0.01062848636856637,0.9183275094538024
183,0.8822889341896786,0.0008389675257877297,25.0,0.010918543502006741,0.9141816649681482
183,0.8892804309204742,0.0008577431521854974,25.0,0.010834677153840087,0.9215586878758766
184,0.8894630508684056,0.0008543572442997942,25.0,0.010756988708463896,0.9215789678352418
184,0.8904875616927247,0.0008542087580153875,25.0,0.010713017945631575,0.9225557995981826
185,0.892453709543446,0.0008559178108200735,25.0,0.01065935518338599,0.9245110087461405
185,0.8867791790367562,0.0008474154959433866,25.0,0.01118627792096204,0.91915084536259
186,0.8887703721617763,0.0008539479916292788,25.0,0.010817656295139578,0.920936730497089
186,0.8889195715491867,0.0008529999744123182,25.0,0.010895461113776117,0.9211400320757797
