epoch,L_x,L_u,lambda_u,L_reg,L_total
6,1.424224568356713,0.0014953085477352232,3.1212529976019185,0.004175656058599981,1.431871545257614
6,1.4193425548048313,0.0016622472101780464,3.1212885985748215,0.004105444255366815,1.4272922804123431
7,1.301152575535578,0.0014331311020734055,4.683716707021792,0.005673254095356163,1.3124028662215133
7,1.3095420561730862,0.0014847988905575431,4.683743990384616,0.005517735860149304,1.3208538305300932
8,1.2556311705686751,0.0013806791837302256,6.246198296836983,0.006519477864854273,1.26968307086151
8,1.2510384477764727,0.0013836612819738865,6.246234939759035,0.006430513348363071,1.2650374099432704
9,1.2228025938350409,0.00135365789928124,7.808716707021793,0.006797975551034831,1.2391059267318856
9,1.2127880191398879,0.0013307427985905997,7.808716707021793,0.006555267857707874,1.2287103323035897
10,1.2159735390739719,0.0013229443874083224,9.371198296836983,0.007095320237213587,1.2344365308464589
10,1.2114554906295518,0.0013440489803089085,9.367451690821255,0.006601835243329496,1.229599619388003
11,1.208751651321549,0.0013237775151943227,10.933734939759034,0.006793646258021514,1.228983765625092
11,1.2056032572556468,0.0013231004855891652,10.933707524271844,0.006829506330513079,1.225864960585983
12,1.1893758710302393,0.0013113994001676993,12.496216707021793,0.006586765997860463,1.2113209704509948
12,1.1933635382108319,0.001304204890208355,12.496207524271844,0.0069783066785939546,1.2156207486263757
13,1.1756729230212704,0.001272696537510627,14.058725845410628,0.007310879321719389,1.1998734145924665
13,1.1655946673409452,0.0012856824015542974,14.058707524271844,0.007331637518697427,1.1900036042755089
14,1.190609070766403,0.0012960912882776774,15.621234939759034,0.00683970630662628,1.2166789502982633
14,1.1615219995918045,0.0012693608281376537,15.621234939759034,0.006983073506818478,1.1873444453779474
15,1.176364110639462,0.001287970444536768,17.183743990384613,0.006820189745877332,1.2043146405082483
15,1.170047353549176,0.0012880050030211548,17.183734939759034,0.0075777931245470265,1.19874574577952
16,1.1586125015925903,0.0012566189038457547,18.746243990384613,0.007115155078001687,1.1882945377952778
16,1.1492583764604776,0.0012286408518929124,18.746234939759038,0.007539969235826957,1.1788703784885177
17,1.153869785511723,0.0012532380720725856,20.308743990384613,0.007083092104809252,1.1854184422498713
17,1.1637548338621855,0.0012762029436299389,20.308743990384613,0.0069718327700124625,1.195641223197946
18,1.1462765716764916,0.0012522596477655668,21.87126196172249,0.007170179307919762,1.1798654469576748
18,1.1407170182251067,0.0012331948325273593,21.86748798076923,0.007316999235583177,1.1740396541285227
19,1.1522751522007035,0.001236112220341237,23.43375299760192,0.006895098812895999,1.187170467073683
19,1.1481971643291986,0.0012544946103634385,23.433743990384613,0.007691359692566598,1.1843067090958357
20,1.1554757702550729,0.0012358779028198755,24.99625299760192,0.00732412477631381,1.1927253325208484
20,1.1412158434053692,0.001230617228918318,24.99625299760192,0.007473535163493322,1.178490181049283
21,1.1505267002650996,0.001237562526703665,25.0,0.006892343708586937,1.188358106396415
21,1.1554850149326599,0.0012650464207651496,25.0,0.007236060583986377,1.194347236592036
22,1.1513458812036192,0.0012203704780823989,25.0,0.006807542268898732,1.1886626896806634
22,1.160232222567384,0.001239445418062902,25.0,0.006911641756932323,1.1981300019587462
23,1.1411567123102055,0.0012286811136267633,25.0,0.007269429004409437,1.179143166370529
23,1.1324757098010854,0.0012070712408955482,25.0,0.007035121808505871,1.1696876109216772
24,1.142990360442969,0.0012332002614313241,25.0,0.007022536421145538,1.1808429021629498
24,1.1522440911768723,0.0012552615576725211,25.0,0.006928176516935015,1.190553806525626
25,1.1411854052942905,0.001223603360486912,25.0,0.007048659680553814,1.1788241505337673
25,1.1565770059466647,0.0012516292044892907,25.0,0.007148556116459181,1.1950162916446476
26,1.1462422642126038,0.0012228407387529236,25.0,0.0071555412339345155,1.1839688217811037
26,1.1582896180255315,0.0012416774048614437,25.0,0.006815931975379195,1.1961474859629155
27,1.134004777569851,0.0012058069973729542,25.0,0.007745292118685744,1.171895244853388
27,1.1288852122696964,0.0012123846868387286,25.0,0.007077941579106999,1.1662727647135702
28,1.1327642971793046,0.0012187022906660927,25.0,0.007052906498966667,1.1702847628352733
28,1.1352090772527914,0.0012355039621420123,25.0,0.007488082250347361,1.1735847605249057
29,1.1325932060786001,0.001205524677166166,25.0,0.0071261710218182926,1.1698574921210034
29,1.1372168300824872,0.0012223970526678968,25.0,0.007162109828937317,1.1749388665388645
30,1.1334423397146343,0.0012124192649047402,25.0,0.007460660584946052,1.1712134768517963
30,1.134844017686318,0.0012298990360671113,25.0,0.007270162858680891,1.1728616578401707
31,1.146020254214033,0.0012461340385131823,25.0,0.007100343272621505,1.1842739492011585
31,1.1318807051512614,0.0012157497111942985,25.0,0.0071141822569954554,1.1693886327401302
32,1.125002907794058,0.001214458272443153,25.0,0.007599798766405959,1.1629641610754735
32,1.1341139252818944,0.001235099960607031,25.0,0.007546372546226178,1.172537794809022
33,1.1199677119152152,0.0012140600878284124,25.0,0.007476529932851128,1.157795744762718
33,1.1505705726998192,0.0012619441894847633,25.0,0.007369207515979984,1.1894883802958898
34,1.130735324330307,0.001216591770301738,25.0,0.007246339387309395,1.1683964556769322
34,1.1317883732786589,0.001220254800196082,25.0,0.0077864192401139185,1.1700811638501272
35,1.1300538099553596,0.0012295002813459905,25.0,0.007633516851825969,1.168424829484173
35,1.1373592123175351,0.0012102085773517829,25.0,0.007512652072899543,1.1751270793271407
36,1.1232835845332727,0.001206263986836812,25.0,0.00765172652744628,1.161091911479795
36,1.1287971850502434,0.0012150848158757742,25.0,0.007272135606146993,1.1664464422390222
37,1.1301665023076448,0.001231591742694025,25.0,0.007349419966451734,1.1683057194991078
37,1.1295308512078517,0.0012305693023584106,25.0,0.007426341499299987,1.1677214218098582
38,1.1168115652349007,0.0011992920103062917,25.0,0.00724198622406242,1.1540358529279107
38,1.1303684126844795,0.0012293079161231476,25.0,0.007167726406733767,1.168268838946482
39,1.1260447527864854,0.001219459384809889,25.0,0.007529029903522462,1.164060265897847
39,1.1230185666530252,0.0012322879988645433,25.0,0.007496854131516489,1.1613226159871053
40,1.129154103652142,0.0012226767675632513,25.0,0.0074896884588613825,1.1672107128150155
40,1.132001901416184,0.0012150437004246684,25.0,0.007483318216911108,1.1698613092481946
41,1.116632095740348,0.0011798925174073469,25.0,0.007952227885668168,1.1540816362262625
41,1.1328742108174732,0.0012193815696047664,25.0,0.007371721057487386,1.1707304680631274
42,1.121671456425742,0.0011922499467924388,25.0,0.007281375732739636,1.158759083412143
42,1.1245018016520163,0.0012296330967105085,25.0,0.007354821537998762,1.162597452422126
43,1.127387267978568,0.0012082092993269992,25.0,0.007898872198523624,1.1654913682116277
43,1.1116793413766834,0.0011861763932713215,25.0,0.007654229591212917,1.1489879752745469
44,1.1125332462160211,0.0011860278721076646,25.0,0.0076161438296214815,1.1498000867058786
44,1.1243521985120022,0.0012297030343797206,25.0,0.0075913924037040986,1.162686166017892
45,1.1252812785863306,0.0012052153581825612,25.0,0.00751659408798508,1.1629282625876634
45,1.1194447041411388,0.0011920541846348965,25.0,0.0072844164442662195,1.1565304720031901
46,1.1223647755199515,0.0011974236244299097,25.0,0.007767883457270116,1.1600682520638788
46,1.1358138255810624,0.001221030377172954,25.0,0.007115074816609969,1.1734546605479774
47,1.1144518532161212,0.0011873186526621129,25.0,0.007507692811886174,1.1516425175001057
47,1.117828006379342,0.0012086135263272904,25.0,0.00755481468513608,1.155598159184296
48,1.1248430002249028,0.0012281162608732384,25.0,0.007289353304689652,1.162835262038491
48,1.1121021352690559,0.0011896822858003895,25.0,0.0074536491303231235,1.1492978392751234
49,1.1091487906300104,0.0012013948186834638,25.0,0.007505009100266482,1.1466886732154167
49,1.121241075000124,0.0012158200774329568,25.0,0.007377220439149789,1.159013796080813
50,1.1061565149086472,0.0011743474323835962,25.0,0.007734988076470098,1.143250189561548
50,1.11645645941641,0.0011914161726863507,25.0,0.007610935576677962,1.1538527970666816
51,1.1215409330631558,0.0011932269108741271,25.0,0.007608953027308665,1.1589805589338238
51,1.097898692107029,0.0011812209811092888,25.0,0.008181607497552281,1.135610821721651
52,1.1074857656312729,0.001177981835378774,25.0,0.007728672999530799,1.1446639857030427
52,1.1099007111220134,0.0011773017359830971,25.0,0.007954736685912523,1.1472879920686994
53,1.1071079714161358,0.001178178345880908,25.0,0.007355940078149001,1.1439183669512352
53,1.1249340355396271,0.0012081803195455687,25.0,0.007604566753642367,1.1627431107418877
54,1.1155130211663986,0.0011921450028947258,25.0,0.007757593010194368,1.1530742420501527
54,1.115957861441701,0.0011938499072277674,25.0,0.007633881471153162,1.1534379894238382
55,1.106734998453231,0.0011771598948620348,25.0,0.007740215364555341,1.1439042118333635
55,1.1114863986060732,0.0012075616930295448,25.0,0.007995552232854867,1.1496709908757892
56,1.1147324205298412,0.0012048712644285938,25.0,0.007442694738605071,1.1522968955569164
56,1.1090938568115234,0.0012097296230162361,25.0,0.007423699948759306,1.1467607935269675
57,1.1148439444708482,0.001168194608542841,25.0,0.008002101210320288,1.1520509095283216
57,1.1102036420238075,0.0011847093411716833,25.0,0.007861323056978722,1.147682697436456
58,1.1097166091559325,0.0012049869602815046,25.0,0.007530513909692056,1.14737179974952
58,1.0878577343319367,0.0011788088449628175,25.0,0.007923981845534467,1.1252519368840856
59,1.1095550092279485,0.0011876078062331825,25.0,0.007975472129552418,1.1472206753734189
59,1.1159394635220985,0.001200862416135134,25.0,0.00739454346634492,1.153355565233276
60,1.103439279113497,0.0011742469854652882,25.0,0.007982491037719662,1.1407779422544297
60,1.1019096240792468,0.0011922544790020652,25.0,0.007897667406762557,1.1396136551313014
61,1.1033994775069387,0.001195606593439204,25.0,0.007824541222188248,1.1411141843031467
61,1.1042375379644316,0.0011824687017930277,25.0,0.008055460698200225,1.1418547128151595
62,1.0900693455760142,0.001175871165804297,25.0,0.00824750611688093,1.1277136306682651
62,1.1013534430387766,0.001187924354357716,25.0,0.007809932213632261,1.1388614850567746
63,1.1002199294174486,0.0011713671611776456,25.0,0.007845606243677953,1.137349713531485
63,1.0907810135035994,0.0011894794213852921,25.0,0.007843025006982163,1.1283610251389051
64,1.1024320673374903,0.0011863600212520743,25.0,0.008011831855401396,1.14010290262245
64,1.0956109278082278,0.0011806369422986194,25.0,0.007973321641652742,1.1331001719076668
65,1.0906514128999847,0.0011708493026710922,25.0,0.007607281680383751,1.127529926847613
65,1.092360871260246,0.0011645069744234066,25.0,0.008018479898625442,1.1294920243429796
66,1.0960520884687666,0.0011662994720107636,25.0,0.008334891143091898,1.1335444691941607
66,1.1049796588950054,0.0011903786803801324,25.0,0.007866259771543677,1.1426053863721133
67,1.0915903089719525,0.0011649678232043572,25.0,0.0076957126916720395,1.1284102142997905
67,1.0999639755501667,0.0011900179807028926,25.0,0.0076314729067712556,1.1373458979806923
68,1.104419441531888,0.0012024004451765252,25.0,0.007395364670752943,1.141874819493694
68,1.1121188010975966,0.001200708257104437,25.0,0.00790617212059692,1.1500426786896152
69,1.100460267492703,0.0011849425427499227,25.0,0.008167340342576304,1.1382511678196134
69,1.1043045258407957,0.001190514172358844,25.0,0.008102658487695969,1.1421700399458123
70,1.092376805629049,0.0011615335653741134,25.0,0.007792608708231932,1.12920775555429
70,1.09519785016704,0.0011722293470820594,25.0,0.008080226067466958,1.1325838099231584
71,1.0925174247134815,0.001167606278369983,25.0,0.00813786906711579,1.1298454527221797
71,1.091467945206733,0.0011809420856436538,25.0,0.00794518299434068,1.128936681293306
72,1.1000596404360132,0.0011857324656319131,25.0,0.007851779935459177,1.1375547345896608
72,1.0897829814208784,0.001163703314158775,25.0,0.008135480905058895,1.1270110432764324
73,1.0847543729203089,0.0011636347272239314,25.0,0.007723051876694496,1.1215682936566216
73,1.0887497717554644,0.0011843436036835734,25.0,0.008048751224488074,1.1264071097521906
74,1.1060368959392821,0.0011972587387953397,25.0,0.0078756071560617,1.143843970270384
74,1.0935748269160588,0.0011598543146863535,25.0,0.008149394830910577,1.1307205797660917
75,1.0958223642341276,0.0011752381558093267,25.0,0.007766625160453641,1.1329699483008828
75,1.0970522596967591,0.001184569918696419,25.0,0.00812561827660393,1.1347921277693422
76,1.086167343297084,0.0011646113960009352,25.0,0.007764402471124383,1.1230470318692314
76,1.0924013161716142,0.0011781070624235885,25.0,0.00796881928730996,1.1298228126721621
77,1.0895458523716246,0.001160426006355833,25.0,0.007839170875238432,1.1263956753980546
77,1.0874197481643586,0.0011603980152618274,25.0,0.007632587681568805,1.1240622817050843
78,1.1090329151777993,0.001194146214748755,25.0,0.007617323989203821,1.1465038938181742
78,1.099843631755738,0.0012104159029106432,25.0,0.007789300957561604,1.1378933309799149
79,1.0855648398399353,0.0011623032844259537,25.0,0.008128556179525775,1.1227509796619415
79,1.0930983922311237,0.0011824014035352905,25.0,0.007852950247581161,1.130511376403627
80,1.09367427817433,0.0011847331269501517,25.0,0.008079372969679446,1.1313719807497962
80,1.0888227349945476,0.001181416522636677,25.0,0.008025018397408228,1.126383168640591
81,1.0943920992154779,0.001169797107393949,25.0,0.007583725087229065,1.131220749710511
81,1.0891427615759208,0.0011695656316264172,25.0,0.007907037762316682,1.1262889437890675
82,1.1009509280288587,0.001191775511392788,25.0,0.0077451286564255905,1.1384904463897125
82,1.0849190000133468,0.001156450777013424,25.0,0.007930849533503639,1.1217611160369363
83,1.0997798554064555,0.001220219879707491,25.0,0.007878399334299829,1.1381637532460063
83,1.0951156542238587,0.0011954153158595265,25.0,0.008067320559956223,1.133068357418716
84,1.0889981626610767,0.0011659068858966694,25.0,0.008454501942835908,1.1266003361322998
84,1.0777934842166446,0.0011654213117296985,25.0,0.0081254351906301,1.1150544542641867
85,1.087589835921449,0.001161914892888657,25.0,0.008509413585642481,1.1251471223296299
85,1.0910595803033738,0.0011857906871314515,25.0,0.008258668211333099,1.1289630162573996
86,1.0880179838443311,0.0011875040042064774,25.0,0.008170504207034858,1.125876086978618
86,1.0759515347934905,0.0011615099553074243,25.0,0.007792293075804732,1.1127815722000032
87,1.0921680177617243,0.0011720699387422217,25.0,0.008077046077647589,1.1295468119855732
87,1.0804509556009656,0.0011655685884761624,25.0,0.007949970935892668,1.1175401399532954
88,1.095606042580171,0.0011838325238747646,25.0,0.008567435901977442,1.1337692904415313
88,1.0947397317123868,0.0011879386234309453,25.0,0.007872760747081483,1.1323109557918831
89,1.0849720052310399,0.0011695608455089053,25.0,0.008009910464308979,1.1222209378367378
89,1.082096182503393,0.001177882645148584,25.0,0.00810091834468656,1.1196441688799346
90,1.0822944651023791,0.001155484150713553,25.0,0.008534314114193382,1.119715880045132
90,1.095943490096501,0.0011876212751043827,25.0,0.0076983171254618185,1.133332340064503
91,1.0835192677102576,0.0011553206843143715,25.0,0.008299873592088667,1.120702158810124
91,1.0832659641901652,0.0011571564221022916,25.0,0.008003948245286233,1.120198819892747
92,1.0806339801776976,0.001139322904747955,25.0,0.008295070457028314,1.1174121212391626
92,1.0822686366117482,0.001162813870914307,25.0,0.008325744820692335,1.1196647233323076
93,1.0814491728422477,0.0011640843321987363,25.0,0.007958361079292526,1.11850964329305
93,1.0782582169487362,0.0011578258862885247,25.0,0.008087274830766199,1.115291135438851
94,1.0934881376823733,0.0011638865894372543,25.0,0.008203317612551171,1.1307886218798133
94,1.0811540428816417,0.0011578526717730972,25.0,0.008340357210148464,1.1184407140364487
95,1.095280436390922,0.001200717522477221,25.0,0.00822316971302609,1.1335215455009824
95,1.0931369405222164,0.0011816588748368917,25.0,0.00809210989739022,1.1307705245311792
96,1.071868610410531,0.001153586335232379,25.0,0.007840627552119032,1.1085488992545371
96,1.0709143487745494,0.0011593907551826579,25.0,0.008311415574921108,1.1082105330017764
97,1.084935031848962,0.001170194007659822,25.0,0.007688472031409943,1.1218783549628177
97,1.0920197295463,0.0011896478155165504,25.0,0.008035704361069106,1.1297966306962763
98,1.0888179819498742,0.0011822734214504073,25.0,0.007886090393488606,1.1262609053935324
98,1.0895330207444602,0.0011748443556302683,25.0,0.007882172318213221,1.126786302552872
99,1.0860419611749625,0.0011712679847678935,25.0,0.00809274937110265,1.1234164075160535
99,1.0805813592104685,0.0011605123434232415,25.0,0.008230235602795368,1.117824405715579
100,1.0782621984243959,0.0011587585964087494,25.0,0.008400675659554605,1.115631835194495
100,1.0850827512286958,0.0011654266567867515,25.0,0.008237024285786208,1.1224554422355832
101,1.0688843864770163,0.0011430225822204236,25.0,0.008096797924510957,1.1055567502265884
101,1.0751253054187628,0.0011681749067814023,25.0,0.008233844690831405,1.112563523521834
102,1.074797715947281,0.0011541718652645272,25.0,0.008184239681730123,1.111836252889656
102,1.0905411131591525,0.0011895592244590286,25.0,0.00800530851050999,1.1282853991005597
103,1.0777597895690374,0.0011638991477888167,25.0,0.007878161168524198,1.11473542707307
103,1.0894392874631633,0.0011746286136107055,25.0,0.008435923325765055,1.1272409246823
104,1.0821776219370256,0.0011631589550147087,25.0,0.007896808731238533,1.1191534042927416
104,1.0820845244895845,0.0011752334279229954,25.0,0.00831940727408177,1.1197847678547814
105,1.073882702149843,0.001156249020218573,25.0,0.008203592731809003,1.1109925226161355
105,1.0659322626800265,0.0011523584672083942,25.0,0.00797614090326032,1.1027173637777496
106,1.0757442644338289,0.001148075196484291,25.0,0.008754972463727674,1.1132011169737035
106,1.0757172143175489,0.0011524677657039969,25.0,0.007718845807193291,1.112247756833122
107,1.0752201518882507,0.001151533444551089,25.0,0.007754494615397923,1.1117629848809039
107,1.0853393749112175,0.0011832907493780588,25.0,0.008109086936539306,1.1230307295208886
108,1.0632577026574805,0.0011421904966578279,25.0,0.008501430792660502,1.1003138991206456
108,1.078195810459572,0.001161759565299545,25.0,0.008292783404016898,1.115532585744903
109,1.0795297268160147,0.0011371150785247173,25.0,0.008503342392165832,1.116460947205105
109,1.0810530180720554,0.0011720556206917857,25.0,0.008177595985731052,1.1185320004073986
110,1.0713244847192334,0.001164244168430828,25.0,0.008379226707523764,1.1088098140340519
110,1.0751455290300547,0.0011365723818587028,25.0,0.008341674343959346,1.111901518143271
111,1.0809268277315867,0.0011710874688495615,25.0,0.008372532925568521,1.11857654686485
111,1.070748091668673,0.0011618173808172825,25.0,0.008288956352016113,1.108082482666844
112,1.0847373325200307,0.0011607816064497455,25.0,0.008030961975011797,1.121787835373765
112,1.07394938882343,0.0011592942716956423,25.0,0.00821180565607891,1.1111435554656166
113,1.0626083264158344,0.0011448872751543065,25.0,0.008611767693818712,1.0998422761852555
113,1.0733853152820043,0.0011467353490020504,25.0,0.007946389082020947,1.1100000903719947
114,1.104491121412173,0.001208707717891048,25.0,0.007713388399698831,1.142422201089791
114,1.084937694976084,0.0011649275813039562,25.0,0.00818126894895443,1.1222421525479507
115,1.073345115213167,0.0011607061822793358,25.0,0.00863314221801591,1.110995914112954
115,1.0775464950151512,0.0011609528059440702,25.0,0.008164900869923044,1.1147352134954902
116,1.0732686412277945,0.0011536598691641755,25.0,0.007820082017357385,1.1099302202321908
116,1.0701822493412045,0.0011586882634536276,25.0,0.008355678615398118,1.1075051357182797
117,1.0839719773758025,0.0011852356812423316,25.0,0.007952708778681145,1.1215555811212177
117,1.0614032825543767,0.0011394319572857405,25.0,0.008277266063461346,1.0981663459113666
118,1.0705471205485375,0.0011395225452421392,25.0,0.008310264853707634,1.1073454484272907
118,1.07314397976512,0.0011577488719402547,25.0,0.008080304662386576,1.1101680090030035
119,1.0666172040360316,0.0011432761264759826,25.0,0.0083910054488418,1.1035901124988283
119,1.075638231763429,0.0011697282726958874,25.0,0.008192903246356254,1.113074342742491
120,1.079064202166739,0.0011553268593117883,25.0,0.008467328759087693,1.116414704422156
120,1.0755255872166922,0.0011602711292523493,25.0,0.008430089526411562,1.1129624539203145
121,1.070776406057638,0.0011514311424490743,25.0,0.008258732139481612,1.1078209136899613
121,1.0833651407843545,0.0011786998371549305,25.0,0.008082737435498054,1.1209153720310756
122,1.0744504398376529,0.0011514250244093604,25.0,0.008216798923259288,1.1114528681773188
122,1.0835616672632253,0.0011871393160454232,25.0,0.008292114519915805,1.121532263349018
123,1.0681875995349202,0.0011516206955863942,25.0,0.008785726679244517,1.1057638459103205
123,1.0625535846464425,0.0011394358556822712,25.0,0.008442762566093276,1.0994822423984771
124,1.075797932204746,0.001160552666087391,25.0,0.0080939419567585,1.1129056904287564
124,1.0653147049018152,0.001162589029168418,25.0,0.008163203913364515,1.1025426370089524
125,1.0662295399963715,0.00115657735204229,25.0,0.008335668564886916,1.1034796398637414
125,1.0790399741248677,0.0011770693402634513,25.0,0.00828901651169388,1.116755723174564
126,1.0747136148090046,0.0011651390773532205,25.0,0.008455232959306882,1.1122973213122354
126,1.0646163831130908,0.0011536015556835417,25.0,0.008681221518913314,1.1021376437642512
127,1.073888773577554,0.0011661348442430608,25.0,0.008048985160088964,1.111091129127003
127,1.0639522210860761,0.0011554310148617257,25.0,0.008202087165646237,1.1010400827027274
128,1.0747399165516809,0.001165056954674323,25.0,0.008519740554038435,1.1123860824675786
128,1.065456348331977,0.0011561735119225984,25.0,0.00848534241215837,1.102846027553223
129,1.0600426025333858,0.0011463583026419483,25.0,0.008779161127971573,1.0974807202106431
129,1.0677406319246723,0.0011556926461306098,25.0,0.008309461508220562,1.1049424099808918
130,1.0684980158980988,0.0011507928610329132,25.0,0.008305796697378265,1.1055736319289953
130,1.0606799995672676,0.0011459308088952874,25.0,0.008463029287348451,1.0977913040021818
131,1.0856659275052667,0.0011784818100592568,25.0,0.008399328742300175,1.1235273017452903
131,1.0667856923191679,0.001145891036679017,25.0,0.008431146453928885,1.1038641139617158
132,1.0657394295647031,0.0011506262369775436,25.0,0.008207561072915615,1.1027126413016093
132,1.0670345930609328,0.0011540609401476242,25.0,0.00866318540314217,1.1045493008413292
133,1.076437626042828,0.0011553724777189041,25.0,0.008386570674611639,1.1137085087755894
133,1.0559610015139727,0.0011386698023543303,25.0,0.008361725627185861,1.0927894700168148
134,1.080392628766914,0.0011746474563517119,25.0,0.008265463991192174,1.1180242811334076
134,1.064233841356777,0.0011363176618553034,25.0,0.008331807222150798,1.1009735939048586
135,1.067444455807679,0.0011375520669112994,25.0,0.008608506432780886,1.104491763754865
135,1.0749010230410156,0.0011617153061866117,25.0,0.00814422324489608,1.1120881277238024
136,1.055379210490186,0.0011236243021963562,25.0,0.008488498796969298,1.0919583175702117
136,1.0752005049323126,0.001171732793085895,25.0,0.0084338841525291,1.1129277088192595
137,1.0715361916905897,0.00116455639508096,25.0,0.00840023432867116,1.1090503366778812
137,1.0602650790344792,0.0011414623009914759,25.0,0.008212774617026722,1.0970144062314067
138,1.066065419314876,0.0011378352231934507,25.0,0.008329078424036185,1.1028403743145867
138,1.0643462143944338,0.0011484357584251304,25.0,0.008849288730317135,1.1019063959895716
139,1.070763906623636,0.001156503257516306,25.0,0.008590176173796257,1.1082666655381521
139,1.0596028764570693,0.0011363425355328848,25.0,0.008277294221013394,1.0962887360336095
140,1.0653675469742,0.0011415323081853362,25.0,0.008555584888402109,1.102461439102747
140,1.0668133560948587,0.0011621094270771912,25.0,0.007980787288176333,1.1038468788043903
141,1.073871287611923,0.001146302688038461,25.0,0.008637425836492726,1.1111662802121318
141,1.0566010158730232,0.0011530550560530169,25.0,0.008694805886215948,1.0941221995761445
142,1.0658981458668493,0.00113451382245864,25.0,0.0084030151151583,1.1026640057848291
142,1.0536751316732011,0.0011263070329404358,25.0,0.008599461070671147,1.0904322678572775
143,1.0613101933178029,0.0011452222585837377,25.0,0.008160200982073635,1.0981009506273156
143,1.0715137316608656,0.0011662258426470774,25.0,0.008334300688173701,1.109003681043548
144,1.0659395945923669,0.0011368285166099667,25.0,0.00828902148641646,1.1026493337892351
144,1.0654771852521603,0.0011532231393843145,25.0,0.008587703615373926,1.1028954626687066
145,1.0630112964297134,0.001150726424773487,25.0,0.008452442957468845,1.1002319002094858
145,1.0732504182501814,0.0011657923405393826,25.0,0.008436789487835878,1.1108320135968315
146,1.066594206239152,0.0011537874448903993,25.0,0.008271406790144264,1.103710303963505
146,1.068261173664111,0.0011624702892731875,25.0,0.00836796277109975,1.1056908924150242
147,1.065838976951223,0.001132284036965824,25.0,0.008535251254768879,1.1026813307170913
147,1.0702664890278006,0.0011442869207716957,25.0,0.008089751430005895,1.1069634109029274
148,1.0636260775658977,0.0011462652595379697,25.0,0.008205380961033482,1.100488091591135
148,1.0727253620113646,0.0011614258439900974,25.0,0.008144245871863815,1.109905258672578
149,1.0659328342472771,0.0011424027469259647,25.0,0.008192702587164268,1.102685604615234
149,1.0652258948409727,0.0011447026305065062,25.0,0.008383025089720202,1.102226487409447
150,1.0613400780052935,0.0011521444041601944,25.0,0.008641910312754672,1.0987855983430175
150,1.0600775196438743,0.0011340649654379203,25.0,0.008505954809619912,1.096935096241179
151,0.9953321626237339,0.001004922377236515,25.0,0.00796699847427646,1.0284222204441695
151,0.9960901841981394,0.001036836587454219,25.0,0.008027249377004077,1.030038349843648
152,0.9689003842056922,0.0009737539270611036,25.0,0.008477203921911324,1.0017214331705615
152,0.9658424528907327,0.0009708821504746619,25.0,0.008551817155607483,0.9986663240544936
153,0.962929462812876,0.0009803552204235282,25.0,0.008718683353752038,0.9961570266266944
153,0.9360819314147385,0.0009283290639590197,25.0,0.00897957951578141,0.9682697372537263
154,0.9504321744486655,0.00094195146041931,25.0,0.009640900399623138,0.9836218647431992
154,0.9563455129733108,0.000961368930571988,25.0,0.009104954607854706,0.9894846896750267
155,0.9368260374791185,0.0009251656289487868,25.0,0.00889128710453709,0.9688464675990629
155,0.9408206020442533,0.0009352722366932373,25.0,0.008896214756327616,0.973098625389623
156,0.9324525216424214,0.0009228221261238601,25.0,0.009566916748543272,0.965089989978759
156,0.9336784281920939,0.0009322590446055915,25.0,0.00876966924264485,0.9657545736837835
157,0.933778143684629,0.0009263674388344491,25.0,0.009936588145726899,0.9668739142832062
157,0.9378058614445405,0.0009296646523682899,25.0,0.009602972636427818,0.9706504487655532
158,0.9337377200640337,0.0009264052187872885,25.0,0.009388536199015637,0.9662863854362479
158,0.9232893510780513,0.0008959096007973863,25.0,0.009850001050948888,0.9555370908152024
159,0.925156401247833,0.0009111731986033205,25.0,0.009892797304766658,0.9578285281496249
159,0.9222015452329113,0.0009013343499771667,25.0,0.009874990577994904,0.9546098954783669
160,0.9231606358247841,0.0009083730043296482,25.0,0.009672337626619591,0.955542299800511
160,0.9233795458874043,0.0009049805769597593,25.0,0.009824617471942892,0.9558286776447743
161,0.9246532661574227,0.0009206487461245691,25.0,0.009865000704412439,0.9575344868510334
161,0.9210599044586513,0.0009057037703919473,25.0,0.009650646113469953,0.9533531438969337
162,0.9186659811116825,0.000894359915088057,25.0,0.010298473781701525,0.9513234535110331
162,0.914144162830201,0.0009009145482498346,25.0,0.010322747129916411,0.9469897733778808
163,0.9095651106995957,0.0008968203048731492,25.0,0.009931063868658113,0.9419166804334828
163,0.9253243166054719,0.0009099743854493313,25.0,0.009619895483321343,0.9576935705312242
164,0.9190508677302119,0.0008925311634913805,25.0,0.009811859163368625,0.9511760056854408
164,0.9222079703902751,0.0009253915857749421,25.0,0.009600740456648294,0.9549435007209242
165,0.9099457696010577,0.0008923472188169432,25.0,0.009954009673484192,0.9422084614634514
165,0.9294437753512095,0.0009209210666107009,25.0,0.009941901571599361,0.9624087026024312
166,0.9162429486201188,0.0008916533267531853,25.0,0.010295128450885625,0.9488294127388536
166,0.9065185679903633,0.0008786062932389502,25.0,0.010214200125030075,0.9386979249377999
167,0.9051176040111301,0.0008770032482146651,25.0,0.010512885759436638,0.9375555697724084
167,0.908137461710199,0.0008840502660545285,25.0,0.010114983448249541,0.9403537019530189
168,0.9088437007130864,0.0008887056329708642,25.0,0.010316396449805698,0.941377739134793
168,0.9060621390018865,0.0008713922442091886,25.0,0.010469900656805593,0.938316844805063
169,0.9028562405538336,0.0008719831539990346,25.0,0.01050563840843981,0.9351614564657211
169,0.9074958395735125,0.0008883883380812536,25.0,0.010309826469518871,0.9400153757534294
170,0.9085688214992809,0.0008750125580433555,25.0,0.010179113666853371,0.9406232459244327
170,0.9102911847495587,0.0008921054386434246,25.0,0.01020078951597353,0.9427946127045934
171,0.897185426309844,0.0008636928818577021,25.0,0.010919208025829606,0.9296969547171459
171,0.9032455523298165,0.0008752272698865598,25.0,0.010622429363342506,0.935748663461097
172,0.9085507976396061,0.0008731912256114589,25.0,0.010471263059380108,0.9408518412263593
172,0.906718817896375,0.0008760174678852913,25.0,0.010116063940739172,0.9387353173343935
173,0.9034322648544177,0.0008776027411543416,25.0,0.01055053137264554,0.9359228673660867
173,0.9046931890683754,0.0008794675144191753,25.0,0.010665218313181095,0.9373450951877041
174,0.9020217991931178,0.0008759557623372767,25.0,0.010482748966590264,0.934403444086755
174,0.8918201207557571,0.0008590333025019058,25.0,0.01006820443451892,0.923364159242015
175,0.8953374040739559,0.0008647121901397602,25.0,0.010350369930998466,0.9273055790462227
175,0.8988060596111779,0.0008672276802078677,25.0,0.010433897229725339,0.9309206475442815
176,0.8879698503128577,0.0008590822098592171,25.0,0.010721145653641307,0.9201680551736783
176,0.8959454452241218,0.0008622425888045766,25.0,0.010633512257353027,0.9281350239451392
177,0.8903251659897935,0.000846061396677403,25.0,0.011193745089521184,0.9226704462841674
177,0.9027844081113944,0.0008788833916751724,25.0,0.010585281311909913,0.9353417719438637
178,0.8947556512061254,0.0008633031685118041,25.0,0.01097567125097664,0.927313901883461
178,0.8960648724388132,0.0008632584457274305,25.0,0.011013478243675752,0.9286598103307622
179,0.8986756971804968,0.0008514481249641484,25.0,0.010160196797774631,0.9301220990005351
179,0.8825660536894987,0.0008400545782780835,25.0,0.010906526786850501,0.9144739463473811
180,0.8893764134331461,0.000842228693774161,25.0,0.01050271596086574,0.9209348476016438
180,0.9021819338792966,0.0008762402976996054,25.0,0.010454477218038345,0.9345424164842059
181,0.886776677447877,0.000837189690828636,25.0,0.011343745710675568,0.9190501657538203
181,0.891488906664726,0.0008583468380495406,25.0,0.01074980646382696,0.9236973853378029
182,0.8958124532288326,0.0008515264226803729,25.0,0.010602089393523572,0.9277027024950458
182,0.8879499531292415,0.0008596222453746871,25.0,0.0107269211735203,0.9201674315479252
183,0.8952244123517772,0.0008637637265882995,25.0,0.010651842902668497,0.9274703494179777
183,0.8879980570647544,0.0008507570324615968,25.0,0.011265732554744903,0.9205327152094364
184,0.8914336328739887,0.0008431095336517753,25.0,0.0107182485207759,0.923229620451138
184,0.8937416476803226,0.0008582443977900974,25.0,0.010753313381233554,0.9259510715524634
185,0.8912949154543323,0.0008495028045090717,25.0,0.011098156820679474,0.9236306415047757
185,0.8893018294047642,0.0008516302360436121,25.0,0.011067266205851084,0.9216598498793471
186,0.8804205125306314,0.0008291133147846725,25.0,0.011020392513267332,0.9121687371275086
186,0.8900128698849178,0.0008486635232803418,25.0,0.011029959479097216,0.9222594184197468
187,0.8969318772251511,0.0008658770217610705,25.0,0.010718418287421578,0.929297220873666
187,0.8906850425096658,0.0008542698901702947,25.0,0.011162125862079797,0.9232039148713047
188,0.8790986684513536,0.0008295003250054038,25.0,0.011294311055770287,0.9111304861126523
188,0.8895381096498671,0.0008516266115651833,25.0,0.010651194950183615,0.9214799703556896
189,0.8853113016326388,0.0008456836520240475,25.0,0.01092156199770947,0.9173749547043603
189,0.8854255832575418,0.0008377051478200799,25.0,0.011098603528570427,0.9174668131730496
190,0.8865602237540622,0.0008442060552540148,25.0,0.011281334922843894,0.918946711476459
190,0.8808981610900595,0.0008321778036980718,25.0,0.010934784334361345,0.9126373896232018
191,0.8821147382952447,0.0008491312300171811,25.0,0.011222042180706075,0.9145650601664255
191,0.8842956869057564,0.0008380883517821638,25.0,0.010945029470457376,0.9161929263101591
192,0.8822854466216509,0.0008398650806474359,25.0,0.010405892103932104,0.9136879646500876
192,0.8799918753144902,0.0008233241319801824,25.0,0.01135663569976504,0.9119316160956741
193,0.8858034862227095,0.0008370535441612964,25.0,0.011169772946312675,0.917899598400076
193,0.8899517981118934,0.0008387370607653243,25.0,0.010695787468860142,0.9216160141451414
194,0.8858029926239058,0.000836346461302276,25.0,0.010825261045897077,0.9175369149030641
194,0.880555301557332,0.0008335393803418855,25.0,0.010864988887152854,0.9122587755009844
195,0.885092493129331,0.0008464047740765869,25.0,0.010526044254711028,0.916778655662093
195,0.8742917201546736,0.0008320941848999842,25.0,0.011417008355952973,0.9065110816511996
196,0.8832913029332493,0.0008252243050116894,25.0,0.01105232017688713,0.914974232260571
196,0.8821010511974956,0.0008408080942815083,25.0,0.010883396000839596,0.9140046484248583
197,0.8854454597761464,0.000828011765795879,25.0,0.011170708111942162,0.9173164611638979
197,0.8786737199439559,0.0008335126373039688,25.0,0.011238390744425529,0.9107499261235081
198,0.8772252913824348,0.0008340473150087218,25.0,0.011265524232023677,0.9093419992646505
198,0.877859229611796,0.0008239168182372787,25.0,0.011482781183710971,0.9099399294271026
199,0.8781427745902262,0.000828222562944744,25.0,0.010866675621201825,0.9097150133792744
199,0.8780468093794446,0.0008278420833575669,25.0,0.011598571909992242,0.9103414336609286
200,0.8758737077546674,0.0008313681542816529,25.0,0.01161569851710526,0.9082736108192178
200,0.8875914659611014,0.0008397686184887493,25.0,0.011416245613052229,0.9200019266023193
201,0.8897681921720505,0.0008564935860408167,25.0,0.011123044379488673,0.9223035768020985
201,0.8788571754860324,0.0008301804863528327,25.0,0.010983104314005305,0.9105947941541672
202,0.8778558054635691,0.0008213420178224116,25.0,0.010563161172687487,0.9089525163866753
202,0.8710979171270548,0.0008171265049049696,25.0,0.0111895437081626,0.9027156224777532
203,0.8677025970331458,0.0008090770966847167,25.0,0.011710352354769617,0.8996398767759634
203,0.8736979596836623,0.0008266963337095952,25.0,0.011072070983801644,0.9054374411355618
204,0.883059740413067,0.000835250731020202,25.0,0.01114158790374478,0.9150825973166976
204,0.880840234839639,0.0008326150144945809,25.0,0.01078335054023841,0.9124389589525933
205,0.8721521278453428,0.0008211490134018214,25.0,0.011623711635488584,0.9043045649694842
205,0.8710365149863931,0.0008175867040124505,25.0,0.011628790742306168,0.9031049717304318
206,0.8791234434344047,0.0008342063981365564,25.0,0.011628900675189704,0.9116075012572976
206,0.871231781396755,0.0008198310069125254,25.0,0.01088859011570728,0.9026161488405494
207,0.8729885470035464,0.0008144024487105632,25.0,0.011559792347035783,0.9049084009819253
207,0.880443339846855,0.000830270704572349,25.0,0.010915769420044366,0.9121158762726673
208,0.8704200346109479,0.0008183456671547394,25.0,0.011281185476434266,0.9021598604529403
208,0.8735121864912122,0.0008297594999867427,25.0,0.011800472036567191,0.9060566473838895
209,0.8732232962929926,0.0008254431277786944,25.0,0.01154328441019928,0.9054026593302571
209,0.8705388426087624,0.0008161433838066905,25.0,0.01134978108606193,0.9022922069527383
210,0.871103994236436,0.0008177363783118402,25.0,0.011479931098387339,0.9030273352944573
210,0.8779286456662555,0.0008301513209643904,25.0,0.011185872020892973,0.9098683006541674
211,0.8816377800564433,0.0008301635332700666,25.0,0.011318558132882382,0.9137104269377021
211,0.8635694400515668,0.0008022586488487134,25.0,0.011660006974802115,0.8952859121699666
212,0.8699867748190798,0.0008057850325105197,25.0,0.01125726835767624,0.9013886684054842
212,0.8692518772773965,0.0008088281260042582,25.0,0.011264119064435363,0.9007366970528004
213,0.8679933183414992,0.0008085002043476696,25.0,0.011328561628388977,0.8995343857033308
213,0.8636435392984124,0.0007985537688635008,25.0,0.01132709886878729,0.8949344810358314
214,0.8683619122172511,0.000803507643962972,25.0,0.01156827503284656,0.9000178774428922
214,0.8631931738344534,0.000810159391810277,25.0,0.01113055094054483,0.8945777085706972
215,0.8696178475139865,0.0008011956815607846,25.0,0.011177762257034637,0.9008255024935419
215,0.8751849153014116,0.0008191403539290889,25.0,0.01144043754916205,0.9071038625961126
216,0.8703741612401197,0.000817127956792965,25.0,0.010815705076560137,0.9016180651093857
216,0.8714579930139142,0.0008037743224968137,25.0,0.011174277607405688,0.902726628475411
217,0.8775200087343734,0.0008184275631209416,25.0,0.01113261095639275,0.9091133068719762
217,0.8704292862221252,0.0008114265584925644,25.0,0.01148915880218928,0.9022041096243747
218,0.8687082377977149,0.0008214993167839143,25.0,0.011619181359771552,0.900864902901095
218,0.8668868308000941,0.0008033548128329814,25.0,0.011346578104270238,0.8983172777772226
219,0.8703548642091973,0.0008041142274863844,25.0,0.011339446163714625,0.9017971676449443
219,0.8810884048103457,0.0008264586905864545,25.0,0.011124176780850974,0.9128740504556908
220,0.8678098255271425,0.000799443991642079,25.0,0.011539354781013008,0.8993352807176639
220,0.8727837912306154,0.0008233978581759839,25.0,0.010984207175589943,0.9043529440936245
221,0.8625839513720049,0.0007973399106197042,25.0,0.011284691809402161,0.8938021418528325
221,0.8723446239313227,0.0008164298060301367,25.0,0.011156822991257063,0.9039121903565533
222,0.8700300121805231,0.0008103633319390202,25.0,0.011750684910628884,0.902039781385674
222,0.8694295039586291,0.0008151292155149421,25.0,0.011778174809843578,0.9015859081269417
223,0.8775107169095988,0.0008341347120538583,25.0,0.011140078059322009,0.9095041620482425
223,0.8617097282492644,0.0008032956787789124,25.0,0.011494336469885472,0.8932864549818282
224,0.8648244161202017,0.0007980854258830162,25.0,0.011283422089905723,0.8960599734722323
224,0.8695439072606735,0.000811013616784908,25.0,0.011878521155172704,0.9016977692424836
225,0.8675514333762592,0.0008105795570241888,25.0,0.011195290168712733,0.8990112116469584
225,0.867191221348924,0.0007969154508351165,25.0,0.011584943545044437,0.8986990519576725
226,0.8681236764117902,0.0008130479371580327,25.0,0.01156212163445153,0.9000119949991354
226,0.8684622117095646,0.0007984444479163079,25.0,0.011513925569937964,0.899937248285298
227,0.8705480905668918,0.0008043589990417496,25.0,0.011442185652911179,0.9020992498801645
227,0.8823234790162531,0.0008321274513553768,25.0,0.01162593609549693,0.9147526009176834
228,0.8615279283435051,0.0007977495953146792,25.0,0.011898524416372906,0.8933701925238988
228,0.8702135603278529,0.0008184330850156789,25.0,0.011670974017879353,0.902345361814698
229,0.8679443221980071,0.0008027500962123292,25.0,0.01136932396945779,0.8993823969792877
229,0.864422067342944,0.000803427539861452,25.0,0.011664264723053526,0.8961720210078697
230,0.8715166027059135,0.0007990795196295476,25.0,0.011610318142747865,0.9031039089863372
230,0.8685192613065105,0.0007998859427443634,25.0,0.011621087741456804,0.9001374984561982
231,0.8696986143660933,0.00080450683458208,25.0,0.011695261435851178,0.9015065450264517
231,0.8612356077352422,0.0007989535854306621,25.0,0.011890516642874362,0.8930999660160038
232,0.8726244900729982,0.0008179873312210876,25.0,0.011141370928450866,0.9042155432867064
232,0.8607534235840331,0.000788957207261643,25.0,0.011432045907551409,0.8919094000919235
233,0.8570363569978772,0.000792915859888875,25.0,0.01184738786262298,0.8887066412414586
233,0.8667624320342203,0.0008102595149968878,25.0,0.01187540393748392,0.8988943257630563
234,0.8776910564324142,0.0008174760459993562,25.0,0.011308976056879676,0.9094369340938647
234,0.8671261957930855,0.0008010352254246109,25.0,0.011614362515828933,0.8987664381893494
235,0.8557929086159664,0.0008012829659234682,25.0,0.011695287700876454,0.8875202700461147
235,0.8727276271291232,0.0008138959533605172,25.0,0.011119060634296137,0.9041940851997057
236,0.863102654639087,0.0007951626150121722,25.0,0.012093326436645263,0.8950750467533855
236,0.8669988710753049,0.0008004668946018694,25.0,0.011390106794111033,0.898400650361851
237,0.8739536428119633,0.0008200967668249377,25.0,0.011454112436665598,0.9059101737983819
237,0.858577237812383,0.0007929571019242498,25.0,0.011511152000825533,0.8899123167355486
238,0.8620298787640308,0.0007958725339949419,25.0,0.01186083762997247,0.8937875275822084
238,0.8650922343100307,0.0008034159771662115,25.0,0.01127785094851615,0.8964554846563362
239,0.8637269547256682,0.0008017664220929038,25.0,0.011281354723416114,0.8950524691086081
239,0.8678098273249624,0.000812631798334141,25.0,0.011286063129492882,0.8994116852289009
240,0.8635084098010495,0.0008058660340415996,25.0,0.011637815581137648,0.8952928778743523
240,0.8686801105461739,0.000797247553876972,25.0,0.011791362267103978,0.9004026614129543
241,0.8612066073096822,0.0007924449474703663,25.0,0.011466478039737436,0.8924842091004975
241,0.8753728317550606,0.0008194853576400431,25.0,0.011168329535687468,0.9070282931809083
242,0.8643739048538518,0.0008117301560619094,25.0,0.011683877425164572,0.8963510369203483
242,0.8679797255246102,0.0008071810015029676,25.0,0.011308846990912808,0.899468097498688
243,0.8651803411076627,0.0007965392025923378,25.0,0.011628502311634457,0.8967223208907585
243,0.8706163613951123,0.000809735742712549,25.0,0.011580614334732951,0.9024403718950577
244,0.8704999346467569,0.0008125065309067123,25.0,0.011809907735837516,0.9026225053655575
244,0.8647174353942517,0.0007912378520735868,25.0,0.01119603426033618,0.8956944141061566
245,0.8633495896985526,0.0007997539425239058,25.0,0.011846906264051103,0.8951903440559547
245,0.8631840693286843,0.0007981250622445338,25.0,0.011499105907302444,0.8946363024949474
246,0.8670859544503468,0.0008055731827038539,25.0,0.01160603083823204,0.8988313152006379
246,0.8663135262901988,0.0007978644446343435,25.0,0.011382477366626955,0.8976426159837683
247,0.8674152948100258,0.0008090758997746485,25.0,0.012228369693965997,0.8998705609529106
247,0.8608227966836205,0.0007856769060270852,25.0,0.012001117890812802,0.8924658387485478
248,0.8731351723665428,0.0008049622867048422,25.0,0.011568978504470081,0.9048282064307317
248,0.8612859751813097,0.0008049449892720021,25.0,0.012141420984567249,0.8935510198090857
249,0.8651687997496791,0.0008094319124480804,25.0,0.011721504167157778,0.8971261011643542
249,0.8652926172233291,0.0007961508317411817,25.0,0.011126626550254447,0.8963230145336302
250,0.8734598617542647,0.0008084454622377345,25.0,0.01153573128254328,0.9052067297378992
250,0.8682826245548548,0.0008157401631521039,25.0,0.011356868409806068,0.9000329956826236
251,0.8625283181253407,0.0007943281474985674,25.0,0.011696371513405919,0.894082892962076
251,0.8707401306474292,0.000805709107842171,25.0,0.011345743275141634,0.9022286043366258
252,0.8646982514333946,0.0007999922422135973,25.0,0.011511450591906733,0.8962095084565657
252,0.858193506635812,0.00078811091692981,25.0,0.011426572556652803,0.8893228507927011
253,0.8737985142679127,0.0008102912672795894,25.0,0.011356635828161854,0.9054124317373391
253,0.86453710993131,0.0007990254773041535,25.0,0.011787124628123516,0.8962998716505589
254,0.8653280082400199,0.0007998479648415889,25.0,0.011892964582700559,0.8972171728533728
254,0.862190217676538,0.0007856430575648792,25.0,0.012010306355713747,0.893841597562035
255,0.8624487532371724,0.0007975610885329877,25.0,0.011369609979468535,0.8937573903412731
255,0.8646950129143618,0.0008102607209905357,25.0,0.011997158694106879,0.8969486917334574
256,0.8674262995590214,0.0007992044648845978,25.0,0.011595385905820876,0.8990017942118423
256,0.8540901428571454,0.0007784435175818982,25.0,0.011604806893349936,0.8851560373549108
257,0.8698019836511877,0.0007927239966765801,25.0,0.011475315291910967,0.9010953957007991
257,0.8674025539032839,0.0008010051223781947,25.0,0.01168163948912277,0.8991093214739252
258,0.8660430971671034,0.0008086265696773706,25.0,0.012058479806270313,0.8983172405925062
258,0.8617452429952445,0.00080664336999487,25.0,0.011568355612258462,0.8934796811253937
259,0.8679636135973312,0.0008010084476929343,25.0,0.011636215487939168,0.8996250397629209
259,0.8689155499968264,0.0008080116055040249,25.0,0.011424759237410466,0.9005405970469669
260,0.8622620479652175,0.0007927247768209243,25.0,0.011948601729171868,0.8940287713927252
260,0.8681501654425153,0.0008066943273324459,25.0,0.011333562210051308,0.899651086854714
261,0.8670221202903323,0.0008086011149754524,25.0,0.011427476290716894,0.8986646273621807
261,0.8685324183768697,0.0008004670628536216,25.0,0.011561536356263483,0.9001056304960339
262,0.8591488976445463,0.0007993537719812593,25.0,0.01221074483624694,0.8913434874956254
262,0.8767668066753281,0.0008057944194458994,25.0,0.011666781079300024,0.9085784452380957
263,0.8584240500435785,0.0007811042877013582,25.0,0.012024414664160253,0.8899760717457091
263,0.8566050639858952,0.00078648725800829,25.0,0.011576403330157822,0.8878436486616179
264,0.8653970272452743,0.0007958209187024666,25.0,0.011503160611027852,0.8967957115835614
264,0.8665278713322349,0.000798649713673243,25.0,0.012293441640967675,0.8987875553192916
265,0.8606576386287257,0.0007970911871476952,25.0,0.011511048400145094,0.8920959686791455
265,0.8628060125780327,0.0007938606178059773,25.0,0.011628130078423527,0.8942806593797825
266,0.8584709751109282,0.0007833809703764995,25.0,0.011688979856747514,0.8897444778294475
266,0.8622405969503301,0.000787464086240814,25.0,0.011593727121146879,0.893520926228828
267,0.8624304282582469,0.0008033349667029041,25.0,0.011616858108835813,0.8941306589792172
267,0.8646651908617329,0.0008030186879329483,25.0,0.011621901405979533,0.8963625585591352
268,0.860455101976792,0.0007900181096576691,25.0,0.01168649468928817,0.891892048564774
268,0.8655827126845166,0.0007975264021903664,25.0,0.011564810736066041,0.8970856840411822
269,0.8727638423442841,0.0008117599345833123,25.0,0.011384042583543945,0.9044418805451305
269,0.8647037071210367,0.0007769278318947828,25.0,0.011634158563403482,0.895761061321806
270,0.8581439671968972,0.0007900890816556596,25.0,0.011714016645176647,0.8896102096747469
270,0.863816971787148,0.0007892461822781048,25.0,0.011256592615003077,0.8948047195595724
271,0.8573222360401241,0.0007790330026990785,25.0,0.012040598722200634,0.888838658730189
271,0.8615041251673743,0.0007957545123847214,25.0,0.011892030543768433,0.8932900189387577
272,0.8588004320583962,0.0007957669188693183,25.0,0.011447172752081382,0.8901417790739624
272,0.8654314560332784,0.0007849132208422008,25.0,0.012067839452626046,0.8971221278663035
273,0.8575477297935221,0.0007969822008480723,25.0,0.012058851526860424,0.8895311334894763
273,0.8647746163661834,0.0008065410561189141,25.0,0.011861559135636694,0.8967997027492082
274,0.8637353179079515,0.0007966634900892839,25.0,0.011596025507228828,0.8952479322475416
274,0.8650057015043718,0.0007930743391895063,25.0,0.011419334605711305,0.8962518968791874
275,0.8648452635302588,0.0007915418680365999,25.0,0.011365931153435397,0.8959997381187148
275,0.8632763674206756,0.0008011246628922419,25.0,0.01187689021915301,0.8951813742104504
276,0.8624254485109338,0.0007958618549242534,25.0,0.011968392911108417,0.8942903880443838
276,0.8566801322417127,0.0007946585595803939,25.0,0.012158362782900911,0.888704961027812
277,0.8490705132070515,0.0007684128553996237,25.0,0.011904006149119663,0.8801848397900661
277,0.8580918729443241,0.0007878102712008209,25.0,0.011644394965346524,0.8894315266084892
278,0.8667989674679659,0.0007909136669426247,25.0,0.01195652263198065,0.8985283308558993
278,0.8584003306373402,0.0007768988985440552,25.0,0.012006920147406938,0.88982972468215
279,0.8604151610698965,0.0007819371323623474,25.0,0.011555640267303076,0.8915192278584948
279,0.8594308083670007,0.000804075278042378,25.0,0.0116338564085136,0.8911665470373852
280,0.8621177966533987,0.0007940862872230893,25.0,0.0114724954031839,0.8934424482975845
280,0.8667969049678909,0.0007975580063564983,25.0,0.0118074239031153,0.8985432797559986
281,0.8590149760108303,0.0007836780775034169,25.0,0.011829649674365538,0.890436576679349
281,0.8656230652359901,0.0007941478340769579,25.0,0.011636259603956542,0.89711301939355
282,0.8616703504489528,0.0007967994955227672,25.0,0.011597052287672542,0.8931873897435488
282,0.8541530386579258,0.0007875673462102121,25.0,0.011597163982514758,0.8854393856944861
283,0.8615046527098726,0.0007846471481671971,25.0,0.012000190054230322,0.8931210176950252
283,0.8625550761266991,0.0007969088855875102,25.0,0.011491620332688197,0.8939694197917426
284,0.8639224979474589,0.0007948297333213203,25.0,0.011419342147376112,0.8952125818641098
284,0.859833862149605,0.000783583868320016,25.0,0.0119383292956088,0.8913617883981378
285,0.8626538350212353,0.0008024772596568424,25.0,0.011819085474902144,0.8945348504240866
285,0.8570752099708274,0.0007852480245034072,25.0,0.011842644771267832,0.8885490556971894
286,0.865989242852838,0.0007946753453493498,25.0,0.01166622407025123,0.8975223512561233
286,0.8525596632863637,0.0007864986612697032,25.0,0.011977251665451116,0.8841993805296995
287,0.8563631222479873,0.0007894977929431156,25.0,0.01203677252568822,0.8881373399937594
287,0.8611678161002971,0.0007895038382870283,25.0,0.012285007496420466,0.8931904181976009
288,0.8627997113874665,0.000790638493796265,25.0,0.011855471429212398,0.8944211451819649
288,0.8628682216836346,0.0007908346508513743,25.0,0.01163698143769849,0.8942760684423976
289,0.8629525420428427,0.0007962354032618654,25.0,0.011533419810196696,0.8943918468775572
289,0.8630515921998907,0.0008068919211197041,25.0,0.011579693986547042,0.8948035842428604
290,0.858265423319406,0.0007841065516576809,25.0,0.01145650197631093,0.8893245882872078
290,0.8583232201635838,0.0007794193000976251,25.0,0.011446469134642501,0.8892551711587994
291,0.8540664751220632,0.0007834330889030147,25.0,0.011789241233297313,0.8854415444312272
291,0.8639721689676797,0.0008026440059775605,25.0,0.011583220221736055,0.8956214912511684
292,0.8661404929503247,0.0007982226575728015,25.0,0.011632034252721092,0.8977280944861747
292,0.8616365202579983,0.0007909626660529228,25.0,0.011808482757995365,0.8932190730169794
293,0.8580075669343825,0.0007926308914344796,25.0,0.011984597587056837,0.8898079382186687
293,0.8605706358616677,0.0008006791737980228,25.0,0.011934452478862077,0.8925220665562786
294,0.8620577248986121,0.000778395348552968,25.0,0.011603811594088458,0.8931214211991539
294,0.8541003153863735,0.0007798476983170943,25.0,0.011981310768646574,0.8855778175055568
295,0.860508134726573,0.000782206213999517,25.0,0.011946570161078987,0.8920098606635023
295,0.8622910027966488,0.0007899385865459941,25.0,0.011865389425797908,0.8939048576988193
296,0.8719665016289111,0.0007908686655153158,25.0,0.011728072523342067,0.9034662906218458
296,0.8636400586738322,0.0008016187097021222,25.0,0.011686467202638403,0.8953669959072703
297,0.8509204024255413,0.0007759640708135002,25.0,0.011543162554227177,0.8818626679118732
297,0.8575442947999194,0.0007829270403076576,25.0,0.01174919771114623,0.8888666675322585
298,0.8622801537728972,0.0007913469348918794,25.0,0.011841877981270146,0.8939057035992543
298,0.8663904390263336,0.0008078752638438244,25.0,0.011514469823817274,0.8981017895318844
299,0.8540015370686115,0.0007883993059408305,25.0,0.01163081176617714,0.8853423322871431
299,0.8615479281400148,0.0007811669882265399,25.0,0.011526779609347325,0.8926038828099848
300,0.8640060086173218,0.0007911688925692485,25.0,0.011440937757367315,0.8952261691280655
300,0.8614250917770571,0.0007835871838576292,25.0,0.0123385665647892,0.8933533372972634
301,0.8496948777252752,0.0007540205351814227,25.0,0.011471424480861452,0.8800168151668258
301,0.8534473266117016,0.0007744978562652888,25.0,0.011554111398038117,0.8843638848762865
302,0.83658386405566,0.0007239646585760358,25.0,0.012116651498125415,0.8667996341306673
302,0.8362275517564999,0.0007420070848300544,25.0,0.011593394745012217,0.8663711228491803
303,0.8265199443759874,0.000722772476520641,25.0,0.012311788566204058,0.8569010457596107
303,0.8349065088922928,0.0007425452870282928,25.0,0.01226285567795363,0.8657329959351802
304,0.8206526919270223,0.0007011302362769352,25.0,0.012615846566787079,0.8507967937488203
304,0.8361109926023329,0.0007350970566160891,25.0,0.012626545442973735,0.8671149630056518
305,0.8262762048090303,0.0007122388572100599,25.0,0.01290756417761017,0.8569897413253784
305,0.8256716048882685,0.0007196747225775936,25.0,0.012756855409876304,0.8564203294127423
306,0.8247677398195994,0.0007177304744550541,25.0,0.0123339126410294,0.8550449144482337
306,0.8255822792064235,0.0007144902850214637,25.0,0.012950531820020279,0.8563950663350747
307,0.8261063264093553,0.0007167174654436624,25.0,0.012152561114554662,0.8561768240658846
307,0.8190301265782627,0.0007123936278348698,25.0,0.012868824234236608,0.8497087918307985
308,0.8260049194304001,0.0007193572337641843,25.0,0.012407286352893085,0.8563961347448908
308,0.8257718069035792,0.0007063613068905237,25.0,0.012700034322660184,0.8561308736338626
309,0.8168513759729769,0.0007023326831121819,25.0,0.012537655274342857,0.8469473480077043
309,0.8242856932429738,0.0007078824376614278,25.0,0.01245938758010918,0.8544421385947881
310,0.8238605077767758,0.0007077909664731628,25.0,0.012224701626815642,0.8537799837132249
310,0.8172594942410604,0.0007019273942596156,25.0,0.012564161111650167,0.8473718403118037
311,0.8146302648766212,0.0006914902393934403,25.0,0.013003231944649654,0.8449207523678522
311,0.8172717649171314,0.0006969249914337098,25.0,0.012645610624829664,0.8473405018965036
312,0.8174828226929725,0.0006921928510455388,25.0,0.012864887100315327,0.8476525304223869
312,0.819746736566134,0.0006910916266604768,25.0,0.012728376391474975,0.8497524063939585
313,0.8172708359518999,0.0006899474870306537,25.0,0.012590131199731562,0.8471096558603899
313,0.8191016125073334,0.0007061304132815442,25.0,0.012890409189975426,0.8496452823246874
314,0.8157880789413188,0.0006887925498629275,25.0,0.012395069938729459,0.8454029614462863
314,0.8196916958751634,0.0007001610096935484,25.0,0.011940458572230906,0.8491361796442961
315,0.8218380411007112,0.0007017612486160775,25.0,0.01222959297061758,0.8516116644025675
315,0.8194299947995236,0.0006976282234746193,25.0,0.012785987833871852,0.8496566882172027
316,0.8180315894425328,0.0006820059534976652,25.0,0.013700694215696899,0.8487824323408598
316,0.8248834195643595,0.0007100159903384926,25.0,0.012030317338385704,0.85466413788377
317,0.8226517690797326,0.0006984137219452679,25.0,0.012921937538082894,0.8530340503737778
317,0.827772339414504,0.0007160362897036967,25.0,0.012420065334286136,0.8580933127887805
318,0.8138274264115384,0.0006927807678121161,25.0,0.013169688150054381,0.8443166325879703
318,0.8167672645274816,0.0006981136016156492,25.0,0.012932148860986871,0.8471522529461092
319,0.816031617325393,0.0006887250231790268,25.0,0.01241668729610552,0.8456664309765946
319,0.8142447313315323,0.0006908633348364792,25.0,0.012201132028047469,0.8437174450580297
320,0.8190452880451916,0.0006987957496453597,25.0,0.01288638767833643,0.8494015695316411
320,0.8158884018866074,0.0007013381037653551,25.0,0.013405414959028639,0.8468272698393595
321,0.8081430476546012,0.0006910908968802477,25.0,0.012805589938785786,0.8382259101088548
321,0.804385051647455,0.0006765302207435731,25.0,0.01335245536911295,0.8346507624996177
322,0.817616292497027,0.0007000834640496201,25.0,0.012823489491395463,0.847941870089216
322,0.814008771409614,0.0006964425806231167,25.0,0.012708907647436919,0.8441287425731676
323,0.8121732678479465,0.0006918582840304817,25.0,0.012817367455356391,0.8422870933321277
323,0.8083611509954131,0.0006826683844888139,25.0,0.013199180682936112,0.8386270385278565
324,0.8104245662689209,0.0006930812593331984,25.0,0.012870112703962565,0.8406217109248489
324,0.8015893944829496,0.0006730087813528741,25.0,0.012715392836905138,0.8311300067097706
325,0.8089918996321411,0.0006886457551999865,25.0,0.012612703149303725,0.8388207450887623
325,0.8067699885533534,0.0006738546263471173,25.0,0.012772079234013621,0.8363884341221208
326,0.8051111435229453,0.0006762255435472346,25.0,0.012941085871666085,0.8349578667595535
326,0.8105511625424269,0.0006921426147759159,25.0,0.012739131078726287,0.8405938595189233
327,0.8103015748375283,0.0006808612142314739,25.0,0.013355462689288219,0.8406785674238315
327,0.8140341556925696,0.000691703372709152,25.0,0.012536300851169793,0.8438630414477122
328,0.8057594133442049,0.0006817066405472877,25.0,0.012848762889429238,0.8356508420259793
328,0.809937542360319,0.0006776886363567539,25.0,0.012268015633575945,0.8391477745069367
329,0.8104978101908747,0.0006874713202638393,25.0,0.01287712838487833,0.8405617210523636
329,0.8033131452548311,0.000679906746365187,25.0,0.012533625085595091,0.832844437889359
330,0.8158268557547421,0.0006927551753285575,25.0,0.012831787149127203,0.8459775222779422
330,0.8157304917692312,0.0006918800308763782,25.0,0.013138056478912643,0.8461655479518151
331,0.8074359563426663,0.0006802138377175405,25.0,0.012954079243300727,0.8373953822578624
331,0.8146186899092677,0.0006911398541440652,25.0,0.012760775243351558,0.8446579616146881
332,0.8135011978017265,0.000687285246469745,25.0,0.013199078905295073,0.843882406762786
332,0.8095986035073878,0.0006782292971733257,25.0,0.013443384504517836,0.8399977187774473
333,0.8077727017997319,0.0006749581039937506,25.0,0.012936514436093097,0.8375831689625359
333,0.8069755639407706,0.0006745958242004288,25.0,0.01329230825367274,0.8371327690109094
334,0.8013875856479377,0.0006692819508702944,25.0,0.013208690386558032,0.8313283246466524
334,0.8076558908056166,0.0006728249028143333,25.0,0.012536282711350478,0.8370127958733821
335,0.8084214683493071,0.0006836185680595323,25.0,0.01292558517909284,0.8384375184705571
335,0.8065860490325417,0.0006725758664622122,25.0,0.012903995821080396,0.8363044442948788
336,0.8031646247273505,0.0006726309872182907,25.0,0.01336527736018698,0.8333456771616021
336,0.806349537939728,0.0006844644568943607,25.0,0.013137221931615376,0.8365983698026688
337,0.8040153952035838,0.0006773903301771027,25.0,0.012939565038570907,0.8338897176620316
337,0.8101081173634694,0.0006845421275066419,25.0,0.012594191291892157,0.8398158606012754
338,0.8082064474152088,0.0006842604200043834,25.0,0.01264794918065396,0.8379609069978392
338,0.8082962526873133,0.0006855457858034619,25.0,0.012734709429075,0.8381696053658017
339,0.8083015221233456,0.0006772907124200457,25.0,0.013169286715610955,0.838403077034697
339,0.8104890753573138,0.000692019987970754,25.0,0.013070302957337668,0.8408598784899326
340,0.8002859839253282,0.0006618813491286871,25.0,0.013061763752062588,0.8298947821106701
340,0.8071882794277773,0.0006727114186784054,25.0,0.012720092044343127,0.8367261591326557
341,0.8045872523864478,0.0006774648464853202,25.0,0.01300445602030233,0.8345283282271159
341,0.8075241725934845,0.000683194906506596,25.0,0.012903180621310587,0.837507226588269
342,0.8054081965538976,0.0006639075265335904,25.0,0.013263152643939262,0.8352690361113251
342,0.8024374023596078,0.0006663424290762891,25.0,0.012531848892399625,0.8316278116257031
343,0.8072309732161823,0.0006825824647049762,25.0,0.013066861877437276,0.8373623969373196
343,0.8036052487601308,0.0006683714605049729,25.0,0.012954090127192317,0.8332686227064485
344,0.8085377950728904,0.0006730854944625759,25.0,0.013039191622893577,0.8384041233508747
344,0.8015455770162182,0.0006660090013115191,25.0,0.01349708138627385,0.8316928835856722
345,0.8039047183258153,0.0006696531061724572,25.0,0.013298437927954983,0.8339444860024485
345,0.8000753252115316,0.0006671053280193019,25.0,0.01373527794388095,0.8304882364790654
346,0.809513094931772,0.0006804419883241066,25.0,0.013475749798669688,0.8399998938651889
346,0.8003506312194102,0.0006674698289457168,25.0,0.012978766923318627,0.8300161438092899
347,0.8005751145629354,0.0006721735830506413,25.0,0.013265480872944824,0.8306449360577669
347,0.8038709902873491,0.0006743727968762388,25.0,0.013126179329646584,0.8338564889673272
348,0.8037555000247911,0.000668988205808673,25.0,0.013519156647859009,0.8339993619203017
348,0.8007857590294325,0.0006599723796880971,25.0,0.01336795822383866,0.8306530249449177
349,0.8040189860737076,0.0006736483413038622,25.0,0.012906074461013113,0.8337662691469832
349,0.8112416592260981,0.0006787889214207292,25.0,0.013390535587126573,0.8416019183934148
350,0.8027138687308887,0.0006652651444233698,25.0,0.013347935354160725,0.8326934307607162
350,0.8035629690381726,0.0006693856739310018,25.0,0.012594818559154765,0.8328924280253625
351,0.8050703857842549,0.000676888525713177,25.0,0.01272512618968517,0.8347177255649214
351,0.8036142670254784,0.0006652850219194818,25.0,0.013359634828373067,0.8336060263268116
352,0.8004166170025533,0.0006603085113197025,25.0,0.013035866412534174,0.8299601960402438
352,0.8063991639685686,0.0006687930488300792,25.0,0.013480339637004683,0.836599330153256
353,0.8006517560872966,0.0006815245875515534,25.0,0.012990553585885578,0.8306804232591845
353,0.806760759469268,0.000669932845906262,25.0,0.013254741454651841,0.8367638215594699
354,0.8016762471226566,0.000664449301243821,25.0,0.012824702963843838,0.8311121825808465
354,0.8002763892982078,0.0006642985091059131,25.0,0.01311903846220008,0.8300028902416141
355,0.8086047617172258,0.0006722153777643225,25.0,0.013561885623265635,0.8389720316571947
355,0.8031617433314511,0.0006692579138621271,25.0,0.013453506500036488,0.833346696703869
356,0.801719509977116,0.0006786159296639964,25.0,0.013181233198939032,0.8318661430691462
356,0.8037113868061444,0.0006662346528871006,25.0,0.013393612438705309,0.8337608656349138
357,0.7984019195097424,0.0006673484880358355,25.0,0.01388270033450311,0.8289683318027998
357,0.8055976828168776,0.0006762629929850928,25.0,0.013011359043987189,0.8355156155711784
358,0.8012165703894635,0.0006715824773645901,25.0,0.013262798272742186,0.8312689297193743
358,0.8040522827011883,0.0006703584474176986,25.0,0.013359108056300955,0.8341703505081062
359,0.7990983655078306,0.0006499032630063819,25.0,0.013406274315425761,0.8287522213288323
359,0.8037136222556337,0.0006767825837542548,25.0,0.012943503875973662,0.8335766900356593
360,0.7997383254367264,0.0006595148504848805,25.0,0.013113338040514885,0.8293395361090917
360,0.8061270616759328,0.0006757534038010387,25.0,0.013482287991254248,0.8365031838004088
