1,1.6402428150177002,0.2443760186433792,1.8370932340621948,0.29327014088630676
2,1.5819435119628906,0.28129756450653076,1.7869744300842285,0.30849340558052063
3,1.5494608879089355,0.2974527180194855,1.78128182888031,0.30990514159202576
4,1.444010615348816,0.3600285053253174,1.746875524520874,0.3578152060508728
5,1.4210056066513062,0.4195304214954376,1.7881348133087158,0.37643370032310486
6,1.4107424020767212,0.4159436523914337,1.7898685932159424,0.37538716197013855
7,0.46497514843940735,0.49072813987731934,0.6864398121833801,0.6138055324554443
8,0.4295268654823303,0.5133516788482666,0.5602264404296875,0.606512725353241
9,0.4380020201206207,0.5079576373100281,0.5221588611602783,0.5856846570968628
10,0.4581283926963806,0.5362522006034851,0.5223952531814575,0.5990886092185974
11,0.3589046001434326,0.46998894214630127,0.48513108491897583,0.5985701680183411
12,0.3703606426715851,0.47145262360572815,0.486349880695343,0.6026065349578857
13,0.39273378252983093,0.4751950800418854,0.5047092437744141,0.5923150777816772
14,0.36501339077949524,0.46704620122909546,0.4748283922672272,0.5830886363983154
15,0.3631993234157562,0.5090363025665283,0.47656872868537903,0.6348541378974915
16,0.36955884099006653,0.5011117458343506,0.48282328248023987,0.6293174028396606
17,0.347377210855484,0.5294391512870789,0.44838765263557434,0.6299221515655518
18,0.35569334030151367,0.48989224433898926,0.4524216055870056,0.5883618593215942
19,0.35559430718421936,0.4971897006034851,0.45296695828437805,0.6006940007209778
20,0.3843953311443329,0.51859050989151,0.48443230986595154,0.6281067728996277
21,0.404538631439209,0.50730961561203,0.4971735179424286,0.6017454862594604
22,0.33176764845848083,0.543304443359375,0.4271599054336548,0.6538768410682678
23,0.366695761680603,0.5456927418708801,0.46211981773376465,0.6537993550300598
24,0.3753246068954468,0.519836962223053,0.4706377387046814,0.6322440505027771
25,0.3536566197872162,0.5433829426765442,0.44282442331314087,0.6437132954597473
26,0.34207847714424133,0.5279677510261536,0.42827126383781433,0.6227685213088989
27,0.3662416636943817,0.6237236261367798,0.4563598930835724,0.722649335861206
28,0.3711800277233124,0.5380822420120239,0.4578317105770111,0.6345980167388916
29,0.3868183195590973,0.5388181805610657,0.4673580825328827,0.6325262784957886
30,0.3435851037502289,0.5617125034332275,0.41883009672164917,0.6360333561897278
31,0.3786846399307251,0.5441556572914124,0.45256343483924866,0.6230403780937195
32,0.4032580852508545,0.6233478784561157,0.48131462931632996,0.7106872797012329
33,0.3668642044067383,0.5394008755683899,0.4389404356479645,0.6168833374977112
34,0.3692335784435272,0.5840438008308411,0.4393262267112732,0.6469799876213074
35,0.3774140179157257,0.5531137585639954,0.4488164186477661,0.6176707148551941
36,0.34414905309677124,0.6150543093681335,0.4216465353965759,0.6926864981651306
37,0.37858957052230835,0.530492901802063,0.44162046909332275,0.5951289534568787
38,0.3860730230808258,0.6137258410453796,0.4569995105266571,0.686836302280426
39,0.35916563868522644,0.60505610704422,0.4251842498779297,0.6688158512115479
40,0.39831000566482544,0.5828027725219727,0.4582616984844208,0.6411612033843994
41,0.4052775204181671,0.5806183815002441,0.4676096439361572,0.6289028525352478
42,0.36467787623405457,0.6135533452033997,0.42421361804008484,0.6592336297035217
43,0.3792557418346405,0.5836247801780701,0.44130992889404297,0.6443864703178406
44,0.3589097261428833,0.5971824526786804,0.41769468784332275,0.6476028561592102
45,0.3450058400630951,0.6157471537590027,0.4053193926811218,0.65813148021698
46,0.37453389167785645,0.6252862215042114,0.4325719475746155,0.6675541400909424
47,0.41115617752075195,0.6369653940200806,0.46975934505462646,0.6739164590835571
48,0.35666874051094055,0.634053111076355,0.4138200581073761,0.6734365224838257
49,0.3885330557823181,0.6380751729011536,0.44461584091186523,0.6770460605621338
50,0.3514886498451233,0.6079103350639343,0.4039674401283264,0.6362265944480896
51,0.36555445194244385,0.6059713959693909,0.42577308416366577,0.6478210091590881
52,0.3687470555305481,0.6574095487594604,0.4242016673088074,0.6863358020782471
53,0.36251819133758545,0.6354813575744629,0.41235777735710144,0.6555761098861694
54,0.3804420232772827,0.63535076379776,0.43398529291152954,0.6561416387557983
55,0.3660913109779358,0.652462899684906,0.41816189885139465,0.6948887705802917
56,0.3861069977283478,0.6567412614822388,0.4327339231967926,0.6638786792755127
57,0.36539533734321594,0.6670547127723694,0.4130203425884247,0.6906776428222656
58,0.35392776131629944,0.6832035183906555,0.4110208749771118,0.7280372381210327
59,0.37190115451812744,0.6595823168754578,0.41752615571022034,0.6741230487823486
60,0.37106961011886597,0.6491641998291016,0.4234236478805542,0.6896922588348389
61,0.3701329529285431,0.6826823949813843,0.42297542095184326,0.7024355530738831
62,0.35720402002334595,0.6660258173942566,0.3991415798664093,0.6683252453804016
63,0.39805808663368225,0.6655603051185608,0.44157227873802185,0.6827326416969299
64,0.36822018027305603,0.6463990211486816,0.41281095147132874,0.6728116869926453
65,0.354195773601532,0.6937235593795776,0.3981059789657593,0.7100214958190918
66,0.3598742187023163,0.7097563743591309,0.40733855962753296,0.7277453541755676
67,0.3372834026813507,0.6571763157844543,0.3759174644947052,0.6624001264572144
68,0.3962227404117584,0.6521915793418884,0.43945741653442383,0.6557433009147644
69,0.38407549262046814,0.6420159339904785,0.425054132938385,0.6483665108680725
70,0.39438396692276,0.6667094826698303,0.4351610243320465,0.6776008009910583
71,0.39377593994140625,0.6528111696243286,0.43218231201171875,0.6618297100067139
72,0.38128647208213806,0.6944406628608704,0.42367276549339294,0.7051069736480713
73,0.3919275403022766,0.6577590703964233,0.42485949397087097,0.6508705615997314
74,0.3568611145019531,0.6817637085914612,0.3944746255874634,0.6953395009040833
75,0.3412434160709381,0.6531225442886353,0.3792947828769684,0.662003755569458
76,0.38127097487449646,0.6852301359176636,0.4241587817668915,0.7048181295394897
77,0.3888814151287079,0.6737622022628784,0.4200090169906616,0.6528758406639099
78,0.3723885118961334,0.7018271684646606,0.4083184003829956,0.7031079530715942
79,0.35867077112197876,0.7171362042427063,0.3929698169231415,0.7139627933502197
80,0.37335437536239624,0.7012011408805847,0.40585723519325256,0.6906312704086304
81,0.35586729645729065,0.7287301421165466,0.3872026205062866,0.715594470500946
82,0.39395463466644287,0.6792581677436829,0.42668652534484863,0.6588257551193237
83,0.37642163038253784,0.730854868888855,0.41669875383377075,0.7326363325119019
84,0.38297975063323975,0.7348530292510986,0.42069733142852783,0.7367258071899414
85,0.37689822912216187,0.7278111577033997,0.4132755398750305,0.7244799137115479
86,0.37687456607818604,0.7389766573905945,0.407633513212204,0.7273380160331726
87,0.38482189178466797,0.644782543182373,0.41635894775390625,0.6486334800720215
88,0.345732718706131,0.7171820998191833,0.38155558705329895,0.7225846648216248
89,0.35931921005249023,0.7425110936164856,0.38706523180007935,0.7288426160812378
90,0.3850347697734833,0.7255208492279053,0.41412419080734253,0.7191078662872314
91,0.38266509771347046,0.7854553461074829,0.42264607548713684,0.8018805980682373
92,0.3812186121940613,0.6840218901634216,0.4161590039730072,0.696918785572052
93,0.3730805814266205,0.7301486134529114,0.40932148694992065,0.7342204451560974
94,0.396944522857666,0.7360426187515259,0.4281703233718872,0.7222709655761719
95,0.3711349368095398,0.7301310896873474,0.394527792930603,0.6935091614723206
96,0.3594758212566376,0.7290242910385132,0.38762909173965454,0.7145194411277771
97,0.34799709916114807,0.7742747068405151,0.37368282675743103,0.75008624792099
98,0.352532297372818,0.7089223265647888,0.37943634390830994,0.6964326500892639
99,0.36212408542633057,0.7563791275024414,0.38826799392700195,0.7285159230232239
100,0.36769431829452515,0.7102497816085815,0.394790381193161,0.7049708366394043
101,0.38127127289772034,0.7384974360466003,0.4069790244102478,0.7160788178443909
102,0.35989853739738464,0.7442552447319031,0.3826448619365692,0.7196621298789978
103,0.3536401093006134,0.7117471694946289,0.37507179379463196,0.6929852366447449
104,0.37909603118896484,0.7231396436691284,0.4008309543132782,0.6930094957351685
105,0.37040209770202637,0.7375317811965942,0.3825950622558594,0.69171541929245
106,0.4055405259132385,0.78608238697052,0.43410080671310425,0.7783163189888
107,0.3784565329551697,0.7358390688896179,0.40127822756767273,0.7203394770622253
108,0.37086525559425354,0.7347856163978577,0.3883058428764343,0.698458731174469
109,0.3780030608177185,0.7550687193870544,0.3877444267272949,0.7096672654151917
110,0.35633108019828796,0.7882980108261108,0.3723403513431549,0.7512708306312561
111,0.39248499274253845,0.796537458896637,0.4147656261920929,0.7553964853286743
112,0.37018418312072754,0.8139740824699402,0.3811659812927246,0.7526612877845764
113,0.3748769462108612,0.7851894497871399,0.3851553499698639,0.7291305065155029
114,0.3872644305229187,0.876291811466217,0.39867234230041504,0.8127333521842957
115,0.38058361411094666,0.731589138507843,0.3932827115058899,0.6798058152198792
116,0.38358980417251587,0.7770313620567322,0.3936634659767151,0.7263008952140808
117,0.37288329005241394,0.8170434832572937,0.3884478509426117,0.7741712331771851
118,0.36775511503219604,0.807567298412323,0.38201090693473816,0.7585999965667725
119,0.38957783579826355,0.8057023286819458,0.40008461475372314,0.7467458248138428
120,0.35631263256073,0.7892520427703857,0.36966371536254883,0.7337363362312317
121,0.3681275546550751,0.7882139086723328,0.381033331155777,0.7359388470649719
122,0.3757563829421997,0.8095621466636658,0.3891296982765198,0.7720637321472168
123,0.3750690519809723,0.8139374852180481,0.3905561864376068,0.7618836760520935
124,0.36225390434265137,0.8063586950302124,0.37278175354003906,0.7615814805030823
125,0.3984357714653015,0.7797703146934509,0.4063524305820465,0.7201201319694519
126,0.36063259840011597,0.8102267980575562,0.3625278174877167,0.7416151762008667
127,0.38751253485679626,0.7890572547912598,0.3961275815963745,0.7332488298416138
128,0.3658970296382904,0.7906016707420349,0.374233216047287,0.7431197762489319
129,0.37876588106155396,0.7996340990066528,0.3901975154876709,0.7375885248184204
130,0.3684016764163971,0.8162556290626526,0.3756831884384155,0.7538714408874512
131,0.374785840511322,0.8078051209449768,0.38493677973747253,0.7609205842018127
132,0.3898324966430664,0.8179407715797424,0.3925153613090515,0.7509890198707581
133,0.37849387526512146,0.7807552218437195,0.38325828313827515,0.7157827615737915
134,0.4083484411239624,0.8086107969284058,0.41456547379493713,0.7420534491539001
135,0.3677319586277008,0.767255425453186,0.3689993917942047,0.6946764588356018
136,0.3852330148220062,0.8258199691772461,0.38703206181526184,0.7476067543029785
137,0.37596797943115234,0.788785994052887,0.3834511637687683,0.7481078505516052
138,0.3651185929775238,0.7619413137435913,0.3763979971408844,0.7150903344154358
139,0.3713940680027008,0.8299353122711182,0.3691886365413666,0.7445073127746582
140,0.36029183864593506,0.7822447419166565,0.36571204662323,0.7253883481025696
141,0.3768060803413391,0.8452704548835754,0.3750781714916229,0.7622451186180115
142,0.37049317359924316,0.7979681491851807,0.3708934485912323,0.724987804889679
143,0.3810010254383087,0.8192116022109985,0.3842063546180725,0.7551245093345642
144,0.38562557101249695,0.8253722786903381,0.38977673649787903,0.7630494832992554
145,0.3674991726875305,0.7825384736061096,0.3715816140174866,0.7225860953330994
146,0.37615588307380676,0.8434626460075378,0.3826702833175659,0.7719940543174744
147,0.3775034546852112,0.8055423498153687,0.3780764639377594,0.7358357906341553
148,0.3661358654499054,0.8068466782569885,0.3774389624595642,0.7710248827934265
149,0.37362486124038696,0.8749344348907471,0.3815018832683563,0.8223537802696228
150,0.3816687762737274,0.8506124019622803,0.3873898983001709,0.785123884677887
151,0.38319340348243713,0.8427537679672241,0.3782932460308075,0.759598433971405
152,0.35331591963768005,0.8452378511428833,0.34170159697532654,0.7521815299987793
153,0.35042518377304077,0.8431634306907654,0.3330441117286682,0.741005539894104
154,0.3496420383453369,0.8561211228370667,0.33251169323921204,0.7465577125549316
155,0.35179561376571655,0.8943235278129578,0.326779305934906,0.7692426443099976
156,0.3599373400211334,0.8885847330093384,0.3356662690639496,0.768439769744873
157,0.3617425858974457,0.8956201672554016,0.33386415243148804,0.7713451981544495
158,0.3644527494907379,0.9141936898231506,0.3356937766075134,0.7860798835754395
159,0.3622657060623169,0.9404906630516052,0.326558917760849,0.7977412343025208
160,0.37005820870399475,0.9273690581321716,0.3364756107330322,0.7923051118850708
161,0.36190304160118103,0.9418197274208069,0.3237406611442566,0.7987242937088013
162,0.3656580448150635,0.965589702129364,0.3282965123653412,0.8278509378433228
163,0.3629266619682312,0.9636645317077637,0.32174915075302124,0.8120969533920288
164,0.3673873841762543,0.9967979192733765,0.3224281072616577,0.8358648419380188
165,0.3612721562385559,0.9623096585273743,0.3186025619506836,0.8060976266860962
166,0.3657990097999573,0.9749683141708374,0.32215723395347595,0.8125234246253967
167,0.36600175499916077,0.9893518090248108,0.31906524300575256,0.8256216049194336
168,0.36504265666007996,0.9961768984794617,0.31610748171806335,0.8237245678901672
169,0.3689892590045929,1.007096529006958,0.31562259793281555,0.8264794945716858
170,0.3711498975753784,0.9855716824531555,0.32577601075172424,0.8239675164222717
171,0.3708353638648987,1.0187406539916992,0.3210076093673706,0.8483659625053406
172,0.3722713589668274,0.9932854771614075,0.32157036662101746,0.8197150826454163
173,0.373384952545166,0.9666993021965027,0.32657191157341003,0.7992082238197327
174,0.37481361627578735,0.9807126522064209,0.325102299451828,0.8063538670539856
175,0.37460505962371826,1.028662919998169,0.318627268075943,0.8353674411773682
176,0.3820808529853821,1.0263327360153198,0.3273138403892517,0.8433874845504761
177,0.3828066885471344,1.0169962644577026,0.32690632343292236,0.8331226706504822
178,0.3952283561229706,1.0323611497879028,0.3380611538887024,0.8441415429115295
179,0.385245680809021,1.016358733177185,0.32735756039619446,0.8216471672058105
180,0.38864052295684814,1.0313163995742798,0.33160400390625,0.8466904163360596
181,0.38337844610214233,1.0188541412353516,0.3290097713470459,0.8429163694381714
182,0.3872355818748474,1.0531584024429321,0.3245362937450409,0.8551751971244812
183,0.3896939754486084,1.0659164190292358,0.3248589038848877,0.8628101348876953
184,0.3846356272697449,1.0381851196289062,0.32171159982681274,0.833685576915741
185,0.39354997873306274,1.0789928436279297,0.32935571670532227,0.8731542825698853
186,0.3865628242492676,1.030861496925354,0.3253822922706604,0.8311377167701721
187,0.39531707763671875,1.0366307497024536,0.33447888493537903,0.8445395231246948
188,0.3926612436771393,1.069702386856079,0.32959306240081787,0.8737015128135681
189,0.38953250646591187,1.0337837934494019,0.32793161273002625,0.8393022418022156
190,0.39606958627700806,1.0618840456008911,0.33064717054367065,0.8534297943115234
191,0.39749136567115784,1.0600887537002563,0.3327627182006836,0.8561230301856995
192,0.39943405985832214,1.066489338874817,0.3306179344654083,0.8528918623924255
193,0.39646652340888977,1.0748993158340454,0.3292975127696991,0.869838535785675
194,0.4016742408275604,1.084875226020813,0.33359476923942566,0.8757979869842529
195,0.40074577927589417,1.0707677602767944,0.333960622549057,0.8633298873901367
196,0.40530136227607727,1.0736734867095947,0.33273977041244507,0.8586437106132507
197,0.39569318294525146,1.0971451997756958,0.3206595480442047,0.8814522624015808
198,0.4054449796676636,1.0806478261947632,0.3363269567489624,0.8679690361022949
199,0.40275031328201294,1.073789358139038,0.3310682475566864,0.858445942401886
200,0.40121346712112427,1.0723789930343628,0.3292565643787384,0.858134925365448
201,0.4001830816268921,1.0573861598968506,0.32898858189582825,0.8449615240097046
202,0.4045087993144989,1.073302149772644,0.33405813574790955,0.8637276887893677
203,0.4049314856529236,1.1193100214004517,0.33441510796546936,0.9066874384880066
204,0.40229374170303345,1.086706280708313,0.33271872997283936,0.8803343176841736
205,0.4089258313179016,1.109336018562317,0.3342403173446655,0.8861233592033386
206,0.4054543673992157,1.1079567670822144,0.3281618058681488,0.8789049983024597
207,0.41020143032073975,1.1539263725280762,0.32653507590293884,0.9059872627258301
208,0.4043026566505432,1.0838234424591064,0.33188506960868835,0.8632113337516785
209,0.406302809715271,1.2084081172943115,0.3327082693576813,0.9735084176063538
210,0.4122407138347626,1.0904490947723389,0.338055819272995,0.8669624328613281
211,0.3917015492916107,1.045341968536377,0.32792234420776367,0.8407262563705444
212,0.4073636829853058,1.0934680700302124,0.33233100175857544,0.8743895292282104
213,0.4089670479297638,1.1027941703796387,0.3297806680202484,0.8740065693855286
214,0.3979101777076721,1.1471859216690063,0.31979501247406006,0.9045644402503967
215,0.40519431233406067,1.1172963380813599,0.32737088203430176,0.8857070207595825
216,0.41622471809387207,1.0870317220687866,0.34625044465065,0.8630644083023071
217,0.41234225034713745,1.0673902034759521,0.34407299757003784,0.8579490780830383
218,0.41438916325569153,1.1047865152359009,0.3392521142959595,0.8830901384353638
219,0.4125053584575653,1.1287931203842163,0.3375273644924164,0.9055736064910889
220,0.4172275960445404,1.1014845371246338,0.3433961272239685,0.8831225633621216
221,0.41009554266929626,1.0830432176589966,0.33547648787498474,0.8646823763847351
222,0.41309064626693726,1.0863583087921143,0.33890894055366516,0.8644492626190186
223,0.4132470190525055,1.1360175609588623,0.33440452814102173,0.9057693481445312
224,0.411626935005188,1.0817828178405762,0.34144261479377747,0.8704560995101929
225,0.4248057007789612,1.1686086654663086,0.34077510237693787,0.9219731092453003
226,0.4164116084575653,1.1262191534042358,0.3353120684623718,0.8979494571685791
227,0.42213210463523865,1.1648038625717163,0.33635252714157104,0.9207683801651001
228,0.4164087474346161,1.1095739603042603,0.33930954337120056,0.8877273797988892
229,0.42111900448799133,1.1328493356704712,0.33960938453674316,0.8982163071632385
230,0.4238264858722687,1.1119024753570557,0.3457726836204529,0.8844402432441711
231,0.42178356647491455,1.1114927530288696,0.3418842554092407,0.8823347687721252
232,0.42448848485946655,1.115966558456421,0.3419407308101654,0.8821113705635071
233,0.4264005124568939,1.141185998916626,0.3398304581642151,0.8883721828460693
234,0.4044075906276703,1.068394660949707,0.32668113708496094,0.8441283702850342
235,0.42492109537124634,1.1385835409164429,0.3376334607601166,0.8936988115310669
236,0.4322603642940521,1.163746953010559,0.3445541262626648,0.9190386533737183
237,0.42556706070899963,1.2021489143371582,0.3297833502292633,0.9357579350471497
238,0.427595317363739,1.1469322443008423,0.3412399888038635,0.9025503993034363
239,0.43051066994667053,1.1477872133255005,0.34491509199142456,0.9044460654258728
240,0.42506739497184753,1.1327084302902222,0.3367820084095001,0.8851977586746216
241,0.42906272411346436,1.1484078168869019,0.33878588676452637,0.8950255513191223
242,0.43171611428260803,1.1617419719696045,0.34483954310417175,0.9203667044639587
243,0.4372828006744385,1.148518681526184,0.3516297936439514,0.9051356911659241
244,0.4273340106010437,1.1420091390609741,0.3421104848384857,0.9052180647850037
245,0.4358815848827362,1.18706214427948,0.3480199873447418,0.9385099411010742
246,0.42570486664772034,1.1628351211547852,0.3365159034729004,0.9170370101928711
247,0.4293343126773834,1.107448935508728,0.3451770842075348,0.870531439781189
248,0.4316917061805725,1.116814374923706,0.35098060965538025,0.8868923783302307
249,0.42854711413383484,1.1514339447021484,0.33769363164901733,0.9000085592269897
250,0.41929906606674194,1.1167759895324707,0.3383125364780426,0.8993752598762512
251,0.42439907789230347,1.1293754577636719,0.33592095971107483,0.8902648687362671
252,0.4299623668193817,1.1796497106552124,0.33852121233940125,0.9341793060302734
253,0.43821561336517334,1.1417815685272217,0.3533951938152313,0.9117646217346191
254,0.4393692910671234,1.1702046394348145,0.3460489809513092,0.9176449775695801
255,0.4324295222759247,1.1600782871246338,0.34413784742355347,0.920347273349762
256,0.432607501745224,1.138429880142212,0.3459694981575012,0.8985069394111633
257,0.42886513471603394,1.132071614265442,0.33774223923683167,0.8831810355186462
258,0.4321904182434082,1.16243577003479,0.34019550681114197,0.9080946445465088
259,0.42969056963920593,1.1609184741973877,0.33820727467536926,0.9049616456031799
260,0.4280792772769928,1.1411452293395996,0.3388383686542511,0.8933429718017578
261,0.4270085096359253,1.1563266515731812,0.3421514630317688,0.920246422290802
262,0.43189674615859985,1.1536612510681152,0.33773109316825867,0.89519202709198
263,0.4328785836696625,1.1968742609024048,0.33861738443374634,0.9368675351142883
264,0.43663156032562256,1.184168815612793,0.3418631851673126,0.9242482781410217
265,0.43316367268562317,1.1832325458526611,0.33750951290130615,0.9244474172592163
266,0.44371601939201355,1.210067868232727,0.3464648127555847,0.9437848329544067
267,0.44027280807495117,1.192836880683899,0.34333890676498413,0.9332876205444336
268,0.43704870343208313,1.181964635848999,0.34303611516952515,0.9299198985099792
269,0.4290531873703003,1.196907877922058,0.32925114035606384,0.9286859631538391
270,0.43823015689849854,1.1766464710235596,0.3441827893257141,0.91996830701828
271,0.4368826448917389,1.2100633382797241,0.33591514825820923,0.944581151008606
272,0.43613195419311523,1.1436975002288818,0.3476630449295044,0.9087860584259033
273,0.439877450466156,1.1822137832641602,0.343011736869812,0.9266571998596191
274,0.44131380319595337,1.1677439212799072,0.35015878081321716,0.9182523488998413
275,0.42963024973869324,1.1559028625488281,0.33739662170410156,0.912586510181427
276,0.44576743245124817,1.1909772157669067,0.34709760546684265,0.9278701543807983
277,0.4406002163887024,1.1711822748184204,0.34651318192481995,0.9142587184906006
278,0.43324407935142517,1.1281527280807495,0.34352004528045654,0.8821143507957458
279,0.441927045583725,1.1954032182693481,0.34600216150283813,0.9433069825172424
280,0.4447239339351654,1.1995713710784912,0.3458869755268097,0.9420956373214722
281,0.4438632130622864,1.220049262046814,0.3420562744140625,0.9561633467674255
282,0.43785610795021057,1.1591739654541016,0.34348613023757935,0.9062232971191406
283,0.43166816234588623,1.161415457725525,0.34447818994522095,0.9249125123023987
284,0.4435287117958069,1.1943392753601074,0.34262391924858093,0.9254981279373169
285,0.44719672203063965,1.1984336376190186,0.35230040550231934,0.9488527178764343
286,0.43715569376945496,1.195071816444397,0.336645245552063,0.9287199378013611
287,0.4455096423625946,1.20121169090271,0.3479152023792267,0.9439055919647217
288,0.43964365124702454,1.1822749376296997,0.3408380150794983,0.9244419932365417
289,0.437922865152359,1.1676018238067627,0.34470415115356445,0.9240146279335022
290,0.4467010796070099,1.2511109113693237,0.33862993121147156,0.9720083475112915
291,0.4429875612258911,1.222494125366211,0.33719444274902344,0.9426916837692261
292,0.4432581663131714,1.1598643064498901,0.3506808578968048,0.9137652516365051
293,0.45510244369506836,1.220873475074768,0.35242775082588196,0.9530806541442871
294,0.4487816393375397,1.2041267156600952,0.35008347034454346,0.9459161758422852
295,0.449760764837265,1.2269682884216309,0.3510611057281494,0.9678035378456116
296,0.4440605342388153,1.194127082824707,0.34638479351997375,0.9391443133354187
297,0.44927555322647095,1.1933923959732056,0.35275471210479736,0.9429207444190979
298,0.45251232385635376,1.2185695171356201,0.3526884615421295,0.9540397524833679
299,0.4556520879268646,1.2112572193145752,0.35617002844810486,0.9490542411804199
300,0.455091655254364,1.2065539360046387,0.3559550642967224,0.9491333365440369
301,0.4412361681461334,1.1749470233917236,0.34648996591567993,0.9325070977210999
302,0.4478456974029541,1.2169806957244873,0.3469828963279724,0.9574733972549438
303,0.44529664516448975,1.2139558792114258,0.3444676995277405,0.9549663066864014
304,0.4441830515861511,1.187701940536499,0.34505748748779297,0.9306321144104004
305,0.44777247309684753,1.2163721323013306,0.34459301829338074,0.9503011703491211
306,0.4479859173297882,1.190588355064392,0.3478962779045105,0.9314466118812561
307,0.44867613911628723,1.2000195980072021,0.34947967529296875,0.9463410973548889
308,0.4480555057525635,1.1874178647994995,0.3490227162837982,0.9325035214424133
309,0.4478020668029785,1.2284555435180664,0.3431321382522583,0.9594951868057251
310,0.45030421018600464,1.224884033203125,0.34550029039382935,0.9535857439041138
311,0.4483747184276581,1.1791127920150757,0.34978070855140686,0.926209032535553
312,0.44614049792289734,1.2165783643722534,0.3416490852832794,0.9489476084709167
313,0.45394423604011536,1.2368367910385132,0.3465607464313507,0.9618573784828186
314,0.4511459171772003,1.22297203540802,0.3463553488254547,0.9521384239196777
315,0.44892361760139465,1.2335611581802368,0.3428458273410797,0.9614441990852356
316,0.44856521487236023,1.2278494834899902,0.3435573875904083,0.9615194797515869
317,0.4527095556259155,1.2360506057739258,0.34643077850341797,0.9657498002052307
318,0.4474544823169708,1.1920692920684814,0.3447883129119873,0.9262567758560181
319,0.4532099962234497,1.2324674129486084,0.3463762700557709,0.9610371589660645
320,0.45685815811157227,1.2202274799346924,0.352815181016922,0.953761875629425
321,0.45366451144218445,1.235155701637268,0.3472619950771332,0.9619303941726685
322,0.4530971944332123,1.2312586307525635,0.3474154770374298,0.9642292261123657
323,0.45517706871032715,1.2362631559371948,0.3507542908191681,0.9718871116638184
324,0.44880029559135437,1.2090736627578735,0.3467291593551636,0.9455298781394958
325,0.45730939507484436,1.2848272323608398,0.34549665451049805,1.001541018486023
326,0.4462132751941681,1.1950552463531494,0.346857488155365,0.936326265335083
327,0.45943689346313477,1.2885380983352661,0.3469730317592621,1.000497579574585
328,0.4471823275089264,1.218013048171997,0.34067416191101074,0.9416292309761047
329,0.4548274576663971,1.2449311017990112,0.34602367877960205,0.9674928188323975
330,0.4561782479286194,1.2412266731262207,0.34831181168556213,0.9637235403060913
331,0.45744746923446655,1.275949239730835,0.3451385200023651,0.9908592700958252
332,0.448491632938385,1.2136054039001465,0.34176522493362427,0.9381757378578186
333,0.45153576135635376,1.2035789489746094,0.3521026074886322,0.9474201798439026
334,0.4566098749637604,1.2164065837860107,0.3525383770465851,0.9494072794914246
335,0.45545703172683716,1.2342630624771118,0.3486098349094391,0.9608162045478821
336,0.4556152820587158,1.243262529373169,0.3494682312011719,0.9729163646697998
337,0.4577902853488922,1.2713046073913574,0.348037987947464,0.9940177798271179
338,0.45528364181518555,1.2221466302871704,0.3499852120876312,0.956559956073761
339,0.4548599123954773,1.2304569482803345,0.3465542197227478,0.9542992115020752
340,0.45407137274742126,1.2429835796356201,0.34595736861228943,0.9674860239028931
341,0.45732706785202026,1.23517644405365,0.35004061460494995,0.9627167582511902
342,0.45642051100730896,1.2441271543502808,0.34723326563835144,0.9681775569915771
343,0.4598904252052307,1.2623114585876465,0.349702924489975,0.9853624105453491
344,0.45500448346138,1.2074133157730103,0.3509880602359772,0.9433501958847046
345,0.4610665440559387,1.2318180799484253,0.35347723960876465,0.9597756862640381
346,0.4525364637374878,1.2438440322875977,0.3427078425884247,0.9624757170677185
347,0.4598703682422638,1.2587233781814575,0.35063233971595764,0.982186496257782
348,0.46299269795417786,1.2582414150238037,0.3521079123020172,0.9743567705154419
349,0.45931416749954224,1.2307039499282837,0.35520827770233154,0.9644405841827393
350,0.45626160502433777,1.2248735427856445,0.35171887278556824,0.9579634070396423
351,0.4571937322616577,1.2400927543640137,0.3492830693721771,0.9624046683311462
352,0.46016794443130493,1.2717031240463257,0.3459566831588745,0.9817448854446411
353,0.4555603861808777,1.222520351409912,0.3499716520309448,0.9521926045417786
354,0.4596235752105713,1.2587826251983643,0.3483772277832031,0.9750842452049255
355,0.4565596878528595,1.2239097356796265,0.350350022315979,0.9518306255340576
356,0.4520285129547119,1.2313487529754639,0.347019225358963,0.961001992225647
357,0.45367947220802307,1.2157630920410156,0.3477882444858551,0.938254714012146
358,0.45735615491867065,1.2324055433273315,0.3516973853111267,0.9607634544372559
359,0.45957717299461365,1.2915502786636353,0.34370121359825134,0.9949396252632141
360,0.4580363929271698,1.2563257217407227,0.3471091687679291,0.9767261743545532
