1,1.33500337600708,0.3353576064109802,1.5149831771850586,0.4137669503688812
2,1.286385178565979,0.347026526927948,1.4752565622329712,0.4025290012359619
3,1.2723249197006226,0.3566995859146118,1.5020804405212402,0.39061641693115234
4,1.1622787714004517,0.4036797881126404,1.4813772439956665,0.42761796712875366
5,1.0733097791671753,0.4501747488975525,1.4948430061340332,0.4529624283313751
6,1.0736180543899536,0.4503156840801239,1.494802713394165,0.4529828727245331
7,0.3958430886268616,0.39752739667892456,0.611257791519165,0.5762726664543152
8,0.33770325779914856,0.37938156723976135,0.5314368009567261,0.6001559495925903
9,0.3219134509563446,0.36310088634490967,0.49916067719459534,0.5923607349395752
10,0.3255736529827118,0.3585699796676636,0.49300330877304077,0.5827770233154297
11,0.3200031518936157,0.3649698793888092,0.482292503118515,0.5857064723968506
12,0.3341822624206543,0.34761154651641846,0.4866155982017517,0.5685762166976929
13,0.3378511667251587,0.3699341118335724,0.48177361488342285,0.5874895453453064
14,0.3252248466014862,0.38920482993125916,0.4732242822647095,0.6259101033210754
15,0.32267487049102783,0.37507420778274536,0.46681180596351624,0.5935356616973877
16,0.27382123470306396,0.37552937865257263,0.4135711193084717,0.6214498281478882
17,0.3398955166339874,0.36971351504325867,0.4754214286804199,0.5939223170280457
18,0.31013405323028564,0.39555561542510986,0.4507957398891449,0.6356712579727173
19,0.3446817994117737,0.35945966839790344,0.46865037083625793,0.5775073170661926
20,0.3191748261451721,0.3793129324913025,0.4491068422794342,0.622687041759491
21,0.34598955512046814,0.38062211871147156,0.4593409299850464,0.5915247797966003
22,0.3443334698677063,0.37579217553138733,0.4660041034221649,0.5946760177612305
23,0.33570393919944763,0.3813570439815521,0.4612475335597992,0.6156057119369507
24,0.30402523279190063,0.4082008898258209,0.4308903217315674,0.6591085195541382
25,0.32564201951026917,0.3908630609512329,0.4457766115665436,0.6165769100189209
26,0.33094242215156555,0.381105899810791,0.4480680525302887,0.6172659397125244
27,0.33572351932525635,0.3792761564254761,0.4586494565010071,0.6210931539535522
28,0.3214632570743561,0.41896575689315796,0.44262897968292236,0.6697277426719666
29,0.2941646873950958,0.3878396451473236,0.41248100996017456,0.6310179829597473
30,0.26155364513397217,0.4129061698913574,0.3798612952232361,0.6537058353424072
31,0.29681625962257385,0.4004468023777008,0.4192848801612854,0.6530511379241943
32,0.30109596252441406,0.3996538817882538,0.4108434021472931,0.6243798732757568
33,0.3429391086101532,0.4071369171142578,0.46089816093444824,0.6481586694717407
34,0.31515371799468994,0.4322422444820404,0.4312449097633362,0.6753869652748108
35,0.3185372054576874,0.42332637310028076,0.44414761662483215,0.6646751165390015
36,0.3072831332683563,0.41315770149230957,0.4289903938770294,0.6531780362129211
37,0.3259163200855255,0.4459504783153534,0.4461778998374939,0.7091439962387085
38,0.2942405939102173,0.43319952487945557,0.41287338733673096,0.6856613755226135
39,0.30494576692581177,0.41880372166633606,0.4134901165962219,0.6429873704910278
40,0.30369165539741516,0.4305350184440613,0.41489291191101074,0.660158097743988
41,0.29037800431251526,0.43144094944000244,0.4002179801464081,0.6591756343841553
42,0.33246490359306335,0.4594411253929138,0.4465343952178955,0.6865187883377075
43,0.3664163649082184,0.4283451735973358,0.47038301825523376,0.637958824634552
44,0.30584728717803955,0.4204549789428711,0.4141908288002014,0.6593800187110901
45,0.29233428835868835,0.4467306137084961,0.4081362783908844,0.6873428821563721
46,0.2976435124874115,0.43812695145606995,0.41013652086257935,0.6756011247634888
47,0.3036741316318512,0.43248221278190613,0.41277649998664856,0.668334424495697
48,0.28099772334098816,0.41679587960243225,0.3894427716732025,0.6534963250160217
49,0.29985305666923523,0.4231853485107422,0.4121983051300049,0.6597192883491516
50,0.33330684900283813,0.447660893201828,0.44006866216659546,0.6604441404342651
51,0.29598468542099,0.4239312708377838,0.4010969400405884,0.641193151473999
52,0.32642802596092224,0.4198988378047943,0.43093210458755493,0.6349884271621704
53,0.31797000765800476,0.4362834095954895,0.42079824209213257,0.6503230333328247
54,0.29930606484413147,0.43891051411628723,0.4060700833797455,0.6701970100402832
55,0.2953806519508362,0.4405713975429535,0.39682120084762573,0.6610072255134583
56,0.29292410612106323,0.43921351432800293,0.40239468216896057,0.6650553345680237
57,0.302516907453537,0.4365749955177307,0.4031928479671478,0.6548245549201965
58,0.2895135283470154,0.4586556851863861,0.41074490547180176,0.7212331295013428
59,0.2655791640281677,0.4618515372276306,0.37606340646743774,0.706086277961731
60,0.28611183166503906,0.44326141476631165,0.38962844014167786,0.66617351770401
61,0.3235834836959839,0.4552146792411804,0.4238477349281311,0.6635786890983582
62,0.28307485580444336,0.4695303440093994,0.3892166316509247,0.6871954798698425
63,0.2742811441421509,0.479235976934433,0.38278907537460327,0.7022715210914612
64,0.312988817691803,0.4611136317253113,0.4171215891838074,0.6804848909378052
65,0.28587576746940613,0.4775155782699585,0.38985657691955566,0.7167113423347473
66,0.274463027715683,0.46597084403038025,0.3795064091682434,0.7006810903549194
67,0.27927109599113464,0.4976549744606018,0.38286662101745605,0.7205740809440613
68,0.26260265707969666,0.4785897135734558,0.3707582950592041,0.7187418341636658
69,0.29984405636787415,0.4522308111190796,0.40738511085510254,0.686206042766571
70,0.2732797861099243,0.467519074678421,0.3737315237522125,0.6925714015960693
71,0.25131091475486755,0.485775351524353,0.3658042252063751,0.730787992477417
72,0.2662661075592041,0.4704229533672333,0.3788611590862274,0.7095835208892822
73,0.26616889238357544,0.4608115255832672,0.3689477741718292,0.687795877456665
74,0.2891363203525543,0.474010705947876,0.38588231801986694,0.6862909197807312
75,0.28207024931907654,0.4672861099243164,0.38289833068847656,0.6842824816703796
76,0.2705647647380829,0.4818350672721863,0.37597739696502686,0.7055680751800537
77,0.2605932950973511,0.4742991328239441,0.3647197186946869,0.6993229985237122
78,0.28040507435798645,0.5173453688621521,0.39096951484680176,0.7511630654335022
79,0.2714788019657135,0.5013105869293213,0.37305396795272827,0.716906726360321
80,0.28468263149261475,0.4606471061706543,0.38697555661201477,0.6799309253692627
81,0.2633093297481537,0.4906426668167114,0.36235669255256653,0.6982470750808716
82,0.2595195174217224,0.5244108438491821,0.367484986782074,0.7512210011482239
83,0.2988593280315399,0.5462544560432434,0.4148606061935425,0.807751476764679
84,0.29906633496284485,0.4455973207950592,0.39870980381965637,0.6577659249305725
85,0.2651059329509735,0.48484933376312256,0.37235671281814575,0.7159567475318909
86,0.2751542627811432,0.5091841220855713,0.37998178601264954,0.7272536158561707
87,0.2700357437133789,0.47270798683166504,0.37258318066596985,0.6975066065788269
88,0.2830466032028198,0.49295511841773987,0.3860497772693634,0.7157837152481079
89,0.30807656049728394,0.47919797897338867,0.4006459414958954,0.6790531277656555
90,0.2758338451385498,0.465143620967865,0.37524616718292236,0.6609418392181396
91,0.27794408798217773,0.47801750898361206,0.37771227955818176,0.7031170725822449
92,0.26601821184158325,0.48120763897895813,0.37326908111572266,0.712568998336792
93,0.28007304668426514,0.480615496635437,0.3820415735244751,0.709539532661438
94,0.2653025984764099,0.5381617546081543,0.3843151330947876,0.7858549356460571
95,0.2604198455810547,0.5214465260505676,0.365077406167984,0.7520102262496948
96,0.26132556796073914,0.49087056517601013,0.3654594421386719,0.7208576202392578
97,0.2542162537574768,0.5013337135314941,0.3498002588748932,0.6983398795127869
98,0.2592676877975464,0.4937187135219574,0.3595995306968689,0.7128083109855652
99,0.2705788016319275,0.48686033487319946,0.3755899965763092,0.7181780934333801
100,0.2719261944293976,0.5079838633537292,0.37352994084358215,0.7339996695518494
101,0.24376659095287323,0.4981846511363983,0.3433350920677185,0.7281879782676697
102,0.2557569146156311,0.5042091012001038,0.35403722524642944,0.7114199995994568
103,0.2858375906944275,0.5211608409881592,0.3852761685848236,0.7256161570549011
104,0.2863345146179199,0.498696506023407,0.37635454535484314,0.6871405243873596
105,0.25919216871261597,0.4882684051990509,0.3579374849796295,0.7016696929931641
106,0.27865275740623474,0.5229929089546204,0.3830384910106659,0.7414374351501465
107,0.26114052534103394,0.5225992798805237,0.370424747467041,0.7516490817070007
108,0.25640690326690674,0.49983394145965576,0.35891807079315186,0.72816002368927
109,0.2911251485347748,0.5088973045349121,0.39637720584869385,0.7384913563728333
110,0.26530298590660095,0.5232455730438232,0.36999788880348206,0.7366131544113159
111,0.24993322789669037,0.5151655673980713,0.3513455092906952,0.7372177243232727
112,0.2805655896663666,0.5205255746841431,0.3916279971599579,0.7499583959579468
113,0.24976122379302979,0.5018036365509033,0.3424510359764099,0.7043314576148987
114,0.2531146705150604,0.4923238754272461,0.3562465310096741,0.7229699492454529
115,0.2525250315666199,0.5111386179924011,0.36475303769111633,0.7602409720420837
116,0.2483057677745819,0.5075157284736633,0.35341593623161316,0.751202404499054
117,0.28750789165496826,0.5179731249809265,0.3919338583946228,0.7546949982643127
118,0.25789839029312134,0.5221459269523621,0.354810893535614,0.7335222363471985
119,0.2793363034725189,0.5185270309448242,0.38069939613342285,0.7464761734008789
120,0.26668083667755127,0.5265804529190063,0.3655349016189575,0.7313163876533508
121,0.2529800236225128,0.522071123123169,0.3613455891609192,0.7532266974449158
122,0.27543190121650696,0.5205332636833191,0.36723923683166504,0.7160243391990662
123,0.3010979890823364,0.5139296054840088,0.3931846618652344,0.7132294178009033
124,0.26417118310928345,0.5377503633499146,0.3644319772720337,0.7516756653785706
125,0.2535368502140045,0.5042461156845093,0.3523367643356323,0.7223979234695435
126,0.2666402757167816,0.5155487656593323,0.3685043454170227,0.7402231097221375
127,0.2739297151565552,0.5048099160194397,0.37213143706321716,0.7141237258911133
128,0.27801087498664856,0.5458940267562866,0.38118594884872437,0.7737958431243896
129,0.25780054926872253,0.5326704382896423,0.3585597276687622,0.7587965726852417
130,0.2553534209728241,0.5090215802192688,0.35313352942466736,0.7196614146232605
131,0.2489628940820694,0.5150954127311707,0.3427925407886505,0.7190325856208801
132,0.2533610761165619,0.5279580354690552,0.35176214575767517,0.7456587553024292
133,0.2689993679523468,0.524419903755188,0.36875587701797485,0.7471831440925598
134,0.2614280581474304,0.5170298218727112,0.3549588620662689,0.7070115208625793
135,0.26729100942611694,0.5419415235519409,0.3519752323627472,0.7189182043075562
136,0.2849475145339966,0.533697783946991,0.3722713589668274,0.7190234661102295
137,0.2631925046443939,0.5237053632736206,0.3499094843864441,0.7146257162094116
138,0.26045915484428406,0.5324692726135254,0.36273887753486633,0.7593210935592651
139,0.2536342740058899,0.5438653826713562,0.35426607728004456,0.7593958973884583
140,0.25871628522872925,0.5561203360557556,0.36224091053009033,0.7774472236633301
141,0.27393317222595215,0.5329548716545105,0.36876869201660156,0.732022225856781
142,0.28424182534217834,0.5423574447631836,0.37817707657814026,0.7530677914619446
143,0.2741188406944275,0.5253109931945801,0.3746396005153656,0.7397167086601257
144,0.269483357667923,0.5189175009727478,0.3555772304534912,0.7039676308631897
145,0.2896517217159271,0.539949357509613,0.38424769043922424,0.7424048781394958
146,0.28381049633026123,0.5326354503631592,0.379668265581131,0.7308372259140015
147,0.2672586739063263,0.5062207579612732,0.35580891370773315,0.695471465587616
148,0.2527485489845276,0.5228056907653809,0.33951088786125183,0.7215439677238464
149,0.2674825191497803,0.5098902583122253,0.35831284523010254,0.7011838555335999
150,0.26530972123146057,0.5188987851142883,0.36448022723197937,0.7523623704910278
151,0.2741030156612396,0.5297377705574036,0.3628494441509247,0.7144533395767212
152,0.253313273191452,0.5355293154716492,0.3375674784183502,0.7321304082870483
153,0.24771030247211456,0.5758185982704163,0.33381518721580505,0.7795982956886292
154,0.24731409549713135,0.5751856565475464,0.3270799517631531,0.7607511281967163
155,0.2340712696313858,0.5724965333938599,0.31232061982154846,0.7564017176628113
156,0.22359751164913177,0.5935308933258057,0.30123648047447205,0.7698063850402832
157,0.24037331342697144,0.5746394991874695,0.3162361979484558,0.74968022108078
158,0.23470835387706757,0.6126924157142639,0.3128557801246643,0.7943453788757324
159,0.2328675389289856,0.6083383560180664,0.31033191084861755,0.7879124879837036
160,0.2369944453239441,0.6063699722290039,0.310970664024353,0.7786284685134888
161,0.22332561016082764,0.6344164609909058,0.29534366726875305,0.8018136024475098
162,0.24330145120620728,0.6200240850448608,0.318522572517395,0.791969358921051
163,0.24771690368652344,0.6195900440216064,0.31941476464271545,0.7761299014091492
164,0.2322772890329361,0.6410442590713501,0.3065086603164673,0.8112817406654358
165,0.2432742714881897,0.6292330622673035,0.31801143288612366,0.7996903657913208
166,0.2304711490869522,0.6587285995483398,0.30392003059387207,0.8239464163780212
167,0.2475137561559677,0.7217192053794861,0.3327884376049042,0.9253111481666565
168,0.2629624009132385,0.6088628172874451,0.33518844842910767,0.7674705982208252
169,0.23384271562099457,0.6625233292579651,0.3063327968120575,0.8245181441307068
170,0.2449830025434494,0.6578762531280518,0.31753015518188477,0.8204751014709473
171,0.2495223879814148,0.6536425352096558,0.32307279109954834,0.8155712485313416
172,0.24095787107944489,0.6426920890808105,0.3127257525920868,0.8009886145591736
173,0.24748675525188446,0.6566622853279114,0.32038167119026184,0.8174111247062683
174,0.24818819761276245,0.6727085709571838,0.320625364780426,0.8307259678840637
175,0.2537051737308502,0.6592617630958557,0.3245944082736969,0.8151693940162659
176,0.25278356671333313,0.6719627976417542,0.3221004009246826,0.8191952705383301
177,0.25016042590141296,0.6721311211585999,0.3191372752189636,0.8264487981796265
178,0.24491167068481445,0.6756176352500916,0.3125968277454376,0.8223574161529541
179,0.25264570116996765,0.6683797836303711,0.3220367133617401,0.8195430040359497
180,0.24440926313400269,0.6988287568092346,0.31329700350761414,0.8447158932685852
181,0.2587736248970032,0.6965478658676147,0.33001211285591125,0.8493544459342957
182,0.2447165548801422,0.7033539414405823,0.31423449516296387,0.8504724502563477
183,0.2581155598163605,0.6897600889205933,0.32582736015319824,0.8324791193008423
184,0.25577929615974426,0.6828559041023254,0.32179132103919983,0.821016252040863
185,0.2504819333553314,0.6981838345527649,0.3199666142463684,0.8482473492622375
186,0.2531251013278961,0.7088140845298767,0.32471349835395813,0.8605031967163086
187,0.26129764318466187,0.7010069489479065,0.32834210991859436,0.8410136699676514
188,0.24306806921958923,0.7110698819160461,0.3117017149925232,0.8553774356842041
189,0.25925523042678833,0.6962045431137085,0.32897061109542847,0.8471877574920654
190,0.24499741196632385,0.7173950672149658,0.31299805641174316,0.8613247871398926
191,0.256984680891037,0.7144476771354675,0.3245449960231781,0.8628802299499512
192,0.25263234972953796,0.6920892596244812,0.31974339485168457,0.8390846252441406
193,0.25490808486938477,0.7030144929885864,0.322503000497818,0.8499729037284851
194,0.25917720794677734,0.689528226852417,0.32473671436309814,0.8284943103790283
195,0.25800544023513794,0.6822391748428345,0.32300010323524475,0.8219731450080872
196,0.24669016897678375,0.7181346416473389,0.314342737197876,0.8640903830528259
197,0.25324636697769165,0.7398989200592041,0.32042279839515686,0.8798221945762634
198,0.2606267035007477,0.6985423564910889,0.3260571360588074,0.8423565626144409
199,0.26451927423477173,0.7143606543540955,0.3275718688964844,0.8465542197227478
200,0.2561730742454529,0.7416771054267883,0.3239899277687073,0.8815271854400635
201,0.25360938906669617,0.7195385098457336,0.3196498155593872,0.8597825169563293
202,0.2584121823310852,0.7142066359519958,0.3230374753475189,0.8537924885749817
203,0.2547505497932434,0.746547520160675,0.3210105895996094,0.8903630375862122
204,0.2558761239051819,0.713146448135376,0.3185957074165344,0.8431272506713867
205,0.2674412429332733,0.7255846858024597,0.3325260281562805,0.8632162809371948
206,0.2630469501018524,0.7204141020774841,0.3256150782108307,0.8540546298027039
207,0.2579818665981293,0.7317253351211548,0.324456125497818,0.8753563165664673
208,0.2629082500934601,0.7318048477172852,0.3293634355068207,0.8743310570716858
209,0.2482021600008011,0.7293221950531006,0.3121688663959503,0.8674767017364502
210,0.25975003838539124,0.7287214994430542,0.3222559988498688,0.861251950263977
211,0.26706111431121826,0.7286922931671143,0.33392611145973206,0.8745710849761963
212,0.26114770770072937,0.7254593372344971,0.3227803707122803,0.859879732131958
213,0.2670856714248657,0.7024725079536438,0.33000484108924866,0.8389741778373718
214,0.25728145241737366,0.7420205473899841,0.3213481605052948,0.8834018707275391
215,0.2673881947994232,0.7348045110702515,0.32982125878334045,0.8669576644897461
216,0.2590608298778534,0.7383493185043335,0.32473090291023254,0.8851027488708496
217,0.2561485767364502,0.7067199945449829,0.3188275694847107,0.8419973254203796
218,0.27485260367393494,0.7209288477897644,0.34097132086753845,0.8675994277000427
219,0.2716881334781647,0.7071992754936218,0.3328159749507904,0.8401122093200684
220,0.2728818356990814,0.7727445363998413,0.3418017327785492,0.9250596165657043
221,0.273985892534256,0.7339388132095337,0.3350569009780884,0.865494966506958
222,0.270024836063385,0.7804448008537292,0.33844250440597534,0.9288103580474854
223,0.2729586362838745,0.7167037129402161,0.3363744020462036,0.8554242849349976
224,0.26644954085350037,0.7556592226028442,0.3313649594783783,0.9013656973838806
225,0.2735609710216522,0.7565887570381165,0.3369091749191284,0.8921924829483032
226,0.26382768154144287,0.7735706567764282,0.3318960666656494,0.9211171865463257
227,0.2705549895763397,0.7585307955741882,0.33722177147865295,0.9112347960472107
228,0.2759952247142792,0.7398388385772705,0.3382737636566162,0.8734362721443176
229,0.2727043628692627,0.7344188690185547,0.3341180980205536,0.8637891411781311
230,0.2660389244556427,0.7585287690162659,0.32642966508865356,0.8854186534881592
231,0.2691664397716522,0.7619350552558899,0.33117011189460754,0.8901584148406982
232,0.26366063952445984,0.7650038599967957,0.32582777738571167,0.8994622230529785
233,0.281281441450119,0.7523398995399475,0.3431001603603363,0.8785882592201233
234,0.2781440317630768,0.7876917719841003,0.3418516516685486,0.917859673500061
235,0.2700956463813782,0.7769531011581421,0.3315848410129547,0.9137883186340332
236,0.2753409445285797,0.73946213722229,0.33748745918273926,0.8762961626052856
237,0.2738696336746216,0.78040611743927,0.3368537425994873,0.9192528128623962
238,0.2565493881702423,0.7872668504714966,0.31856146454811096,0.9191741943359375
239,0.2700064182281494,0.7522018551826477,0.33083847165107727,0.8775019645690918
240,0.2748672068119049,0.7773575782775879,0.34073111414909363,0.9216005206108093
241,0.2622825503349304,0.802754819393158,0.32564589381217957,0.9292038679122925
242,0.26849880814552307,0.8096919059753418,0.33232802152633667,0.9438960552215576
243,0.27702754735946655,0.7526376843452454,0.3359658122062683,0.8726682066917419
244,0.26607003808021545,0.7857359647750854,0.32865628600120544,0.9166593551635742
245,0.27145999670028687,0.8106008172035217,0.336393803358078,0.9478726983070374
246,0.27464935183525085,0.7967506051063538,0.33973830938339233,0.9365904331207275
247,0.2732713222503662,0.8200203776359558,0.3376785218715668,0.9501351714134216
248,0.2705084979534149,0.788434624671936,0.33102986216545105,0.9113798141479492
249,0.2727058529853821,0.8048427700996399,0.3351993262767792,0.9352707266807556
250,0.2695004940032959,0.8106065392494202,0.3298608064651489,0.9346759915351868
251,0.27177131175994873,0.8095467686653137,0.333752304315567,0.9368070960044861
252,0.27330824732780457,0.7765042185783386,0.33448895812034607,0.9032667279243469
253,0.2790035903453827,0.7856118679046631,0.3410729169845581,0.9156825542449951
254,0.2777206301689148,0.7995789647102356,0.34204360842704773,0.9364982843399048
255,0.27035945653915405,0.800730288028717,0.33405375480651855,0.9363845586776733
256,0.2658995985984802,0.7685246467590332,0.324910044670105,0.8841681480407715
257,0.27441585063934326,0.790466845035553,0.3371065855026245,0.9240672588348389
258,0.2819474935531616,0.7818924188613892,0.3421749472618103,0.9075040817260742
259,0.28316447138786316,0.807239294052124,0.3473971486091614,0.9387927055358887
260,0.2799738347530365,0.7613911032676697,0.34353384375572205,0.897983729839325
261,0.27782142162323,0.8089688420295715,0.3377886116504669,0.930595874786377
262,0.2922922968864441,0.7858037948608398,0.3569968044757843,0.9238055348396301
263,0.2775438725948334,0.785701334476471,0.341470867395401,0.9245814681053162
264,0.2860475182533264,0.8069164156913757,0.34591639041900635,0.9336821436882019
265,0.28124886751174927,0.7710729241371155,0.34174489974975586,0.8994140625
266,0.28657349944114685,0.7827504277229309,0.34990552067756653,0.923320472240448
267,0.27879786491394043,0.7862766981124878,0.34159308671951294,0.9190401434898376
268,0.27517062425613403,0.8068033456802368,0.3400493860244751,0.9471266865730286
269,0.28009626269340515,0.798138439655304,0.3444574475288391,0.9379912614822388
270,0.2863669991493225,0.7473425269126892,0.3459392786026001,0.8724011778831482
271,0.27625927329063416,0.7967123985290527,0.3378221094608307,0.9289864897727966
272,0.2712584137916565,0.8154964447021484,0.3320354223251343,0.9453085660934448
273,0.2758893668651581,0.8251021504402161,0.34398409724235535,0.9842703938484192
274,0.275632381439209,0.7824645638465881,0.33464038372039795,0.9043185114860535
275,0.2770411968231201,0.8142848014831543,0.34168654680252075,0.9549443125724792
276,0.28221118450164795,0.8140782117843628,0.3471251130104065,0.9550600647926331
277,0.27790823578834534,0.7913616299629211,0.33865076303482056,0.9198651313781738
278,0.27262479066848755,0.8128453493118286,0.3357173800468445,0.9450241923332214
279,0.28455474972724915,0.803561806678772,0.34747961163520813,0.9379640817642212
280,0.28307080268859863,0.7982801198959351,0.34731075167655945,0.9386022686958313
281,0.27801668643951416,0.7991740107536316,0.3403438925743103,0.9279012680053711
282,0.2863265573978424,0.7976806163787842,0.3508187234401703,0.9372231364250183
283,0.2838664650917053,0.7758647799491882,0.343886137008667,0.8960936069488525
284,0.2889964282512665,0.8084848523139954,0.35315582156181335,0.9493077993392944
285,0.28327926993370056,0.8023486137390137,0.3430185317993164,0.9195325970649719
286,0.2818553149700165,0.7815974354743958,0.3410245478153229,0.9055380821228027
287,0.28580859303474426,0.8131838440895081,0.3466629385948181,0.93971848487854
288,0.27624765038490295,0.806776762008667,0.3373253047466278,0.9315738081932068
289,0.28584209084510803,0.8050957322120667,0.35006994009017944,0.9435791969299316
290,0.29505449533462524,0.8022825121879578,0.3524986803531647,0.9168587923049927
291,0.2747335731983185,0.844619631767273,0.34002941846847534,0.9809404611587524
292,0.2840648889541626,0.7891166806221008,0.34764665365219116,0.9271275401115417
293,0.2681926488876343,0.8017950057983398,0.32926204800605774,0.9284778237342834
294,0.27753567695617676,0.8238604664802551,0.33968502283096313,0.9532225131988525
295,0.277050256729126,0.8308102488517761,0.33977413177490234,0.956197202205658
296,0.2844026982784271,0.8189055323600769,0.3457547426223755,0.9427351355552673
297,0.2822195887565613,0.8083204627037048,0.3425602316856384,0.9338141083717346
298,0.277280330657959,0.7887016534805298,0.3374846577644348,0.9112080335617065
299,0.2902936041355133,0.7907664775848389,0.35060030221939087,0.9143873453140259
300,0.28776633739471436,0.8023794293403625,0.34720611572265625,0.9267137050628662
301,0.2887539267539978,0.8312299847602844,0.3503711223602295,0.9582993984222412
302,0.28388726711273193,0.8338591456413269,0.3452487885951996,0.9588178992271423
303,0.2913949489593506,0.8176242113113403,0.3515825569629669,0.938264012336731
304,0.28556761145591736,0.8384660482406616,0.3478029668331146,0.9649850726127625
305,0.28754186630249023,0.8352039456367493,0.3491174280643463,0.9596471190452576
306,0.2890840768814087,0.8192560076713562,0.35063961148262024,0.9450066089630127
307,0.2876075208187103,0.8329979777336121,0.3491954803466797,0.9599995017051697
308,0.28635701537132263,0.84076327085495,0.3478042185306549,0.9655515551567078
309,0.29435959458351135,0.8386040925979614,0.3564183712005615,0.9634317755699158
310,0.29728513956069946,0.8216922879219055,0.35772639513015747,0.9442784190177917
311,0.2851555347442627,0.8375210762023926,0.34679651260375977,0.9641148447990417
312,0.28831902146339417,0.8376892805099487,0.35009291768074036,0.9651087522506714
313,0.27905401587486267,0.8246615529060364,0.33936816453933716,0.9448683857917786
314,0.27659833431243896,0.8930184245109558,0.34078437089920044,1.0236315727233887
315,0.29220566153526306,0.820575475692749,0.351494699716568,0.9386623501777649
316,0.28501811623573303,0.8602231740951538,0.3482588231563568,0.9898511171340942
317,0.29392218589782715,0.8498914837837219,0.3568567931652069,0.9782095551490784
318,0.27871114015579224,0.8647544384002686,0.3417779505252838,0.9938557147979736
319,0.2877894937992096,0.864606499671936,0.35074156522750854,0.9938637614250183
320,0.2805723249912262,0.8623661398887634,0.34239068627357483,0.9868871569633484
321,0.2875417470932007,0.8334436416625977,0.3479328453540802,0.9539239406585693
322,0.2867307662963867,0.8437094688415527,0.3483305871486664,0.9695988297462463
323,0.2846013307571411,0.8407669067382812,0.3455254137516022,0.9630765914916992
324,0.2874566912651062,0.8364010453224182,0.34887591004371643,0.9613191485404968
325,0.2842237651348114,0.8591447472572327,0.34734445810317993,0.9875394701957703
326,0.285568505525589,0.8517103791236877,0.3472227156162262,0.9764365553855896
327,0.2890596389770508,0.8400903940200806,0.3503628969192505,0.963392972946167
328,0.28832900524139404,0.8421432375907898,0.348999559879303,0.9640545845031738
329,0.28715428709983826,0.8440403938293457,0.3487878739833832,0.9708731770515442
330,0.2942636013031006,0.8372023701667786,0.3548884987831116,0.9580858945846558
331,0.2903347313404083,0.8497855067253113,0.3529259264469147,0.9780387282371521
332,0.28597143292427063,0.8531457185745239,0.34745410084724426,0.9768276810646057
333,0.28261929750442505,0.8863153457641602,0.3458133935928345,1.014056921005249
334,0.29141080379486084,0.8581812381744385,0.3529345691204071,0.9835270643234253
335,0.28938403725624084,0.8564151525497437,0.3507097661495209,0.977968692779541
336,0.2896729111671448,0.846580982208252,0.350824773311615,0.9685503840446472
337,0.28226178884506226,0.896274745464325,0.3457592725753784,1.0227969884872437
338,0.29126614332199097,0.8427645564079285,0.3527938425540924,0.9682287573814392
339,0.28993406891822815,0.8538686037063599,0.35219794511795044,0.9805220365524292
340,0.2976742088794708,0.8401283621788025,0.3603051006793976,0.9680243134498596
341,0.2956323027610779,0.8417708277702332,0.35594505071640015,0.9619335532188416
342,0.29155048727989197,0.8737287521362305,0.35425475239753723,1.0016679763793945
343,0.28922781348228455,0.8584727048873901,0.3493998050689697,0.9761778712272644
344,0.2898239195346832,0.8484136462211609,0.3518787920475006,0.9732741713523865
345,0.2932220697402954,0.8530164957046509,0.3564028739929199,0.9838208556175232
346,0.289386123418808,0.8463664054870605,0.35180479288101196,0.9748694896697998
347,0.2937840521335602,0.8541849255561829,0.35534489154815674,0.9781813025474548
348,0.2802721858024597,0.8926078677177429,0.34402763843536377,1.0212163925170898
349,0.2932720184326172,0.8645865321159363,0.35558128356933594,0.9899089932441711
350,0.2899705469608307,0.8584875464439392,0.35210031270980835,0.9841432571411133
351,0.28964805603027344,0.8575297594070435,0.35192471742630005,0.9824748635292053
352,0.2881115972995758,0.8437862396240234,0.3484880030155182,0.9637766480445862
353,0.2903158366680145,0.873552680015564,0.3526458740234375,0.9973278045654297
354,0.2896665632724762,0.8683617115020752,0.35167938470840454,0.9904816746711731
355,0.29236823320388794,0.8473424315452576,0.35356664657592773,0.9688349366188049
356,0.2875317931175232,0.8530657887458801,0.3495456874370575,0.9778393507003784
357,0.2881098687648773,0.8760501146316528,0.34990742802619934,0.9990146160125732
358,0.2870495915412903,0.8594660758972168,0.3474668562412262,0.9780842065811157
359,0.2876824140548706,0.8740646243095398,0.348675400018692,0.9934704899787903
360,0.2890990078449249,0.8712738156318665,0.35163822770118713,0.9977180361747742
