1,0.6907914280891418,0.370535671710968,0.9266202449798584,0.5772315263748169
2,0.6332499980926514,0.3488880395889282,0.8850715160369873,0.5468200445175171
3,0.593194305896759,0.35528576374053955,0.8851263523101807,0.5482826232910156
4,0.5745678544044495,0.36353135108947754,0.9071934819221497,0.542169451713562
5,0.5041515231132507,0.36164724826812744,0.9109051823616028,0.5585725903511047
6,0.5041845440864563,0.36168065667152405,0.9108848571777344,0.5585759878158569
7,0.31079021096229553,0.26962319016456604,0.5436125993728638,0.5708927512168884
8,0.2962372899055481,0.2709557116031647,0.5314505696296692,0.6242549419403076
9,0.27382200956344604,0.256763219833374,0.5088028311729431,0.6437236666679382
10,0.29577693343162537,0.2557178735733032,0.5131918787956238,0.6216307282447815
11,0.30416426062583923,0.25489649176597595,0.5336958169937134,0.6466464400291443
12,0.3036734163761139,0.2596512734889984,0.5374824404716492,0.6786044239997864
13,0.27414724230766296,0.25429654121398926,0.5020819306373596,0.6806514859199524
14,0.2753687798976898,0.25029662251472473,0.496194988489151,0.6629303693771362
15,0.26752111315727234,0.247507244348526,0.48212987184524536,0.6708918213844299
16,0.2640862762928009,0.246566042304039,0.4787023961544037,0.6673545241355896
17,0.26951223611831665,0.2460697889328003,0.48498889803886414,0.677350640296936
18,0.2688744366168976,0.24466679990291595,0.4777090847492218,0.6561334729194641
19,0.2798234224319458,0.24859173595905304,0.48932915925979614,0.6682582497596741
20,0.28657692670822144,0.24972470104694366,0.4934540390968323,0.661882758140564
21,0.2674057185649872,0.26443710923194885,0.4909569025039673,0.7152097821235657
22,0.28825971484184265,0.25731131434440613,0.4926214814186096,0.676464855670929
23,0.2685641348361969,0.26913705468177795,0.48142343759536743,0.7114251255989075
24,0.27644944190979004,0.263286828994751,0.49479177594184875,0.7084890604019165
25,0.245245099067688,0.2596597671508789,0.4463777244091034,0.6775183081626892
26,0.2553024888038635,0.2677655816078186,0.4613184630870819,0.6905016899108887
27,0.2760207951068878,0.28248608112335205,0.4996980130672455,0.7375808358192444
28,0.2862008512020111,0.2606148421764374,0.49482759833335876,0.6879854798316956
29,0.24226164817810059,0.30314764380455017,0.4722740352153778,0.7763722538948059
30,0.27564737200737,0.27840983867645264,0.4923337399959564,0.7267529964447021
31,0.261830598115921,0.2824826240539551,0.4946398138999939,0.742272138595581
32,0.2822408676147461,0.26931032538414,0.5054583549499512,0.7138525247573853
33,0.2806433141231537,0.2720411419868469,0.49780288338661194,0.7227452993392944
34,0.2656465768814087,0.2813659608364105,0.47877514362335205,0.7189744710922241
35,0.26026591658592224,0.28490012884140015,0.482169508934021,0.7410325407981873
36,0.2625143229961395,0.2818072736263275,0.4865896999835968,0.7565309405326843
37,0.26409298181533813,0.2891141474246979,0.48984619975090027,0.7523118257522583
38,0.2612086832523346,0.2814280688762665,0.48859313130378723,0.7556663751602173
39,0.2763996124267578,0.29525473713874817,0.49614107608795166,0.7663580179214478
40,0.2569409906864166,0.27459225058555603,0.4801018238067627,0.7464756965637207
41,0.28815722465515137,0.28247928619384766,0.5040553212165833,0.7357376217842102
42,0.27795490622520447,0.29081660509109497,0.5053090453147888,0.7657769322395325
43,0.2861472964286804,0.30339333415031433,0.5121694207191467,0.7673321962356567
44,0.27886447310447693,0.2718815207481384,0.48065125942230225,0.7094274759292603
45,0.24954122304916382,0.2853958308696747,0.4637588560581207,0.7360982298851013
46,0.24488669633865356,0.285163551568985,0.46320652961730957,0.7477174997329712
47,0.2696684002876282,0.2850658595561981,0.4826059937477112,0.7236419916152954
48,0.2509367763996124,0.30316856503486633,0.4832606911659241,0.7896237373352051
49,0.24890857934951782,0.3157653212547302,0.4856901466846466,0.8141263723373413
50,0.24355536699295044,0.28629058599472046,0.4619317054748535,0.745285153388977
51,0.2471836507320404,0.2790532112121582,0.47165727615356445,0.7528416514396667
52,0.25011515617370605,0.28003865480422974,0.46302589774131775,0.7220364212989807
53,0.260903000831604,0.2887127995491028,0.4740145802497864,0.7468087673187256
54,0.2490723729133606,0.29180991649627686,0.46445372700691223,0.7491021752357483
55,0.26459020376205444,0.3077688217163086,0.5002758502960205,0.783608615398407
56,0.2392343133687973,0.28983208537101746,0.46314719319343567,0.7705742120742798
57,0.254886269569397,0.29033294320106506,0.48135969042778015,0.776955783367157
58,0.2373492270708084,0.2933271825313568,0.44960343837738037,0.7436138391494751
59,0.23136846721172333,0.2975247800350189,0.4659349322319031,0.7828665971755981
60,0.2504323720932007,0.2839887738227844,0.47699862718582153,0.7616268992424011
61,0.24915701150894165,0.28029951453208923,0.4594103693962097,0.7259509563446045
62,0.2476843297481537,0.2920539975166321,0.4631374478340149,0.7402085661888123
63,0.23653145134449005,0.31149959564208984,0.44205984473228455,0.7697290778160095
64,0.22095033526420593,0.2922721803188324,0.44524669647216797,0.7732188105583191
65,0.24849380552768707,0.2912902235984802,0.4540154039859772,0.741061270236969
66,0.27357712388038635,0.2798469066619873,0.4808276295661926,0.7243446707725525
67,0.2518792748451233,0.2844063341617584,0.46814626455307007,0.7518227696418762
68,0.24299322068691254,0.29063743352890015,0.4419751763343811,0.7114192843437195
69,0.26797473430633545,0.2989705204963684,0.4684975743293762,0.7224889397621155
70,0.23806695640087128,0.30196237564086914,0.4484487473964691,0.7483767867088318
71,0.2214704304933548,0.31093740463256836,0.4444967806339264,0.7721412181854248
72,0.2063387632369995,0.3088836967945099,0.44273918867111206,0.8228549957275391
73,0.21508802473545074,0.2887650430202484,0.4223164916038513,0.7393353581428528
74,0.23817893862724304,0.2976755201816559,0.4507391154766083,0.7571845054626465
75,0.2380727082490921,0.29492995142936707,0.45762205123901367,0.7601330280303955
76,0.237399622797966,0.29390883445739746,0.46622633934020996,0.7723740339279175
77,0.21177798509597778,0.3100639879703522,0.4373127818107605,0.787121057510376
78,0.2221318483352661,0.3029417097568512,0.43543076515197754,0.7588318586349487
79,0.22009959816932678,0.32914817333221436,0.45871424674987793,0.8201510310173035
80,0.210471972823143,0.30070963501930237,0.45384955406188965,0.8113367557525635
81,0.2448115199804306,0.2932930886745453,0.44407761096954346,0.7188243865966797
82,0.25114431977272034,0.29453399777412415,0.4602656960487366,0.7407926321029663
83,0.22384797036647797,0.28431734442710876,0.4330880641937256,0.7448323369026184
84,0.24711847305297852,0.30932751297950745,0.471139132976532,0.7715631127357483
85,0.2160143405199051,0.2978975474834442,0.44461169838905334,0.769967794418335
86,0.22238214313983917,0.29651588201522827,0.4417538344860077,0.7463170886039734
87,0.21389763057231903,0.30388355255126953,0.4373859763145447,0.7677754163742065
88,0.2203877866268158,0.30851224064826965,0.43992066383361816,0.7617030143737793
89,0.23035995662212372,0.2800276577472687,0.432458758354187,0.7049751877784729
90,0.2123918980360031,0.3475123643875122,0.4378247857093811,0.8277410864830017
91,0.2487543225288391,0.32439279556274414,0.4763496220111847,0.8033788204193115
92,0.22184360027313232,0.30821654200553894,0.43530508875846863,0.7645422220230103
93,0.2306390255689621,0.29833459854125977,0.44201233983039856,0.7464691996574402
94,0.21359293162822723,0.30272799730300903,0.44217023253440857,0.7947217226028442
95,0.20688454806804657,0.3080444633960724,0.4210146367549896,0.7511774301528931
96,0.23044343292713165,0.3073122203350067,0.45207497477531433,0.7835767865180969
97,0.22127406299114227,0.3069048523902893,0.43085768818855286,0.7583972811698914
98,0.22007691860198975,0.3117762506008148,0.43904387950897217,0.7770284414291382
99,0.22212433815002441,0.3086816072463989,0.43314921855926514,0.7612563967704773
100,0.21627910435199738,0.30527687072753906,0.43724873661994934,0.7757524251937866
101,0.23314358294010162,0.3199676275253296,0.4411899447441101,0.7636948823928833
102,0.23866648972034454,0.29736363887786865,0.45905742049217224,0.7587869167327881
103,0.2204008400440216,0.30990132689476013,0.4314110279083252,0.7567969560623169
104,0.23488456010818481,0.32193639874458313,0.4564283490180969,0.7998638153076172
105,0.2516080141067505,0.3050692677497864,0.4485715627670288,0.7211718559265137
106,0.22366029024124146,0.2960900366306305,0.40399688482284546,0.6908257603645325
107,0.20491260290145874,0.2890482544898987,0.4060085713863373,0.7254343628883362
108,0.2021501511335373,0.29404377937316895,0.4092739522457123,0.7409252524375916
109,0.2114969938993454,0.3259391784667969,0.43720948696136475,0.8091019988059998
110,0.1929560899734497,0.30568715929985046,0.42191949486732483,0.7919830083847046
111,0.22857137024402618,0.3010404407978058,0.43535560369491577,0.7467472553253174
112,0.20689134299755096,0.3213385343551636,0.43858352303504944,0.7928555607795715
113,0.20772993564605713,0.3025895357131958,0.41122013330459595,0.7553483843803406
114,0.1928863376379013,0.30944517254829407,0.3954833447933197,0.7432803511619568
115,0.2059965580701828,0.3097355365753174,0.42621904611587524,0.7820762991905212
116,0.2167249619960785,0.3025625944137573,0.43463024497032166,0.7621895670890808
117,0.23077698051929474,0.2879970371723175,0.437249094247818,0.743215799331665
118,0.2057724893093109,0.30753812193870544,0.4287223815917969,0.7756332755088806
119,0.20157524943351746,0.2910632789134979,0.4021140933036804,0.7424913644790649
120,0.20648027956485748,0.29451507329940796,0.4102293848991394,0.7205603718757629
121,0.22765202820301056,0.2999955713748932,0.43722018599510193,0.7518350481987
122,0.2137550264596939,0.3382205665111542,0.4235662817955017,0.8024269342422485
123,0.23410692811012268,0.3140588402748108,0.4481509327888489,0.7784820199012756
124,0.2025509774684906,0.30837807059288025,0.41185563802719116,0.7667256593704224
125,0.22230947017669678,0.30695676803588867,0.4488528072834015,0.7902602553367615
126,0.1913006603717804,0.33000448346138,0.4090726673603058,0.7940604090690613
127,0.21089310944080353,0.31348130106925964,0.4184592068195343,0.759646475315094
128,0.22757849097251892,0.30214980244636536,0.4385732114315033,0.7639897465705872
129,0.20855587720870972,0.30384138226509094,0.4175001084804535,0.747420608997345
130,0.19413983821868896,0.3164127469062805,0.39736711978912354,0.7467573285102844
131,0.20916974544525146,0.29953137040138245,0.40606364607810974,0.705697238445282
132,0.20776015520095825,0.30701175332069397,0.41700053215026855,0.7474677562713623
133,0.1999107450246811,0.2974046766757965,0.40345898270606995,0.7496998906135559
134,0.2121150940656662,0.3054840564727783,0.41622668504714966,0.7445586919784546
135,0.24276293814182281,0.36628368496894836,0.5586230754852295,0.9469224214553833
136,0.21083268523216248,0.31650421023368835,0.41477450728416443,0.7539095878601074
137,0.23154449462890625,0.30471375584602356,0.45007845759391785,0.7552537322044373
138,0.2206534892320633,0.3020046651363373,0.4272676408290863,0.7506544589996338
139,0.23024500906467438,0.3085804581642151,0.4406774640083313,0.7555563449859619
140,0.20308160781860352,0.2992006838321686,0.40145576000213623,0.7302563190460205
141,0.2196851223707199,0.31168314814567566,0.4383590519428253,0.7767805457115173
142,0.20860007405281067,0.31925109028816223,0.42415541410446167,0.7696075439453125
143,0.22406291961669922,0.30629536509513855,0.4341704845428467,0.755869448184967
144,0.20175524055957794,0.3164932429790497,0.4317089319229126,0.813747763633728
145,0.21126791834831238,0.3117660880088806,0.42474937438964844,0.7775973081588745
146,0.20969389379024506,0.3111153542995453,0.4114503264427185,0.7420292496681213
147,0.2268792688846588,0.3042922019958496,0.4417310655117035,0.7619711756706238
148,0.20214593410491943,0.31447288393974304,0.4006953537464142,0.749479353427887
149,0.19419360160827637,0.3133646547794342,0.3918929398059845,0.7394678592681885
150,0.1906285583972931,0.318726509809494,0.40092915296554565,0.787071704864502
151,0.19740810990333557,0.31010663509368896,0.41023752093315125,0.7722257375717163
152,0.16700872778892517,0.3143485188484192,0.3489822447299957,0.7350879311561584
153,0.16055506467819214,0.32659104466438293,0.33547884225845337,0.7397888898849487
154,0.16653522849082947,0.32339996099472046,0.33484411239624023,0.7219929099082947
155,0.14790822565555573,0.34033364057540894,0.32161128520965576,0.7513928413391113
156,0.15224388241767883,0.33588889241218567,0.320658415555954,0.7394282221794128
157,0.1542145311832428,0.341758131980896,0.3228394687175751,0.7459113001823425
158,0.14813216030597687,0.348611056804657,0.31672999262809753,0.7585737109184265
159,0.16150504350662231,0.34465599060058594,0.32644835114479065,0.7487566471099854
160,0.15666334331035614,0.3439159095287323,0.31605949997901917,0.7307364344596863
161,0.158131405711174,0.35125675797462463,0.32030799984931946,0.7419538497924805
162,0.16038744151592255,0.3600124418735504,0.3223605751991272,0.7544253468513489
163,0.16131597757339478,0.346449613571167,0.31751587986946106,0.7239936590194702
164,0.16246572136878967,0.35056746006011963,0.3136143684387207,0.7142589092254639
165,0.15959084033966064,0.3601367473602295,0.3132356107234955,0.7296315431594849
166,0.1664363592863083,0.36984214186668396,0.32614579796791077,0.7542054057121277
167,0.1567211151123047,0.3653499186038971,0.3112083077430725,0.7404822111129761
168,0.15677760541439056,0.37769922614097595,0.3105136454105377,0.7452735900878906
169,0.16442279517650604,0.390530526638031,0.318911075592041,0.7584002614021301
170,0.15798702836036682,0.38013163208961487,0.31058359146118164,0.7444703578948975
171,0.16351263225078583,0.37608808279037476,0.3148938715457916,0.7366080284118652
172,0.16115714609622955,0.3911409378051758,0.31332269310951233,0.7575021386146545
173,0.16484494507312775,0.3858671486377716,0.31658193469047546,0.7467126250267029
174,0.16876043379306793,0.38449111580848694,0.31480562686920166,0.7312037348747253
175,0.16276735067367554,0.39409342408180237,0.3075236976146698,0.7425980567932129
176,0.1670212596654892,0.389407217502594,0.3157188296318054,0.7358827590942383
177,0.15842729806900024,0.40765273571014404,0.30804508924484253,0.7624717950820923
178,0.16261622309684753,0.39958471059799194,0.3050183057785034,0.7416214942932129
179,0.16288593411445618,0.40404272079467773,0.31224989891052246,0.761955201625824
180,0.17084628343582153,0.4055945575237274,0.3209221363067627,0.7615799903869629
181,0.17652852833271027,0.4055253267288208,0.321079820394516,0.7527393698692322
182,0.1614215224981308,0.40649792551994324,0.3039869964122772,0.7432493567466736
183,0.15982800722122192,0.41723471879959106,0.30601605772972107,0.7612305283546448
184,0.16705147922039032,0.4174289107322693,0.31278979778289795,0.7716017365455627
185,0.1657959669828415,0.43133631348609924,0.3114074766635895,0.780902087688446
186,0.1772407591342926,0.4165557622909546,0.3237311542034149,0.770871102809906
187,0.17320671677589417,0.41731008887290955,0.31806468963623047,0.7591595649719238
188,0.16178767383098602,0.43468770384788513,0.3073154389858246,0.7762240171432495
189,0.1616300642490387,0.41453298926353455,0.3066054582595825,0.7602339386940002
190,0.17373818159103394,0.42732474207878113,0.31439241766929626,0.7574328780174255
191,0.1588410884141922,0.43253663182258606,0.29389455914497375,0.7471034526824951
192,0.17007626593112946,0.44547364115715027,0.3120623826980591,0.7760990858078003
193,0.1662566214799881,0.4266475439071655,0.3017413914203644,0.7443682551383972
194,0.16203904151916504,0.43313300609588623,0.2994093596935272,0.7489917278289795
195,0.16373658180236816,0.4417625665664673,0.30657097697257996,0.7796581387519836
196,0.1648271381855011,0.4365183413028717,0.3046402335166931,0.760831356048584
197,0.16845378279685974,0.4335104525089264,0.30609458684921265,0.7569188475608826
198,0.15741300582885742,0.4504123330116272,0.29548490047454834,0.7631781101226807
199,0.17205145955085754,0.4363497197628021,0.3083239495754242,0.749704897403717
200,0.1696012318134308,0.44315773248672485,0.30728134512901306,0.7655454277992249
201,0.1616681069135666,0.45287469029426575,0.3022301197052002,0.7841066718101501
202,0.1632494330406189,0.45120301842689514,0.3019827604293823,0.7780165076255798
203,0.17287181317806244,0.4410109221935272,0.304483026266098,0.7505632042884827
204,0.17395494878292084,0.4407801628112793,0.3146076202392578,0.7701574563980103
205,0.17338912189006805,0.44150951504707336,0.30794286727905273,0.7535902261734009
206,0.17697949707508087,0.4544306993484497,0.3139723539352417,0.7769962549209595
207,0.16309481859207153,0.45643532276153564,0.3029417395591736,0.7848528623580933
208,0.163349449634552,0.45724207162857056,0.2976927161216736,0.7670676112174988
209,0.18043313920497894,0.43945956230163574,0.32157739996910095,0.7698197960853577
210,0.17315620183944702,0.4603692591190338,0.3082694113254547,0.7706671953201294
211,0.16679492592811584,0.45653867721557617,0.30088216066360474,0.7607508301734924
212,0.17809151113033295,0.45988041162490845,0.31127721071243286,0.7743022441864014
213,0.173585444688797,0.4630836546421051,0.3081004023551941,0.7722984552383423
214,0.16577595472335815,0.476740300655365,0.30287066102027893,0.7858133912086487
215,0.1638270616531372,0.48046648502349854,0.2964029014110565,0.7749590873718262
216,0.1678582727909088,0.47074827551841736,0.29977869987487793,0.7695703506469727
217,0.17014862596988678,0.47061049938201904,0.3018900156021118,0.7664817571640015
218,0.17137381434440613,0.47940951585769653,0.3082129657268524,0.7889168858528137
219,0.16142264008522034,0.4794014096260071,0.29536402225494385,0.7786652445793152
220,0.16615135967731476,0.46645182371139526,0.29529711604118347,0.7523704767227173
221,0.1730514019727707,0.4630710780620575,0.3031213879585266,0.7560268044471741
222,0.1679069995880127,0.45802050828933716,0.29952913522720337,0.7580178380012512
223,0.1785522699356079,0.4628004729747772,0.3072163164615631,0.7488775849342346
224,0.17642900347709656,0.47733837366104126,0.30701661109924316,0.7691619992256165
225,0.1672377586364746,0.49452975392341614,0.30081093311309814,0.7905904054641724
226,0.1731942594051361,0.4759446978569031,0.30383461713790894,0.7729121446609497
227,0.1727682203054428,0.4848194420337677,0.29919567704200745,0.7632583975791931
228,0.1689845770597458,0.49827903509140015,0.2977091372013092,0.7779697179794312
229,0.17298567295074463,0.4760044813156128,0.29426372051239014,0.7448184490203857
230,0.17704463005065918,0.4802541136741638,0.30151093006134033,0.7600142955780029
231,0.17091485857963562,0.4669661521911621,0.2953628897666931,0.7478452920913696
232,0.1750742793083191,0.48646095395088196,0.3002643585205078,0.7542069554328918
233,0.16646961867809296,0.49553143978118896,0.29773643612861633,0.791348934173584
234,0.165812149643898,0.5055853128433228,0.29342254996299744,0.7897530198097229
235,0.16444753110408783,0.5004230737686157,0.29244163632392883,0.7846212387084961
236,0.16708296537399292,0.4974747598171234,0.2915230393409729,0.7770423293113708
237,0.16999350488185883,0.4918957054615021,0.2945006191730499,0.7719977498054504
238,0.17292620241641998,0.49485230445861816,0.29347461462020874,0.7518018484115601
239,0.17859256267547607,0.4991867244243622,0.30413469672203064,0.7704119086265564
240,0.1825837641954422,0.482926607131958,0.30884647369384766,0.7595593333244324
241,0.17658250033855438,0.4951452612876892,0.2979249656200409,0.7544835805892944
242,0.16727948188781738,0.4977571666240692,0.2898472547531128,0.7635762095451355
243,0.171015664935112,0.5015232563018799,0.2959422171115875,0.7771661281585693
244,0.17305883765220642,0.4967987835407257,0.29696282744407654,0.7705569863319397
245,0.16525211930274963,0.503838300704956,0.2875958979129791,0.770526111125946
246,0.17512650787830353,0.5083321332931519,0.300408273935318,0.7842557430267334
247,0.1763843148946762,0.4896913468837738,0.2955830693244934,0.7494419813156128
248,0.1739804893732071,0.4997323453426361,0.2953467071056366,0.7649304270744324
249,0.17229220271110535,0.4780065715312958,0.29164713621139526,0.733583927154541
250,0.16543561220169067,0.5023816823959351,0.2832687795162201,0.7507472038269043
251,0.1773270219564438,0.4995378255844116,0.3004956841468811,0.7725834250450134
252,0.17216259241104126,0.5119895339012146,0.2908521294593811,0.7660208940505981
253,0.17411024868488312,0.4964889585971832,0.29303234815597534,0.7507691383361816
254,0.1696663349866867,0.5026869773864746,0.2915908992290497,0.7663675546646118
255,0.17441949248313904,0.5146066546440125,0.2951287031173706,0.7715517282485962
256,0.1710004210472107,0.5040858387947083,0.29252365231513977,0.760485827922821
257,0.17461760342121124,0.4943658709526062,0.294901579618454,0.7511478066444397
258,0.16529926657676697,0.5156992077827454,0.2842393219470978,0.7702785134315491
259,0.17365333437919617,0.5101490020751953,0.2905040681362152,0.7635310888290405
260,0.1747249811887741,0.524620532989502,0.2983478009700775,0.7913155555725098
261,0.17451706528663635,0.4986869990825653,0.2924218773841858,0.7531490921974182
262,0.18337905406951904,0.4978896975517273,0.2996525764465332,0.7383211851119995
263,0.17225559055805206,0.5169796347618103,0.2902334928512573,0.765186071395874
264,0.18384960293769836,0.5243169665336609,0.3004601299762726,0.7614074349403381
265,0.17503368854522705,0.5282352566719055,0.2932351231575012,0.7777233719825745
266,0.1657704859972,0.5406732559204102,0.28746452927589417,0.8004947304725647
267,0.18846267461776733,0.49770450592041016,0.3061941862106323,0.7470375895500183
268,0.173539400100708,0.524307906627655,0.2901000380516052,0.7667903900146484
269,0.17581728100776672,0.5092689394950867,0.29462701082229614,0.7648082971572876
270,0.17855149507522583,0.5037891864776611,0.2928682863712311,0.7394369840621948
271,0.17812813818454742,0.5081046223640442,0.29138466715812683,0.7382436394691467
272,0.17601987719535828,0.5240800976753235,0.2857724726200104,0.7411202192306519
273,0.184464231133461,0.5161199569702148,0.3001861274242401,0.7526984810829163
274,0.17918556928634644,0.5176791548728943,0.29997920989990234,0.7747941613197327
275,0.17356757819652557,0.5211933255195618,0.29423025250434875,0.7788876295089722
276,0.17989061772823334,0.528097927570343,0.29638150334358215,0.7671685814857483
277,0.18185047805309296,0.5025647878646851,0.29587849974632263,0.7503600716590881
278,0.17576287686824799,0.5063573122024536,0.2911929488182068,0.7571240067481995
279,0.17542240023612976,0.5072703957557678,0.2931685447692871,0.7669089436531067
280,0.1766510307788849,0.5130271911621094,0.29464104771614075,0.7660360336303711
281,0.18178491294384003,0.5275623202323914,0.29607072472572327,0.7678627967834473
282,0.18400999903678894,0.5019984841346741,0.3001377582550049,0.7524516582489014
283,0.18865807354450226,0.5008813738822937,0.3026175796985626,0.7507691979408264
284,0.1815657764673233,0.5171558856964111,0.2942847013473511,0.7531453371047974
285,0.1817025989294052,0.5049896240234375,0.29418909549713135,0.7476537227630615
286,0.18469290435314178,0.5104895830154419,0.3026532828807831,0.7666529417037964
287,0.17427696287631989,0.536902129650116,0.2932508587837219,0.7895289659500122
288,0.1768476814031601,0.5379857420921326,0.29292890429496765,0.783184289932251
289,0.1716662347316742,0.5286633372306824,0.28954440355300903,0.7865007519721985
290,0.1802186816930771,0.5259185433387756,0.29473018646240234,0.774162232875824
291,0.1840580552816391,0.5112076997756958,0.2951546013355255,0.750065803527832
292,0.17923837900161743,0.5137956738471985,0.2936323881149292,0.7594469785690308
293,0.18094225227832794,0.5282242894172668,0.29341235756874084,0.7689513564109802
294,0.1787688285112381,0.529237687587738,0.292275607585907,0.7783127427101135
295,0.18729697167873383,0.5210317969322205,0.2991061806678772,0.7586761713027954
296,0.1731763780117035,0.5430412292480469,0.2861559987068176,0.782629668712616
297,0.17625018954277039,0.5263605713844299,0.2865790128707886,0.7592330574989319
298,0.18914695084095,0.5136392712593079,0.29821157455444336,0.7400393486022949
299,0.18482209742069244,0.536480724811554,0.29504823684692383,0.7659565210342407
300,0.17863163352012634,0.540570080280304,0.29167887568473816,0.7689406871795654
301,0.1797230839729309,0.5235934853553772,0.28842970728874207,0.7516918778419495
302,0.18079698085784912,0.5431262850761414,0.2890421450138092,0.7662826776504517
303,0.1854184865951538,0.5493243336677551,0.2976750433444977,0.7814460396766663
304,0.182097390294075,0.5494813323020935,0.28829342126846313,0.7638248205184937
305,0.1770544946193695,0.5543982982635498,0.28310519456863403,0.7671374082565308
306,0.17700189352035522,0.5585445165634155,0.28560328483581543,0.7799088954925537
307,0.1769050806760788,0.5599967241287231,0.28311052918434143,0.777172327041626
308,0.17695604264736176,0.5644484758377075,0.2826986014842987,0.7785866856575012
309,0.17890630662441254,0.558060884475708,0.2862796187400818,0.77693772315979
310,0.18060989677906036,0.5576100945472717,0.28654447197914124,0.7717633247375488
311,0.17567871510982513,0.5681214332580566,0.28230583667755127,0.78252112865448
312,0.18143855035305023,0.5552418231964111,0.286710262298584,0.7660996317863464
313,0.17476330697536469,0.5718327760696411,0.2825079560279846,0.7851338982582092
314,0.17197340726852417,0.5738524198532104,0.28003960847854614,0.7923570275306702
315,0.18066252768039703,0.5596790313720703,0.2875485420227051,0.7793096899986267
316,0.1783464401960373,0.5570069551467896,0.2819879949092865,0.7658741474151611
317,0.17590266466140747,0.5715687274932861,0.2810654044151306,0.7830930352210999
318,0.1769362837076187,0.5682703852653503,0.28241902589797974,0.7814933657646179
319,0.17998845875263214,0.5666207671165466,0.28867271542549133,0.7875944375991821
320,0.18009045720100403,0.5675332546234131,0.2860738933086395,0.781486988067627
321,0.18346504867076874,0.5623106956481934,0.29012331366539,0.7816615700721741
322,0.1759280115365982,0.5705695748329163,0.2819005846977234,0.7841120362281799
323,0.17875811457633972,0.5769644379615784,0.28828373551368713,0.7987791895866394
324,0.1806468516588211,0.5691280961036682,0.2882482409477234,0.7849041819572449
325,0.17767611145973206,0.5699966549873352,0.28451767563819885,0.7844662070274353
326,0.1735331416130066,0.5773418545722961,0.2798377275466919,0.7903535962104797
327,0.17770908772945404,0.5820125937461853,0.2863139510154724,0.8009933829307556
328,0.17572009563446045,0.578803539276123,0.2823452651500702,0.7898356914520264
329,0.16631698608398438,0.6018654108047485,0.2748631536960602,0.8176028728485107
330,0.16861365735530853,0.5953114032745361,0.2754511833190918,0.8063163161277771
331,0.1737545281648636,0.574712872505188,0.27790969610214233,0.7822712063789368
332,0.17490704357624054,0.5769136548042297,0.2786422669887543,0.7831201553344727
333,0.1758669763803482,0.5779181718826294,0.2798008322715759,0.7859731912612915
334,0.18232031166553497,0.58310866355896,0.28960543870925903,0.79610675573349
335,0.17482492327690125,0.5825783014297485,0.2817460000514984,0.7952858209609985
336,0.17994627356529236,0.578009843826294,0.2855863571166992,0.7880613803863525
337,0.17403142154216766,0.5782290101051331,0.2780378758907318,0.7849145531654358
338,0.17751559615135193,0.5845204591751099,0.28340160846710205,0.7983027100563049
339,0.18042448163032532,0.5817118883132935,0.28717249631881714,0.7954235672950745
340,0.17075631022453308,0.5965344309806824,0.2779408395290375,0.8111082911491394
341,0.16601593792438507,0.6136527061462402,0.2747995853424072,0.8262712359428406
342,0.17455130815505981,0.5851751565933228,0.28037938475608826,0.7966578006744385
343,0.1790764033794403,0.5893712043762207,0.2858008146286011,0.8004730343818665
344,0.1765347421169281,0.5892704129219055,0.2825985252857208,0.7999595999717712
345,0.17932075262069702,0.5808627009391785,0.28556540608406067,0.7950360774993896
346,0.17958901822566986,0.5818122625350952,0.2842806279659271,0.7902163863182068
347,0.17941875755786896,0.5889270305633545,0.2870296835899353,0.8039734959602356
348,0.17796926200389862,0.5862285494804382,0.28208988904953003,0.7906280755996704
349,0.17894604802131653,0.5847073197364807,0.2849467396736145,0.795137345790863
350,0.17375448346138,0.5894497036933899,0.2801378667354584,0.8018365502357483
351,0.1790936291217804,0.5853546857833862,0.284199059009552,0.7960916757583618
352,0.17370718717575073,0.5891581773757935,0.2785240709781647,0.7969104051589966
353,0.16837236285209656,0.6029112935066223,0.2752366065979004,0.8157434463500977
354,0.17860600352287292,0.5838525891304016,0.2851082682609558,0.7956401705741882
355,0.17437298595905304,0.5939730405807495,0.28121957182884216,0.8060548305511475
356,0.17434439063072205,0.5973207354545593,0.2822636067867279,0.8145869374275208
357,0.17671851813793182,0.5935428142547607,0.28263911604881287,0.803864598274231
358,0.1790853589773178,0.5919943451881409,0.28394365310668945,0.7983960509300232
359,0.1723836362361908,0.6026520133018494,0.2793068289756775,0.8159121870994568
360,0.17800961434841156,0.5996742844581604,0.2844713032245636,0.8105654716491699
