epoch,L_x,L_u,lambda_u,L_reg,L_total
6,1.5745089673414463,0.001267640707764502,37.40853658536585,0.0030784325492454736,1.6132098936453099
6,1.552235095966153,0.0017573423351433764,37.40853658536585,0.003121103800083624,1.6038041926011806
7,1.3917031960827964,0.0015151728047168858,56.160714285714285,0.004363339787925638,1.4667375646886371
7,1.3622844559805733,0.0014820935243430237,56.160714285714285,0.004295731718940217,1.4355912177335648
8,1.2811674743748167,0.0013999824524126305,74.9102870813397,0.005536931251625766,1.3782417933906665
8,1.319217968500402,0.0014453582283506018,74.9102870813397,0.005184963690317525,1.4190463326764449
9,1.284652857837223,0.0013994445602986075,93.66071428571429,0.005691587438230359,1.4081236839294433
9,1.2594976825373514,0.0013573304425725447,93.66071428571429,0.0066415872214184634,1.3803293568747383
10,1.2419970166115535,0.0013484804198101517,112.41071428571429,0.006386354463618426,1.3873530240285965
10,1.2653779129187266,0.001391641762373703,112.41071428571429,0.006139424016388754,1.4149747652666909
11,1.2111462371771415,0.0012775945384445283,131.1602870813397,0.007438880837027821,1.3743184913288464
11,1.2253440936406454,0.0013050271501664872,131.16071428571428,0.007175951977703898,1.3913325602100008
12,1.220509192672386,0.001299691745697993,149.9111374407583,0.006619113275640031,1.4097437779485331
12,1.2167457635933754,0.0013052800684611168,149.9111374407583,0.006189094278166927,1.406214802186071
13,1.2103644332614556,0.0013146571590459213,168.6611374407583,0.007306630383311855,1.4271167468685675
13,1.19215963359149,0.0012490621950248925,168.6615566037736,0.007254293469606705,1.3985363022898727
14,1.1848973828666616,0.0012327032774645079,187.4115566037736,0.0072016313146000275,1.4117590332368635
14,1.1998068585779995,0.0012737564158833352,187.4111374407583,0.00748273661201246,1.4339949282424709
15,1.1831003219451544,0.001245493761605346,206.1615566037736,0.007795860113373975,1.4362099128511716
15,1.199757289492859,0.001266967019374825,206.1615566037736,0.007249974078424099,1.456585460395183
16,1.1780269106604018,0.0012191621990839266,224.91155660377356,0.008115754205786254,1.4491138742217478
16,1.1748630868376426,0.001234912270688856,224.91155660377356,0.007854872044913893,1.4489741775224794
17,1.1683355088524976,0.0012261160801573625,243.6619718309859,0.008455971811194096,1.4641494138140074
17,1.1679579072965767,0.0012194404897734716,243.66155660377356,0.007851293840981528,1.4615631809212126
18,1.1704310707642998,0.0012264038003519824,262.4119718309859,0.008189593533604917,1.4889832306915605
18,1.1683008947842557,0.001217025690553535,262.4119718309859,0.008857062595848326,1.4851948036834108
19,1.1532900011595426,0.0011882946163551454,281.1619718309859,0.009768355296741069,1.486101872764283
19,1.1806383272197758,0.0012497875932495274,281.1623831775701,0.008108042628791567,1.5286479628531733
20,1.1562511834180411,0.0011942454518372096,299.9119718309859,0.009022487482676903,1.5122571439250534
20,1.162936202517138,0.001220533219843823,299.9119718309859,0.007926054750328683,1.5255350820335425
21,1.1624580515879337,0.0012015889058211626,300.0,0.008839318246981042,1.5317740451509707
21,1.169124504116094,0.0012091955131411586,300.0,0.008853122929250386,1.5407362769697315
22,1.1689158625624798,0.0012326610086785404,300.0,0.008125933095235032,1.5468400945817982
22,1.1772814665999367,0.0012580113970700685,300.0,0.008506556389696687,1.5631914425676114
23,1.156229250898985,0.0011879722731923423,300.0,0.009545151287881292,1.5221660816780875
23,1.2005461584690005,0.001259106560474868,300.0,0.007920501413646825,1.5861986293349155
24,1.156063691199383,0.0011836348273399696,300.0,0.00880483146996246,1.5199589679174335
24,1.1582001308414425,0.0011818637225774736,300.0,0.009092815634881573,1.5218520646340379
25,1.1281179643680002,0.0011578026997680541,300.0,0.009524225415096175,1.4849829985716632
25,1.1410452781721603,0.0012057513391144227,300.0,0.008696680674112814,1.5114673697671226
26,1.1373559574748195,0.0011727503522537476,300.0,0.009034996489496079,1.498216057932654
26,1.1548493019370145,0.001171174735307347,300.0,0.008671772160545684,1.5148734921632812
27,1.1458427700885507,0.001186426399752151,300.0,0.008988909743899523,1.510759596491969
27,1.1334565481474232,0.001168460815029522,300.0,0.00964278063282024,1.4936375717784083
28,1.1386607386345087,0.0011700712466547482,300.0,0.00881912590080309,1.4985012414843537
28,1.1332738089007,0.0011596057788728802,300.0,0.007904999876438185,1.4890605438587277
29,1.1388608678071588,0.00117532617352683,300.0,0.0090099004618996,1.5004686233070161
29,1.1386316388152367,0.001150497960110823,300.0,0.008892881251914904,1.4926739080007687
30,1.1381014320894935,0.0011693937827726374,300.0,0.008892147063068767,1.4978117129513036
30,1.1254813003319282,0.001155460955622537,300.0,0.0092931261105049,1.481412716485836
31,1.136438042477325,0.0011703272416694003,300.0,0.01036150800387582,1.4978977290016633
31,1.1279726963904169,0.0011688721142827827,300.0,0.00963336351129261,1.4882676957382097
32,1.1335005268523222,0.0011441660739163854,300.0,0.010088824875189275,1.4868391738509252
32,1.1250903828199519,0.001149864406812243,300.0,0.00920801729743564,1.4792577214019242
33,1.1224362977125026,0.0011355182874400202,300.0,0.008476478644836418,1.471568259652014
33,1.1436147618403631,0.0011706166525965787,300.0,0.00895739133976194,1.50375715186519
34,1.1215416179146878,0.0011294789642073907,300.0,0.009463986719222089,1.4698492962260579
34,1.1203978471457958,0.0011379152049442011,300.0,0.008962419237596568,1.4707348261166502
35,1.1112151890300042,0.001128301618561192,300.0,0.009073148694885678,1.4587788251943365
35,1.1174794195426836,0.0011529514715086272,300.0,0.009361284938037258,1.4727261436206323
36,1.129126154882018,0.0011574092916854602,300.0,0.008525827050869983,1.4848747709379768
36,1.1178304599942985,0.0011397448949908183,300.0,0.008908298338711675,1.4686622247099876
37,1.1298920033721749,0.0011808527335834288,300.0,0.009169264718967089,1.4933170905900657
37,1.1053876217898972,0.0011352810946212006,300.0,0.009195482454459192,1.4551674256084162
38,1.1170527278552955,0.0011415516382001752,300.0,0.008698464527915013,1.4682166829087218
38,1.1231825426220894,0.0011516025020952198,300.0,0.009055376626309697,1.47771867364645
39,1.1230051244298618,0.0011691504594098122,300.0,0.008514050301595556,1.48226431508859
39,1.1144719808189958,0.0011402226260138883,300.0,0.008704934332787094,1.4652437095840771
40,1.1297952736969348,0.0011513518833520789,300.0,0.009512222861909928,1.4847130623680573
40,1.1212782499976972,0.0011743189957988565,300.0,0.008985401759962744,1.482559351053106
41,1.121964400265074,0.0011656117802035183,300.0,0.009746155918314023,1.4813940862906143
41,1.1098008335188583,0.0011346913958766014,300.0,0.009703197947668808,1.4599114504677277
42,1.1044494336651218,0.0011269391564253186,300.0,0.009668200619063825,1.4521993774972204
42,1.1089055812853272,0.0011392503052473516,300.0,0.009635903287790544,1.46031657918807
43,1.108513207754232,0.0011237546095296243,300.0,0.009930949968238649,1.4555705392964975
43,1.1192163934401416,0.001147187389155696,300.0,0.009201351284057996,1.4725739641473927
44,1.1051967229954032,0.0011246972832406417,300.0,0.011046164015004802,1.4536520661309709
44,1.111962184653304,0.0011467317739943651,300.0,0.009307820349931717,1.4652895369837362
45,1.1243087132589533,0.0011835325970698935,300.0,0.009244283920777705,1.488612770487409
45,1.1124632085135224,0.0011367200519473062,300.0,0.009578988848920536,1.4630582152156655
46,1.102369035443952,0.0011209958725960814,300.0,0.009009507685376134,1.4476773030197565
46,1.1129077700299954,0.0011477144652659312,300.0,0.00993427205638567,1.467156382875705
47,1.0992594101560225,0.0011311838683168139,300.0,0.009550046479038963,1.448164615882646
47,1.1119584443931756,0.0011453738231973697,300.0,0.01036418775474215,1.4659347756667072
48,1.1142273141491799,0.0011340274381899803,300.0,0.009709333317474492,1.4641448816945475
48,1.1164569409068572,0.0011553399196992534,300.0,0.009440240212032623,1.4724991518423098
49,1.1014742455724198,0.001136186157947638,300.0,0.009957136764418556,1.4522872273273733
49,1.1131414967002693,0.0011408750441559176,300.0,0.009866417631403439,1.4652704235028338
50,1.1025283858863586,0.0011121326505576063,300.0,0.009756755646651422,1.4459249451072937
50,1.1096737571575674,0.001122408201284964,300.0,0.009778970968373086,1.4561751850189701
51,1.1119701632665933,0.0011492569035307905,300.0,0.010110746503064255,1.4668579782367845
51,1.1019267665076367,0.0011141830534901693,300.0,0.009761250776363202,1.4459429358557072
52,1.121529862694784,0.0011613444827546135,300.0,0.009896202809647273,1.4798294084334591
52,1.1118909962680361,0.0011382026000027418,300.0,0.009084798839934375,1.4624365762286229
53,1.106726643415766,0.0011386957052676434,300.0,0.01042605131873092,1.4587614005858744
53,1.1065091518087125,0.001118479692937866,300.0,0.009073832399134925,1.451126896186706
54,1.088271429232501,0.0011041346030126096,300.0,0.010347403451338957,1.4298592168803608
54,1.1101302746768411,0.0011531215079488089,300.0,0.008690170452560056,1.4647568940571998
55,1.1065931246368164,0.0011441211222559897,300.0,0.009324330009878912,1.4591537924534683
55,1.090533159741568,0.0011192733884378926,300.0,0.009895224980753632,1.4362104088068008
56,1.1067340417539693,0.00113898340945417,300.0,0.010155005865309336,1.4585840685726845
56,1.0860419071048772,0.001113067167611374,300.0,0.009831429696257372,1.4297934885418744
57,1.1170094122081042,0.0011430278835875582,300.0,0.00989099281954847,1.469808774451687
57,1.0926382019432312,0.0011120044154760112,300.0,0.009932301715315414,1.4361718299738857
58,1.1125078938867403,0.001131827830066947,300.0,0.00954299929687864,1.4615992432859934
58,1.1026865470846858,0.0011373095904848615,300.0,0.009915049122689172,1.453794472534722
59,1.0930938625007594,0.0011035911678795815,300.0,0.009402352032772855,1.4335735628911115
59,1.0991555847432635,0.001129481281685737,300.0,0.009534447853359471,1.447534420074673
60,1.0801795190627421,0.001105071236502268,300.0,0.009749976305051818,1.421450866471737
60,1.0930680967695703,0.0011391089333238483,300.0,0.010357392443266744,1.4451581706649148
61,1.1071305045294106,0.0011354462596600654,300.0,0.010195645055660995,1.4579600224254328
61,1.0998151903852411,0.0011248126628150771,300.0,0.009634168675476942,1.4468931583089566
62,1.0959845434088227,0.0011262932052427835,300.0,0.010572614804029875,1.4444451168042804
62,1.090876997064013,0.0011147019311031669,300.0,0.009894966077350012,1.4351825473505422
63,1.0852515224469912,0.0010978179806768638,300.0,0.009942995177137606,1.424539910817365
63,1.0905138094853695,0.0011093769829252451,300.0,0.009665508166573564,1.4329924170048005
64,1.0888912325058508,0.0011042012561245079,300.0,0.010158928432672737,1.4303105424303528
64,1.0799698553500918,0.0010937278677224515,300.0,0.010425765319394136,1.4185139864956566
65,1.087047986481168,0.0011148803004698076,300.0,0.009715674603101583,1.431227749093957
65,1.0975650105302193,0.0011332135329386603,300.0,0.00955113428368416,1.4470802074698008
66,1.087892310061586,0.0011210104709847857,300.0,0.01027886316590353,1.4344743178525101
66,1.0969662377823433,0.0011127582457784104,300.0,0.009409109548321122,1.4402028243291323
67,1.0805253522581162,0.0010897213889213627,300.0,0.010184342396704982,1.4176261095695843
67,1.0866625410154325,0.0011198752928993007,300.0,0.009903490846686134,1.432528619099101
68,1.1008646908131512,0.0011272832605754956,300.0,0.009954905905760824,1.4490045766938817
68,1.0943458470851863,0.0011293743484542965,300.0,0.00986863339222015,1.4430267859811652
69,1.0966136501594024,0.001103150978583885,300.0,0.009540149019184438,1.4370990921150555
69,1.0843810352016257,0.0011003985744528898,300.0,0.010208830203367695,1.424709438461147
70,1.100923972587063,0.0011054289138654767,300.0,0.01065747073285928,1.4432101178931318
70,1.0972656961445395,0.0011429493991949396,300.0,0.00996575106390365,1.4501162707533466
71,1.0866362150401285,0.0011156488637350602,300.0,0.009715863290884995,1.431046736839155
71,1.091407234265924,0.0011091908699403343,300.0,0.009510744099407435,1.4336752352649218
72,1.0965967564822332,0.0011241187911095803,300.0,0.009450965745961422,1.4432833578488597
72,1.0593521337803096,0.0010758078833574165,300.0,0.010512780887181083,1.3926072811971517
73,1.1028539320649622,0.0011423550261509899,300.0,0.010427474575840175,1.4559879142399792
73,1.083146251091674,0.0010941880204944476,300.0,0.010989111879006981,1.4223917692763621
74,1.0952243992727098,0.0011072466320030765,300.0,0.00997957909802936,1.4373779680630931
74,1.0956590790814216,0.0011264294684424552,300.0,0.010310123770694258,1.4438980462354258
75,1.0843482580903459,0.001106303194394233,300.0,0.01022694217249513,1.4264661506430742
75,1.08275663114469,0.0011413532138082258,300.0,0.009788106759548734,1.4349506986797402
76,1.0847339050410545,0.0011288802359799629,300.0,0.010429807339016705,1.433827785052121
76,1.0855166038421735,0.001108945895823093,300.0,0.009928843042638883,1.4281292111361952
77,1.0877228772531362,0.0011163125080816644,300.0,0.010307883994747379,1.4329245153083106
77,1.0900810646684203,0.0011112371811241371,300.0,0.009622818391693577,1.433075035815914
78,1.072585843845245,0.0010921360184961862,300.0,0.010575298203898747,1.410801946843436
78,1.0900532004508106,0.001123429170878477,300.0,0.009966655226889998,1.4370486102320932
79,1.0825030956094124,0.0011094675811866646,300.0,0.01041329061489161,1.4257566575046
79,1.0912406213207333,0.0011391246017040983,300.0,0.01026578887459316,1.4432437926122588
80,1.088370236631942,0.001125157652603522,300.0,0.010097434688954864,1.43601496769413
80,1.070779302076662,0.0010944648435048028,300.0,0.009862866388744415,1.4089816182715709
81,1.0815586935390125,0.001112274000347084,300.0,0.009892060050994834,1.4251329516822642
81,1.0726442647306886,0.0010912388723426536,300.0,0.010338093524109828,1.4103540228382092
82,1.0894650860464192,0.001121403415422657,300.0,0.010867574311724809,1.4367536823499147
82,1.0938291312897042,0.0011412522837426088,300.0,0.010146065706548761,1.4463508839476598
83,1.0843872758475217,0.0011296728322949176,300.0,0.009979090607852082,1.4332682197744195
83,1.0855324016586285,0.0011186628130936494,300.0,0.01011711040184276,1.4312483525439486
84,1.0929427534341811,0.0011100193891748363,300.0,0.009562291846271944,1.4355108629573474
84,1.079145036603762,0.001118416216072401,300.0,0.00979200369023535,1.4244619104415859
85,1.0919010733088401,0.0011459495631720633,300.0,0.01043183648465499,1.446117774808788
85,1.0814261111222445,0.0011074375727992147,300.0,0.009581025930113035,1.4232384148798032
86,1.0707528260621157,0.0010726637942504815,300.0,0.010683791423004798,1.4032357600602237
86,1.0803645400151813,0.0011233378615821436,300.0,0.00971994200534268,1.4270858345510753
87,1.077584879506718,0.0011043889393807728,300.0,0.01024207026083869,1.4191436369310726
87,1.080623835325241,0.0011000425017713992,300.0,0.009406413186595521,1.4200430035591125
88,1.0753265853341856,0.0010940398398035134,300.0,0.010718069479430783,1.4142566086494759
88,1.0890097079211718,0.0011290520341635244,300.0,0.010151224080090449,1.437876541592759
89,1.0681157227266918,0.0010955269664753525,300.0,0.010639994125813245,1.4074138035828416
89,1.0676657424125497,0.001074512082749561,300.0,0.009981963168999785,1.4000013277410917
90,1.0612445983019743,0.0010674819901892493,300.0,0.010173619001976808,1.3916628165678544
90,1.0732067427851937,0.0011059499141993002,300.0,0.010399554871996357,1.4153912649913267
91,1.0888652370734648,0.001116749932936562,300.0,0.010579513152002949,1.4344697269526394
91,1.0902978841554034,0.0011161028676063077,300.0,0.010099678047382358,1.43522842716087
92,1.1040003637200622,0.0011492278358445091,300.0,0.010445811047928926,1.4592145264965215
92,1.0959061897015787,0.001102081126625742,300.0,0.010553139640513371,1.4370836706848833
93,1.072131939909675,0.0010865363965752873,300.0,0.009664634635290978,1.4077574930407784
93,1.0755983127034419,0.0011132386539367423,300.0,0.010429740435822302,1.4199996459974003
94,1.063633300534122,0.0010724688697947597,300.0,0.010234406787783043,1.3956083717955847
94,1.076848045059535,0.0010993862765167146,300.0,0.0108017891185086,1.4174657300727007
95,1.0865923670205202,0.0011292393095738425,300.0,0.010788000827993858,1.4361521645025774
95,1.0591268553037076,0.001080948858655836,300.0,0.010138280149634298,1.39354978957677
96,1.0759207780502702,0.0010886903583512272,300.0,0.010038991180167758,1.412566878752077
96,1.0716745417956348,0.0011026298768922567,300.0,0.009578524831444297,1.4120420339989335
97,1.0580214844508604,0.0010737857744309374,300.0,0.010419369153466753,1.3905765882947227
97,1.0687269309884337,0.001077989501039791,300.0,0.010655638672513505,1.4027794169508703
98,1.0708247095210368,0.0011087296768219198,300.0,0.010468443024257139,1.413912056243583
98,1.0761742860078811,0.0010956467391224577,300.0,0.010449168176009235,1.4153174752538855
99,1.065364881266247,0.0010888219970431898,300.0,0.009491160943765531,1.4015026366168803
99,1.059951342235912,0.0010597716514232822,300.0,0.011067878660237925,1.3889507133852352
100,1.0774810713800518,0.0010912714987749827,300.0,0.01051082296339287,1.4153733443130145
100,1.072917675971985,0.0011056976302907886,300.0,0.010346387433607808,1.4149733532558788
101,1.0680691391229629,0.0010772912060598504,300.0,0.01024795150892301,1.4015044553713365
101,1.0661066654053601,0.0010737233345439149,300.0,0.01029566913546825,1.39851932823658
102,1.0757708520921943,0.0011008349639314683,300.0,0.010243111085912136,1.4162644488082083
102,1.0663460782983087,0.001076555221251593,300.0,0.009984975984447043,1.3992976158857346
103,1.068103209679777,0.001094332543355201,300.0,0.010708499494516714,1.4071114718914033
103,1.0684603983705694,0.0010936734929352745,300.0,0.010070030272684313,1.406632476774129
104,1.0701954782009124,0.001084173430651638,300.0,0.00991605593695898,1.4053635719147595
104,1.047030330384703,0.001063134744109535,300.0,0.011407850439911155,1.377378605136044
105,1.0640300067320263,0.0011149897290867877,300.0,0.010912992704455575,1.4094399185213324
105,1.0538793306916816,0.0010617857650889841,300.0,0.011894868938762643,1.3843099273503099
106,1.0914441921395255,0.0011197366071577911,300.0,0.010658740141475786,1.4380239161182211
106,1.0556846535913476,0.0010532043547609813,300.0,0.010418766685314986,1.3820647254382095
107,1.0561935531822118,0.0010421373906534758,300.0,0.010456629675305026,1.3792914013970983
107,1.0684130636128513,0.001100044060083085,300.0,0.010493167593482544,1.4089194452220744
108,1.0658989785747095,0.0010869259570344266,300.0,0.010314857699400323,1.4022916276346553
108,1.0726084216544618,0.0011328313878171791,300.0,0.009663967458216568,1.4221218067761425
109,1.0749412943783416,0.0011078153716822337,300.0,0.010075378322072294,1.417361289126688
109,1.0709139198473054,0.0011147095063769315,300.0,0.010503137024910483,1.415829906997071
110,1.0509000905535437,0.001065761367631653,300.0,0.010531206037425859,1.3811597098003734
110,1.0659135157411748,0.001076946615119761,300.0,0.010427517509511248,1.3994250216267325
111,1.0559024772860788,0.0010916336235161658,300.0,0.010568592199971054,1.3939611657099291
111,1.0563350309025157,0.0010656396872946062,300.0,0.010341865888436918,1.3863688122142446
112,1.0581118201667612,0.001081490844808286,300.0,0.010867553895381703,1.3934266277334906
112,1.0733035770329562,0.0011254290121459317,300.0,0.00987789247142659,1.4208101777867836
113,1.0695420248941943,0.0011001978254750033,300.0,0.010457065198782154,1.4100584425709464
113,1.0608807555653832,0.0010875976459250192,300.0,0.010650968571743843,1.3978110213171353
114,1.0664261985908856,0.0010929898419734937,300.0,0.010828413768798452,1.4051515674049204
114,1.0544079712846062,0.0010580595293008214,300.0,0.010600920008834112,1.3824267474087801
115,1.0443852077830922,0.0010595945580544966,300.0,0.010877716431224888,1.3731412952596491
115,1.0614142756570468,0.0010865163384799169,300.0,0.010622100993482904,1.3979912822896785
116,1.0650995812632822,0.0010982677943750538,300.0,0.010812257174190812,1.4053921729326249
116,1.0673024933446538,0.0010850631178155627,300.0,0.009901193292303519,1.402722622047771
117,1.0472329819903654,0.0010643744506984864,300.0,0.010871172147250958,1.377416495554048
117,1.0709169003096495,0.0010988078381077768,300.0,0.010530924972739409,1.4110901802778244
118,1.048002774720867,0.0010540040861602583,300.0,0.010730212242831582,1.3749342099444506
118,1.0695324074138295,0.0010892045199976895,300.0,0.009916197321250696,1.406209958954291
119,1.0576898452898138,0.0010556498524885982,300.0,0.010936651573427124,1.3853214562755742
119,1.0619002764875238,0.0010863120033966632,300.0,0.010490643197077919,1.3982845227826726
120,1.0686932459675889,0.001074774688840907,300.0,0.010482666517789075,1.4016083209223338
120,1.051525178822604,0.0010808591386276848,300.0,0.011016591430895707,1.386799511990764
121,1.054792116988789,0.0010606835347557947,300.0,0.009830148863098161,1.382827325571667
121,1.047663100199266,0.0010659599683342756,300.0,0.010678185713054105,1.3781292755495418
122,1.0731268789280544,0.0010905935435651124,300.0,0.011062045051419939,1.4113669893958352
122,1.0658964227546346,0.0010853212418045256,300.0,0.010837416905401782,1.4023302159526132
123,1.0501099780201912,0.0010578689523919654,300.0,0.010365286653607406,1.3778359499844637
123,1.0724613620684698,0.0011217240297485235,300.0,0.010347076185991592,1.4193256446139306
124,1.041694617000493,0.0010491746185421521,300.0,0.011443212101320651,1.367890213565393
124,1.0542693393959848,0.0010731694114194613,300.0,0.010960720671919178,1.3871808898503377
125,1.0539093865589662,0.0010681677196936851,300.0,0.01053987950806252,1.3848995853554118
125,1.0448418356714206,0.001054264587464498,300.0,0.01154460728050492,1.3726658234499158
126,1.0504215009072249,0.0010584695308155283,300.0,0.010745864232993639,1.3787082242210527
126,1.0573859195903414,0.0010831734530071463,300.0,0.011117559882951268,1.3934555188563076
127,1.049730436503887,0.0010573892373279456,300.0,0.010915518036662516,1.3778627319769425
127,1.0599805840037086,0.001079913425597955,300.0,0.010866787809539926,1.394821399314837
128,1.0607188213955272,0.0011006136397058567,300.0,0.01022031965707852,1.401123230565678
128,1.0482126756147905,0.0010649094362055291,300.0,0.01047983039488,1.3781653374433518
129,1.0369675101204352,0.0010345717563309748,300.0,0.011005188623146917,1.3583442238244143
129,1.0629062040359187,0.0010719616581081114,300.0,0.011220122189197808,1.395714821319235
130,1.0499486099589954,0.0010609040518333628,300.0,0.010462257786738602,1.3786820872263474
130,1.0548066993104925,0.0010789960439209468,300.0,0.010530297139794377,1.3890358080151934
131,1.0365186859579647,0.0010266514906946283,300.0,0.010795251752894659,1.3553093787771544
131,1.0552456856313335,0.001070299292482621,300.0,0.010751206052755069,1.3870866767960977
132,1.0418830346737513,0.0010187621474660074,300.0,0.011573978049714304,1.3590856604446653
132,1.0751870538853951,0.0011352896259737314,300.0,0.0097464670604137,1.425520407398362
133,1.0409859631935396,0.0010557897561187623,300.0,0.01086794310860437,1.3685908371506772
133,1.0686764589764854,0.0010988703344165431,300.0,0.011001400430475108,1.4093389589678158
134,1.0557179732681954,0.0010699471209616057,300.0,0.011179209248796446,1.3878813184559617
134,1.0677030234854685,0.0010831838623015842,300.0,0.011011682361221084,1.403669859758869
135,1.0409016424959356,0.0010271573332085444,300.0,0.010950924438128078,1.3599997704679316
135,1.0668122697638593,0.00109462354722386,300.0,0.01090597378442991,1.4061053068670508
136,1.057714494927363,0.0010837348242851228,300.0,0.011009045160079205,1.393843990293416
136,1.0486441753568692,0.0010662514138787698,300.0,0.011506395174266257,1.380025997151077
137,1.035364023970263,0.0010461083307021562,300.0,0.010186723487691878,1.3593832464779125
137,1.0602778851716228,0.0010868442625811374,300.0,0.01082311666937233,1.3971542786149418
138,1.053534676586341,0.0010662287085451928,300.0,0.010898823020726915,1.384302105299488
138,1.0555758392268961,0.0010792880328319204,300.0,0.01101563080764291,1.390377878871831
139,1.0521045071157542,0.0010832036222299477,300.0,0.010762460449371826,1.3878280580043794
139,1.0481619222597642,0.0010681242106577635,300.0,0.010928628802172501,1.3795278148217636
140,1.0560107473873985,0.001082317850039429,300.0,0.010501046648156319,1.3912071542502529
140,1.0417344033448406,0.0010567309593779721,300.0,0.010861945072003552,1.3696156351814444
141,1.0474049893979034,0.0010502008242928738,300.0,0.010544321651473574,1.373009564650005
141,1.0530550811625174,0.0010647678960323318,300.0,0.010864726699703285,1.3833501802850092
142,1.0617274872281335,0.0011044834829094313,300.0,0.010324342590650883,1.4033968722278423
142,1.0526067343625156,0.0010880902978401123,300.0,0.010828908150803975,1.389862735434012
143,1.0441487515134509,0.0010391162698919888,300.0,0.01038122356856638,1.3662648489572344
143,1.03523825163191,0.001038800574182956,300.0,0.010891475001434711,1.3577699016440998
144,1.0430583783171394,0.0010630740449414588,300.0,0.010867383330002088,1.372847978906198
144,1.0546059727129353,0.0010521120857447386,300.0,0.010799777324256651,1.3810393732057977
145,1.0478417946533722,0.0010501273844221776,300.0,0.011283336776647378,1.3741633488373324
145,1.039732839302583,0.0010566047877628906,300.0,0.01062166378410025,1.3673359407619996
146,1.0499134407387123,0.001064031380493517,300.0,0.010694393180184872,1.3798172436318956
146,1.0433254315094513,0.0010506150759200946,300.0,0.010923520408951762,1.3694334760308267
147,1.0470710839081674,0.0010570987933410155,300.0,0.01147557434212939,1.3756762977638934
147,1.0588955722071909,0.0010795792007808234,300.0,0.010132580464282497,1.3929019115187906
148,1.0421699858524582,0.001067813662005144,300.0,0.010784053614109078,1.373298141631213
148,1.043741066482934,0.0010518114902714098,300.0,0.010330771557478743,1.3696152920072728
149,1.048612202993885,0.0010775821386179065,300.0,0.01138422024600646,1.3832710684694316
149,1.0353459162949437,0.0010316884582356562,300.0,0.011526077484282164,1.3563785318335797
150,1.0551110256362606,0.0010616323524700092,300.0,0.010739946685446141,1.3843406723426268
150,1.0402039143834179,0.0010349374627683953,300.0,0.010813319872289357,1.3614984677927526
151,0.9881622659730481,0.0009164710708491102,300.0,0.010126681208635706,1.2732302637787554
151,0.9859515271403573,0.0009349565397397699,300.0,0.009955624524842608,1.2763941128145564
152,0.9593918849756052,0.0008927227786075122,300.0,0.010816981133937769,1.23802569750193
152,0.965667309390532,0.0009086790168448142,300.0,0.010130118584965129,1.2484011329240627
153,0.9563744188965978,0.0008872226618051,300.0,0.011765853349782258,1.2343070654718726
153,0.9504249776537353,0.0008896299271958645,300.0,0.011723441959081872,1.2290373941262562
154,0.9500699470172057,0.0008812832302856468,300.0,0.011510346713056369,1.2259652654866915
154,0.9408510956946794,0.0008738461008367783,300.0,0.011019937807341685,1.2140248621906247
155,0.9527898012522624,0.0008859923166184239,300.0,0.01112011864973491,1.2297076179307673
155,0.9460299401669889,0.0008661373440928228,300.0,0.01181323107894141,1.2176843744677466
156,0.9271277970558888,0.0008418904637749021,300.0,0.011168692131979845,1.19086362690002
156,0.9336270732922597,0.0008586353676389433,300.0,0.011303770108366603,1.2025214551805377
157,0.941040798082008,0.000873893370898021,300.0,0.011504183032524746,1.2147129908338323
157,0.9433924750896847,0.0008634682772148634,300.0,0.011781620001629195,1.2142145745957378
158,0.9335243921108844,0.0008589634428405299,300.0,0.011319403674436792,1.2025328291905835
158,0.922364978245021,0.0008313361213531036,300.0,0.011881155609215856,1.1836469724039327
159,0.9404574117145023,0.0008649757729218182,300.0,0.011894511872785049,1.211844652085691
159,0.9345041379198298,0.0008444251810664076,300.0,0.012159496844695831,1.1999911843119442
160,0.9308072762906284,0.0008431036948516647,300.0,0.012089749151890922,1.1958281290905357
160,0.9345435671207616,0.0008418543951146329,300.0,0.011618388317642324,1.1987182749226488
161,0.9342196712044857,0.0008575455523137788,300.0,0.012267827480246267,1.2037511647014874
161,0.9179063244250858,0.0008287236899463251,300.0,0.012407373807146611,1.1789308013937398
162,0.9275397294839935,0.0008221035790598362,300.0,0.012519268678175495,1.1866900669619642
162,0.9231941085225264,0.0008295234243151619,300.0,0.011737874514870178,1.1837890110742886
163,0.9086287955799445,0.0007974155332826312,300.0,0.012513508076357734,1.1603669652489803
163,0.9355906178598447,0.000867306535140582,300.0,0.011765771528764422,1.2075483448836835
164,0.9222462268153648,0.000826807041693481,300.0,0.01165442968063023,1.1819427686956432
164,0.919135197395701,0.0008203102570813308,300.0,0.012424161936461325,1.177652435986985
165,0.9182362396086278,0.0008248548288208395,300.0,0.012166339404997938,1.1778590278240597
165,0.9244678921229101,0.0008348273331322394,300.0,0.011699628030605648,1.1866157244673758
166,0.9173403216584382,0.000828339607250457,300.0,0.01213461477330347,1.1779768154225543
166,0.9140497822932598,0.0008245602930972202,300.0,0.012905802483766469,1.1743236750765231
167,0.9104295196554586,0.0008109964446907011,300.0,0.012646102238939281,1.166374555350419
167,0.9091992299385669,0.0008181284815140878,300.0,0.012923765860731826,1.1675615437629512
168,0.91426299051319,0.0008101037184283922,300.0,0.012893667835074021,1.1701877745277678
168,0.9181552660304869,0.0008358793864872374,300.0,0.012209733456348158,1.1811288146160108
169,0.9000280166687987,0.0007869635034282587,300.0,0.012451632253224272,1.1485687054593468
169,0.9052526277276968,0.0008127143267999432,300.0,0.013120019808411598,1.1621869409565433
170,0.901562211224851,0.0007886475557278667,300.0,0.013133714681349261,1.1512901938015034
170,0.9010459725899547,0.0008090030595557367,300.0,0.012906391841814658,1.156653282888267
171,0.913130352181704,0.0008296523448220775,300.0,0.012158003195101236,1.1741840598829123
171,0.9108971011210985,0.0008075773383693294,300.0,0.012428286801731307,1.165598589475914
172,0.9130924336044243,0.0008075109456802589,300.0,0.012465118800160463,1.1678108399224387
172,0.9102531230503134,0.0008104160053351676,300.0,0.01287339877069932,1.1662513296967665
173,0.9012100640433787,0.0007884326974173273,300.0,0.013741465310478424,1.1514813354731674
173,0.8923517589879143,0.000767077687689763,300.0,0.0138344158785994,1.1363094874027064
174,0.907480962875178,0.0008154557367255327,300.0,0.012967579444711653,1.165085261445409
174,0.9091218292980451,0.0008077237719430843,300.0,0.012962333558361159,1.1644012946719011
175,0.8998449146747589,0.0007907355036779678,300.0,0.01320061101390241,1.1502661729072776
175,0.8995792578421367,0.0007857720614536227,300.0,0.012653400177645576,1.1479642753376555
176,0.9052656929054602,0.0007992806399894686,300.0,0.012324434233152813,1.1573743154649778
176,0.9115978241501368,0.0008229140971156647,300.0,0.012034177736299856,1.1705062285132473
177,0.9036733887655318,0.0007752353649674142,300.0,0.012725998881385732,1.1489699985414343
177,0.8849311294577047,0.0007730189056932872,300.0,0.013479539475115558,1.1303163408698522
178,0.8974490267278902,0.0007859099139326311,300.0,0.012856063366170154,1.146078068980187
178,0.9069243958178123,0.00080389516565671,300.0,0.012848575741486967,1.1609415235540792
179,0.9017266192778344,0.0007982097108101351,300.0,0.013061868012235437,1.1542513989279624
179,0.9108405694565965,0.0008185790990575346,300.0,0.013337371597325454,1.1697516668537806
180,0.8958758503332266,0.0007920239599434149,300.0,0.013741868917700822,1.1472249036412603
180,0.8934460293017161,0.000779611443082234,300.0,0.01320971824821803,1.1405391767955146
181,0.9013971122391021,0.0007930202829868704,300.0,0.0126549320007286,1.1519581322712749
181,0.8951613087825177,0.000777442268625261,300.0,0.013758124432823048,1.1421521116265267
182,0.8911987424164075,0.0007647011500721664,300.0,0.012746932490357101,1.1333560148429442
182,0.8967678051091096,0.0007831160041880523,300.0,0.013418925113792243,1.1451215308343348
183,0.8996140751068902,0.0007819910403215765,300.0,0.013651665156047307,1.1478630520837725
183,0.9014152996743207,0.0007863809007314982,300.0,0.013660664757872375,1.1509902360995254
184,0.8832643236547307,0.000763240500830684,300.0,0.01369634124705142,1.1259328141608045
184,0.8947876948412223,0.0007843792426369608,300.0,0.013424495349934683,1.1435259652779242
185,0.8885275803072036,0.0007716179791432827,300.0,0.013986283819287213,1.1339992550723756
185,0.8854397254674424,0.0007673139422750853,300.0,0.013274357010998801,1.128908262926367
186,0.8837000438985269,0.0007818893454039694,300.0,0.014196981005621197,1.1324638315380422
186,0.8936808937868195,0.0007762693028193335,300.0,0.012876297455832296,1.1394379876654244
187,0.8934472164498316,0.0007792954234460644,300.0,0.014077965343462912,1.1413138118560004
187,0.8822683710688433,0.0007684561217750837,300.0,0.013831311500643801,1.12663652129772
188,0.8932352889279079,0.0007787698524458033,300.0,0.013267620791359533,1.1401338653446849
188,0.9045366626149336,0.0007957076087292292,300.0,0.013114903529379267,1.15636385422651
189,0.8890082181301887,0.0007700263989792777,300.0,0.013333236634722941,1.1333493757408295
189,0.890501747216879,0.0007772413163989857,300.0,0.01347918818692255,1.1371533277323427
190,0.8898877266276578,0.0007694573137066598,300.0,0.013507907581620019,1.1342328190803528
190,0.8837457660067777,0.0007638741559855381,300.0,0.01276272102864668,1.1256707374825072
191,0.8865012707454818,0.0007721824004940052,300.0,0.013903844987258449,1.1320598340992416
191,0.8889426682562037,0.0007649751061901467,300.0,0.01428070513848967,1.1327159043919346
192,0.8950848154422948,0.0007851561047230751,300.0,0.013601211190950376,1.1442328640698318
192,0.8902079997575871,0.0007740710514170565,300.0,0.013230929466490654,1.1356602500906974
193,0.8861576413627162,0.0007714943651260282,300.0,0.01347023474820994,1.1310761872962987
193,0.8881862599218907,0.0007655152753063356,300.0,0.013750969448999707,1.1315918067645598
194,0.891789976791416,0.0007849902496281636,300.0,0.013911768785707084,1.1411988197955316
194,0.8817623981980465,0.0007557765623586432,300.0,0.014344390999575901,1.1228397587489654
195,0.88125372252294,0.0007460669300728893,300.0,0.013678609632604224,1.118752412231905
195,0.8873174457806643,0.0007707923081716013,300.0,0.013437697375736161,1.1319928348331707
196,0.8896502937971209,0.0007653268330287806,300.0,0.013814200367360906,1.1330625398811203
196,0.8874881927456174,0.0007729794045059991,300.0,0.013491127889470331,1.1328731426703078
197,0.8771293036338994,0.0007565665512184942,300.0,0.014605921739085908,1.1187051924889397
197,0.8949801239318081,0.00077103042869047,300.0,0.013517727408075839,1.1398069786706142
198,0.8784456050821713,0.0007504383617872788,300.0,0.013538824329901087,1.1171159337141685
198,0.8829304928492222,0.0007591429598505783,300.0,0.014021311657935647,1.1246946922370367
199,0.8882025139672416,0.0007680706771679979,300.0,0.01369626351307878,1.1323199799018246
199,0.896381214261055,0.0007715573565292289,300.0,0.013990882245707326,1.1418393017458064
200,0.8803517020174435,0.0007551748110797364,300.0,0.01385403293118413,1.120758176648191
200,0.8854830131402465,0.000769981960497166,300.0,0.014375775812335746,1.1308533781847077
201,0.8846992601507476,0.0007706723812849045,300.0,0.014068091963833598,1.1299690665411097
201,0.8904777241072485,0.0007892543129465983,300.0,0.012865657627116889,1.140119676345161
202,0.8817646958466087,0.0007562869385375441,300.0,0.013633039291432527,1.1222838256508112
202,0.8900808971375227,0.0007614962851221208,300.0,0.013835075677759181,1.1323648568774973
203,0.8829645510496837,0.0007454777673631595,300.0,0.013516351145101777,1.1201242312256778
203,0.8841654088880334,0.0007685954623671673,300.0,0.01345225334080169,1.1281963009387255
204,0.8836806984618306,0.0007734103168591641,300.0,0.013894092500517477,1.129597891521241
204,0.8682225961238146,0.000733558552188437,300.0,0.014059349897641888,1.1023495133434023
205,0.8795806470194033,0.0007491975093216752,300.0,0.014881281558440864,1.1192211869305797
205,0.8775860560791833,0.000753046076332404,300.0,0.013895272549624289,1.1173951544665865
206,0.8708619486008372,0.0007200231735363819,300.0,0.014571712034272164,1.1014406107632178
206,0.8830020808215652,0.0007461450067499495,300.0,0.014404239586188592,1.121249821037054
207,0.8849214357989175,0.0007591759746381806,300.0,0.013838196624419652,1.126512425020337
207,0.8794724004609245,0.0007432218003162104,300.0,0.013656690091011114,1.1160956283232994
208,0.8730799973543201,0.0007439669025513597,300.0,0.013110748053544998,1.1093808182382159
208,0.8782890138349363,0.0007395223330084784,300.0,0.0128476986948434,1.1129934135824442
209,0.8816426187487585,0.0007485210994673253,300.0,0.014459802215112307,1.1206587555685215
209,0.8795085532058563,0.0007522250320367416,300.0,0.013559201615862548,1.1187352643215231
210,0.8860874647008521,0.0007551620380711808,300.0,0.013147595313577247,1.125783675749387
210,0.8799903235797372,0.0007390448425082598,300.0,0.013255675860688956,1.1149594515029873
211,0.8769770953804255,0.0007394135672516963,300.0,0.014374851215896862,1.1131760153387273
211,0.8776485031204564,0.0007406930721377389,300.0,0.013428352902077936,1.1132847739915763
212,0.8673298739429031,0.000728290400404928,300.0,0.014998416861219863,1.10081540367433
212,0.8692384656252605,0.0007330831905554598,300.0,0.0147550027987953,1.1039184245413967
213,0.8813972284219095,0.0007499933002951106,300.0,0.013867649659264967,1.120262865775398
213,0.8749907060659358,0.0007424849743854013,300.0,0.013880128808003584,1.1116163271612354
214,0.8755160503621612,0.0007478420110211508,300.0,0.014954936945287045,1.114823596285922
214,0.8889403095734971,0.0007752439166454549,300.0,0.013774990055285994,1.1352884764117854
215,0.8778177716636232,0.0007368797223209965,300.0,0.0147727654922554,1.1136544503803765
215,0.8658192270834532,0.0007201823832961704,300.0,0.014780971047002822,1.0966549115255475
216,0.8716592674276659,0.0007454589734671961,300.0,0.014351283383023525,1.1096482440563185
216,0.8772992353354182,0.0007348819286952286,300.0,0.014115663721375833,1.111879475414753
217,0.8771731095122439,0.000744433945718421,300.0,0.015324040902279583,1.115827340632677
217,0.8675967823447925,0.0007267357150989742,300.0,0.013924549005293687,1.0995420393134867
218,0.8610877787162151,0.0007035059132119516,300.0,0.014241580965712533,1.0863811363066946
218,0.8803386455401778,0.000756011761690648,300.0,0.014437254324937905,1.121579424877252
219,0.8702407258429697,0.0007382882262975597,300.0,0.01486006496686189,1.1065872622919934
219,0.8679386650079063,0.0007309499859015237,300.0,0.014468301923313578,1.1016919618206364
220,0.8697357044688293,0.0007275703540342095,300.0,0.014415129981768717,1.102421939106924
220,0.8774672573698419,0.000749139003736283,300.0,0.014218671299334216,1.116427633379187
221,0.8813112559063094,0.0007517651704672192,300.0,0.014352678277646191,1.1211934834718704
221,0.861597732773849,0.0007215911759236146,300.0,0.013965425189651017,1.0920405111142568
222,0.865008438937366,0.0007250793032004107,300.0,0.014510374352019946,1.0970426046156458
222,0.867659797093698,0.000737359525373904,300.0,0.014306858236003401,1.103174511875425
223,0.8584130966503706,0.0007203963156955849,300.0,0.014911286973594022,1.0894432786319936
223,0.8808941284992865,0.0007778292676578401,300.0,0.014326630164370207,1.1285695414990187
224,0.8712785148194858,0.0007339117517923503,300.0,0.01437390231460865,1.10582594600107
224,0.8772200755774975,0.0007527466180233335,300.0,0.014089144677979806,1.117133207087006
225,0.8613406880093473,0.000711069576839561,300.0,0.014680670522336316,1.0893422298665558
225,0.8714769035577774,0.0007413308430841425,300.0,0.014336024082565148,1.1082121854914087
226,0.8649959616096956,0.0007206920638184654,300.0,0.014456562864195024,1.0956601416692138
226,0.8598810667172074,0.0007330641051664445,300.0,0.014700333648111805,1.0945006336218543
227,0.8653745732403227,0.0007380279737714902,300.0,0.014410963891090691,1.1011939270954048
227,0.8655900140958173,0.0007356592627729697,300.0,0.014560442319114892,1.1008482367864676
228,0.8738920760474035,0.0007574718024443428,300.0,0.013813161540643446,1.1149467804602213
228,0.8681991840047496,0.0007291331174721043,300.0,0.015013485699975198,1.1019526086747646
229,0.8676229023507663,0.0007203342626261085,300.0,0.0142299974125178,1.097953171070133
229,0.8641198306743588,0.0007220873697276277,300.0,0.014073751095565967,1.094819791348917
230,0.8539825990529997,0.000702504225111105,300.0,0.014846686321626683,1.0795805526099034
230,0.8699024198576808,0.0007159450858905204,300.0,0.014547300439776987,1.0992332472066795
231,0.8698137385238495,0.0007393415122740927,300.0,0.014605895069377896,1.1062220885817493
231,0.8659412529585617,0.0007386709847066543,300.0,0.014628337997627179,1.102170888733651
232,0.8743297409798417,0.0007410948115713316,300.0,0.014168913661186317,1.110827099531889
232,0.8794715526912894,0.0007414209009896565,300.0,0.014483086147395494,1.1163809038698673
233,0.8645311731046864,0.0007279859843427923,300.0,0.01415890139781238,1.0970858646822828
233,0.8640514515074236,0.0007039961512548741,300.0,0.014896021569646629,1.090146318078041
234,0.870221883058548,0.000733678910332206,300.0,0.015038483497586899,1.1053640396733369
234,0.862060255237988,0.0007183419708261292,300.0,0.013976057950847982,1.0915389050330435
235,0.8689360214131219,0.0007205159824609707,300.0,0.01355719183837729,1.0986480068947588
235,0.8636321531874793,0.0007293657522170958,300.0,0.014499313545197115,1.0969411938318185
236,0.8631934816283839,0.0007231112528123569,300.0,0.015852937909325453,1.0959797935294253
236,0.8718008007854223,0.0007313786633338688,300.0,0.014438943322082716,1.1056533426578556
237,0.865633364500744,0.000738841923228912,300.0,0.014938795487978496,1.102224735809224
237,0.8644598057227475,0.0007136295421332761,300.0,0.014552245474728156,1.0931009076801794
238,0.8668738632862057,0.0007385822396892243,300.0,0.014282109247038275,1.1027306427380867
238,0.873417312944574,0.0007334997706688487,300.0,0.014108468855348682,1.1075757167169027
239,0.8631109095045498,0.0007257878930561544,300.0,0.014630941773897834,1.0954782223062856
239,0.8678058666576233,0.000733966033327046,300.0,0.014809504103530864,1.1028051802090235
240,0.8748090835288167,0.0007340105278542199,300.0,0.014261786574414665,1.1092740228133542
240,0.8494459156479154,0.0006989677297367182,300.0,0.014681731374626647,1.073817963179733
241,0.8547049649059772,0.0007157072738794211,300.0,0.015564110137347598,1.084981257095933
241,0.849849755476628,0.0007006323853277406,300.0,0.015338184393060925,1.0753776580095291
242,0.857510387099215,0.0007116368461603477,300.0,0.015167275447830824,1.0861687151981252
242,0.8662536873349121,0.0007154275123022151,300.0,0.014293318319167676,1.095175254557814
243,0.8590868763359529,0.0007272726398761213,300.0,0.014888056278453275,1.092156724472131
243,0.8639349532978875,0.0007123587387078649,300.0,0.014649544705337445,1.0922921252037798
244,0.8564231696405581,0.0007117044126516703,300.0,0.014404600874903346,1.084339096343943
244,0.8641859137320093,0.0007236453190151744,300.0,0.015577307644499732,1.0968568184013878
245,0.870565694889852,0.0007183134174998226,300.0,0.014590763716634163,1.1006504805492503
245,0.8624748006196958,0.00070681269166276,300.0,0.015177307502848894,1.0896959145154272
246,0.8576844990519541,0.000708275395092122,300.0,0.015254848967223162,1.0854219647922687
246,0.8528587921921696,0.0007013302409697124,300.0,0.015296244395098515,1.0785541090049915
247,0.8529671441231456,0.0007148272693159795,300.0,0.015094967103712926,1.0825102955901198
247,0.8601436298340559,0.0007393891843808628,300.0,0.014852082333943275,1.0968124690864767
248,0.8595795639391456,0.0007157366879774989,300.0,0.015172621630231984,1.0894731903182608
248,0.8579666669081364,0.0007116234173086663,300.0,0.014856466692955499,1.0863101628742047
249,0.8678662191544261,0.0007160229951555916,300.0,0.015307459480287175,1.0979805725759693
249,0.8549492115687046,0.0007214387546322801,300.0,0.014859993646885934,1.0862408305651374
250,0.869467874057591,0.0007316394625312179,300.0,0.0138481310527173,1.1028078432594026
250,0.8548171959285226,0.0006997169415886414,300.0,0.01575150187168869,1.080483774255429
251,0.8647280037403107,0.0007286021223730391,300.0,0.015588068097713403,1.0988967094038213
251,0.8613759824740035,0.0007085168430031834,300.0,0.014811322716663458,1.088742358610034
252,0.8668710522885833,0.0007313671625459912,300.0,0.01420398051725767,1.1004851825003112
252,0.8585030907498938,0.0007121610521738018,300.0,0.014695791120175272,1.0868471999253546
253,0.8657568397798708,0.0007295493492165406,300.0,0.014559773293772846,1.0991814165775264
253,0.8459503035992384,0.0006907219583678982,300.0,0.015628535974039032,1.0687954250190939
254,0.8705531212368182,0.0007377392631886843,300.0,0.014752904183946416,1.1066277983731456
254,0.8524129704705307,0.0007110743484385498,300.0,0.015135280293179676,1.0808705585077405
255,0.8643977406567761,0.0007198895842261013,300.0,0.015028782758495904,1.0953933942530836
255,0.8596429421699473,0.0007212626967754789,300.0,0.015111925038841687,1.0911336702161603
256,0.8517737126510058,0.0006907253059580398,300.0,0.014785105562103646,1.073776406369039
256,0.86679827408599,0.0007176057955738153,300.0,0.014854202398315206,1.0969342134360756
257,0.8570333305480224,0.0007056593952776373,300.0,0.015034499586493309,1.0837656544255359
257,0.8644404115953616,0.0007210213887317098,300.0,0.014531120445878645,1.0952779499015637
258,0.8588339156870332,0.0007019947554129301,300.0,0.014928629508566311,1.0843609749738659
258,0.8635412104693907,0.000711587645192984,300.0,0.01506495290751835,1.0920824509646212
259,0.856475890081908,0.0007146481467706119,300.0,0.014607164403839436,1.0854775004887156
259,0.8635434681283576,0.0007226185130093654,300.0,0.015734508034906218,1.0960635266133718
260,0.8434318117797375,0.0006925120470831254,300.0,0.015190072773423578,1.0663754979946785
260,0.8468385682042155,0.0006937767555622745,300.0,0.015748808066876206,1.0707203998629535
261,0.8542404506089432,0.000688987348244804,300.0,0.01603454730190736,1.0769712034878987
261,0.8585038793140224,0.0007100910436617726,300.0,0.014516158509650268,1.0860473497637682
262,0.8617262401218925,0.0007205632337640314,300.0,0.015513851656578481,1.0934090614318848
262,0.858826087122517,0.0007050085906225181,300.0,0.015656859932018312,1.0859855208545923
263,0.8589081281263914,0.0007012015344116662,300.0,0.014990693909307342,1.0842592806688376
263,0.8609557247587613,0.0006989429976524012,300.0,0.015467499070967148,1.0861061281923736
264,0.8568713892517346,0.0007178703678099348,300.0,0.015165226380174448,1.0873977298449193
264,0.8669731742037194,0.0007327771078442831,300.0,0.014967332972446457,1.101773636947785
265,0.8553959894925356,0.0006897231404374386,300.0,0.014875409103946627,1.0771883436079537
265,0.8547532034239599,0.000704669178048789,300.0,0.01480638340789093,1.0809603370726109
266,0.8681751428438085,0.0007304793018972434,300.0,0.014896981539745216,1.102215914055705
266,0.8524888261620488,0.0006834941887713544,300.0,0.01569315279318419,1.0732302330434322
267,0.845480375391032,0.000697288716602478,300.0,0.015035800452876304,1.0697027923805373
267,0.8545127477762955,0.0006978310556990307,300.0,0.014734114353944148,1.0785961780431015
268,0.8499916124024561,0.0006903541330172759,300.0,0.015005017224341697,1.0721028702599662
268,0.8700517541063684,0.0007235618169423626,300.0,0.014886507153278217,1.1020068049963032
269,0.839479906883623,0.0006908466266395408,300.0,0.014871315379943033,1.0616052116134338
269,0.8529201384101596,0.0006975476709223065,300.0,0.014723872352208543,1.0769083124718495
270,0.8567994896854673,0.0006789873790304617,300.0,0.01564402574980964,1.0761397334613971
270,0.8578024538499969,0.0007136804454473479,300.0,0.01533067282122959,1.0872372621670365
271,0.8531090514734387,0.000718150376412398,300.0,0.015149064754950814,1.0837032330621565
271,0.8503779090408768,0.0007127067874534987,300.0,0.01502633313897864,1.0792162806860037
272,0.8512140150581088,0.0006926905373672655,300.0,0.015888942736117833,1.074910119308957
272,0.8432941923716238,0.0006968656223956973,300.0,0.015229689107010407,1.0675835718533822
273,0.8538487976683038,0.000700035491685672,300.0,0.015015543731611356,1.078874983026513
273,0.8492812163063458,0.0006969489392888915,300.0,0.014974950230680406,1.0733408552727528
274,0.8571446039048689,0.0007138821137004925,300.0,0.015617651553059528,1.086926887743175
274,0.8534378573032362,0.0006911723744451592,300.0,0.015580257723091304,1.0763698289436954
275,0.860688439038183,0.000705550637478934,300.0,0.015618057871636535,1.0879716870508023
275,0.8639916785593543,0.000725864678250738,300.0,0.016719693101809492,1.0984707746122564
276,0.8614742770524961,0.0007120932993335113,300.0,0.014646194270296422,1.0897484529497368
276,0.8507636784176741,0.0007028240488905015,300.0,0.015486809839785565,1.077097699046135
277,0.8585179353665028,0.0007233681845458964,300.0,0.015371674960728601,1.0909000668408615
277,0.8667694276997021,0.0007346689105491221,300.0,0.015498124075488054,1.1026682233703988
278,0.8562209811061621,0.0006974105708650313,300.0,0.014980142486040546,1.0804242976009846
278,0.8578780743160418,0.0007084510112430767,300.0,0.014980162489726874,1.0853935377672315
279,0.8554841528779694,0.0006964553030489437,300.0,0.015064914482146767,1.0794856564274855
279,0.8736229046647038,0.0007383023363607728,300.0,0.01561537322829411,1.110728977780257
280,0.8580245838633606,0.0007090544341476093,300.0,0.014702189894576025,1.085443105016436
280,0.8605635896591204,0.0007118222891092176,300.0,0.015149479777651973,1.0892597621838962
281,0.8577112079198871,0.0007155207591884911,300.0,0.01448608841123392,1.086853523073452
281,0.8556148051949484,0.0007053821403652753,300.0,0.015419124769063533,1.0826485681214504
282,0.8611333944967815,0.0007012791710232184,300.0,0.014263286949634286,1.0857804319156068
282,0.8466497755476406,0.0006837093028480012,300.0,0.015758581962602745,1.0675211459664362
283,0.851959687258516,0.0006893238779477022,300.0,0.01548474634806293,1.0742416006645985
283,0.8434218085770097,0.0006890652059610147,300.0,0.015353457424290744,1.0654948295227118
284,0.8456066003335374,0.0006965810569324406,300.0,0.015024454312099676,1.0696053699191128
284,0.864881443125861,0.0007356936986135614,300.0,0.015241357863747649,1.100830916049225
285,0.8394657600937145,0.0006601487046152345,300.0,0.016580002719170546,1.0540903720206447
285,0.8547181074640581,0.0007233682434031964,300.0,0.015259176549859279,1.0869877561926842
286,0.8547093411907554,0.000701933607160754,300.0,0.01536047067617931,1.0806498878768511
286,0.8565852386610848,0.0007011912265235358,300.0,0.01476916807379374,1.0817117749580316
287,0.8575554254597851,0.0007209486826858276,300.0,0.015270755159560525,1.0891107842326164
287,0.8373135666229895,0.0006802034147962591,300.0,0.016242810722490373,1.0576174011720079
288,0.850012479483017,0.0006892211030650028,300.0,0.015098403378423038,1.07187721612198
288,0.8626360536686012,0.0007104138077076121,300.0,0.014308359627778242,1.0900685571666275
289,0.8449621224509818,0.0006820989188034739,300.0,0.015464581876585726,1.0650563792192511
289,0.8567582773310798,0.0007087685153237544,300.0,0.014777313159096852,1.0841661464156849
290,0.8594381657562086,0.0007071467553032562,300.0,0.015031242233817466,1.0866134305085455
290,0.8546889368444681,0.0007040103150107566,300.0,0.015289659379050136,1.0811816906290395
291,0.8454187540337443,0.0007014124332889489,300.0,0.015557143710403969,1.071399630180427
291,0.8411522454449109,0.000677027604329591,300.0,0.015474184056594302,1.059734709427825
292,0.8474983309528658,0.0006926367635904691,300.0,0.016376337141472113,1.0716656954692942
292,0.8556156054671321,0.000695239748795627,300.0,0.015565723656826387,1.0797532540080803
293,0.852563118029918,0.0006880095732932594,300.0,0.014881443756166846,1.0738474383418048
293,0.8515783461875149,0.0006852049235541406,300.0,0.015013710874232597,1.0721535350063018
294,0.8497705325218183,0.0006709231450453704,300.0,0.015019726430182345,1.0660672060080938
294,0.8558550963976553,0.0007054397039740122,300.0,0.015372353745208654,1.0828593610120671
295,0.8476741456293634,0.0006819141288880408,300.0,0.015192282290497263,1.0674406663913811
295,0.8596156548176493,0.0006970615101766141,300.0,0.014795592175297705,1.0835296987955059
296,0.8562378997272916,0.0006963989648890371,300.0,0.015359883724401394,1.0805174737506442
296,0.8530648968049458,0.0006990449842305679,300.0,0.014919758383517287,1.0776981495852982
297,0.8439436208988939,0.0006826774445016781,300.0,0.015225134203709396,1.0639719884576542
297,0.846971109376422,0.0006876500221031685,300.0,0.015617464595249788,1.0688835832157306
298,0.8576633388708744,0.000702697147192209,300.0,0.014612348088121507,1.0830848320786441
298,0.8487153282122952,0.0006838984359092137,300.0,0.01569887284547024,1.069583729973861
299,0.8489550952134388,0.000664018821940512,300.0,0.015577545391611889,1.0637382930144668
299,0.8508903377556375,0.0006832468345042539,300.0,0.01618024917011748,1.0720446442386933
300,0.8502936686522194,0.0007031165116586635,300.0,0.014975391854282602,1.0762040124141745
300,0.8352453735257898,0.0006599157626072026,300.0,0.01581617239155873,1.0490362724023206
301,0.8457591590870704,0.00068704800868805,300.0,0.015160929243263257,1.067034495196172
301,0.8364629527287823,0.0006682130090536832,300.0,0.016257527835218104,1.0531843836818422
302,0.8350197801233402,0.0006600709457253677,300.0,0.01620694869156328,1.0492480141775948
302,0.8377967403669443,0.0006627496976696941,300.0,0.015912508481830758,1.052534159006817
303,0.8394617945221918,0.0006565072568654225,300.0,0.015353974173194729,1.0517679434269667
303,0.8453927064048392,0.0006724914333712409,300.0,0.01593209037881544,1.0630722240145718
304,0.8279258034058979,0.0006459925080629805,300.0,0.01622357939361661,1.0379471337156636
304,0.8410027406311461,0.0006586989401122472,300.0,0.015363895565055177,1.0539763138762541
305,0.8369388423327889,0.0006427827993320534,300.0,0.01619305476404926,1.0459667327148574
305,0.8328680748652134,0.0006546097422090368,300.0,0.015897985084198547,1.0451489835977554
306,0.8338678497821093,0.0006437670239003117,300.0,0.015810430083157762,1.0428083927503653
306,0.8266094289720058,0.0006350258860753197,300.0,0.014563303542672656,1.0316804968086737
307,0.8369908456557563,0.0006515756949738716,300.0,0.016239324721807082,1.0487028738217694
307,0.828484068092491,0.000649032093048975,300.0,0.015766797784765783,1.0389604871826512
308,0.8250854753756097,0.0006351243370902791,300.0,0.015814619860196086,1.0314373979344964
308,0.8309038475688014,0.0006501462873334926,300.0,0.016804097669332156,1.0427518306033952
309,0.8249983909939017,0.0006430394577949171,300.0,0.01631989073731737,1.0342301218105214
309,0.8209958535486034,0.0006280273045636672,300.0,0.015485494023388518,1.0248895401933364
310,0.8295066569532666,0.0006336963139282099,300.0,0.015288902741823611,1.0349044451223952
310,0.8319400330739362,0.0006494561962751634,300.0,0.01670559117753458,1.0434824853603328
311,0.8309017454407045,0.0006359056253911279,300.0,0.016941890590325265,1.0386153270623513
311,0.8211612110691411,0.0006294435841027735,300.0,0.015835516223367967,1.0258298024002994
312,0.8206076337290662,0.0006201372435238486,300.0,0.016342052528800975,1.0229908599119102
312,0.8284052610397339,0.000641070069442711,300.0,0.01566658380449683,1.0363928639729107
313,0.8264684078416654,0.0006388720983717836,300.0,0.01553098062036692,1.0336610171943903
313,0.8282818932618413,0.0006375990997184999,300.0,0.015560320106617707,1.035121941406812
314,0.8316153567284346,0.0006500179640949812,300.0,0.015000953771440046,1.0416217023240668
314,0.8253354871911662,0.0006282734875315198,300.0,0.015367088608659938,1.0291846179004227
315,0.8268234463674682,0.0006538478838332854,300.0,0.01604355343442876,1.03902136481234
315,0.8212567791342735,0.0006314619846697107,300.0,0.016596354082659154,1.0272917287158114
316,0.8275465334632567,0.0006261395381313507,300.0,0.017071424266240292,1.0324598214189922
316,0.8244842932160411,0.0006418862616166214,300.0,0.01657692705651113,1.033627095765301
317,0.8299004885235003,0.0006400123026456381,300.0,0.016032052465431792,1.0379362340484346
317,0.8275066394624966,0.0006388047341455863,300.0,0.015009590432912643,1.0341576485495483
318,0.824938145599195,0.0006351484026124256,300.0,0.016820611739863774,1.0323032744761025
318,0.8283077918791345,0.0006307096722853853,300.0,0.01649510304767838,1.0340157970786095
319,0.8192871404545647,0.000616012847948306,300.0,0.016149019496099624,1.0202400126893605
319,0.8249757065038595,0.0006416849918683251,300.0,0.016219894058719677,1.0337011041119695
320,0.8130430897165623,0.0006156509270372876,300.0,0.016002446674974635,1.0137408168188162
320,0.8116379519924521,0.0006059035228450479,300.0,0.016149370093314377,1.009558382843222
321,0.822121581727905,0.0006250078820357885,300.0,0.015771213054124798,1.0253951666610581
321,0.8278803226671049,0.0006277838749286145,300.0,0.01672583343835348,1.032941321177142
322,0.8297646810699787,0.0006433600417169925,300.0,0.016795946289286285,1.0395686433517508
322,0.8205773818439671,0.0006184736924491777,300.0,0.016666850241433297,1.0227863358865892
323,0.8276290956086346,0.00062185938129135,300.0,0.015782484832535765,1.0299693934087242
323,0.8257369478898389,0.0006427535631376356,300.0,0.015896157432247753,1.03445917407849
324,0.8135423641651869,0.0006044884071993043,300.0,0.01676888297203862,1.0116577693926436
324,0.8220401196075338,0.0006336339861913334,300.0,0.01669077062355687,1.0288210913006748
325,0.8182011201445546,0.000620269435330556,300.0,0.016020935656602626,1.0203028841476356
325,0.822061596970473,0.0006250018057666498,300.0,0.016669780325693346,1.026231920878802
326,0.8214447100513748,0.0006196766880748328,300.0,0.016182694490583214,1.0235304120661957
326,0.8166000896266529,0.0006026347238210812,300.0,0.014836693396708662,1.0122271979759847
327,0.8139949456921646,0.0006192738558508738,300.0,0.016050159602725347,1.0158272609114647
327,0.8250869914357152,0.0006250928293606453,300.0,0.015601813362861452,1.028216652572155
328,0.81749888270029,0.0006245596412424805,300.0,0.016514205007946918,1.0213809803660427
328,0.813326755804675,0.0006291403158554333,300.0,0.01732152099222211,1.0193903714950596
329,0.8179871505126357,0.0006087438016818071,300.0,0.01532100080554041,1.015931288977819
329,0.8279066003326859,0.0006362474083354235,300.0,0.016369983792953593,1.0351508070847817
330,0.8288545938474792,0.0006477604357704487,300.0,0.016553458570602482,1.0397361854889564
330,0.8111107716602939,0.0006095159833746168,300.0,0.016724224778174954,1.0106897907597678
331,0.8226582232330527,0.0006175078813482417,300.0,0.015706591368403418,1.0236171776694911
331,0.8240380979010037,0.0006324952432156092,300.0,0.016161596296504804,1.029948269283133
332,0.8283664134464094,0.0006438896375259771,300.0,0.0158809027031696,1.0374142043292522
332,0.8227989821295653,0.0006323667870771844,300.0,0.015971231493624925,1.028480248924877
333,0.80425124575517,0.000599814479073757,300.0,0.0167892198847507,1.0009848092283522
333,0.8244943698602063,0.0006316799324719925,300.0,0.01642087178229953,1.0304192234096783
334,0.8151113192683884,0.0006176352891803358,300.0,0.01624847401191281,1.0166503745796425
334,0.8270782519664083,0.000638955913180845,300.0,0.01649389834243006,1.0352589220606856
335,0.8204994089901447,0.0006149435106895648,300.0,0.01622593458367711,1.0212083961814642
335,0.8136724741863353,0.000606551224758992,300.0,0.016505665172839405,1.0121435069346003
336,0.8118799850344658,0.0006086127337831775,300.0,0.016281353201650615,1.0107451556250453
336,0.812518673017621,0.000605861020793392,300.0,0.0170625437437723,1.0113395127866949
337,0.8193631420976349,0.0006335312694513309,300.0,0.01704001637699548,1.0264625424253089
337,0.8222775226458907,0.000638532510265577,300.0,0.016367985540585193,1.0302052601639713
338,0.8160977110798869,0.0005984027724740112,300.0,0.016291853012392363,1.011910395430667
338,0.8052951198603425,0.0005932782409315353,300.0,0.016050252832688523,0.9993288455797094
339,0.8187414311936924,0.0006161543955646007,300.0,0.01652896237542986,1.0201167140954308
339,0.8216549884527922,0.0006303517937210147,300.0,0.016202171308188035,1.0269627004329647
340,0.8143003956813898,0.0006288769030951309,300.0,0.015944701840843272,1.0189081685883659
340,0.8120116687246731,0.0006166745898943711,300.0,0.016665516288152764,1.0136795581451483
341,0.8257086733356118,0.0006328402982619861,300.0,0.016312490149825214,1.0318732596933842
341,0.8116006104807768,0.0006133680628538839,300.0,0.016164389432690638,1.0117754152576839
342,0.8120981249958277,0.0006015104013061188,300.0,0.01616921777791244,1.0087204634078912
342,0.8038657155952283,0.0005804882225675101,300.0,0.016430929350982688,0.9944431088598711
343,0.815443703904748,0.0006134923158112672,300.0,0.017065907372203322,1.0165573073817151
343,0.8183279018849134,0.0006142643296373405,300.0,0.01677536235365551,1.0193825604926263
344,0.8035461880000574,0.0005925733156573187,300.0,0.0172402150783455,0.9985584024606007
344,0.8234008287212679,0.0006203152451819603,300.0,0.016013469081372023,1.0255088732976998
345,0.813236819048013,0.0006153691010370364,300.0,0.016964741722663997,1.014812293063317
345,0.8134578615427017,0.0006097787561754688,300.0,0.01651377429204461,1.0129052592175347
346,0.8225944765976497,0.0006406066870892703,300.0,0.015504178349926536,1.0302806555160455
346,0.8153203634013023,0.0006073652164429534,300.0,0.017664234395072396,1.0151941629924945
347,0.8167734996282628,0.0006344377870196435,300.0,0.01829603519997493,1.025400869947459
347,0.8068864944257906,0.0005916135001241075,300.0,0.016315623951543654,1.0006861698680691
348,0.8077511977670448,0.000601172251630747,300.0,0.01617099372379016,1.0042738716251083
348,0.8152946495850172,0.0006190479599419112,300.0,0.016791666123026516,1.0178007009838308
349,0.8054137577169708,0.0006048051951503501,300.0,0.01574098042744611,1.0025962922456009
349,0.8185214532007065,0.0006308246366383433,300.0,0.016953428518068643,1.024722273860659
350,0.8129360510834626,0.0006103714975519584,300.0,0.01717210832949994,1.013219612251435
350,0.8131099086520928,0.0006181944977145447,300.0,0.015039417480043735,1.0136076752096415
351,0.8159882970420378,0.0006180248711383943,300.0,0.016054211155278608,1.017449970224074
351,0.8210553635976144,0.0006185511666509618,300.0,0.016651363835470483,1.0232720766216516
352,0.7941962158573526,0.0005791476417990842,300.0,0.01669339947485631,0.9846339111349413
352,0.8139688755784716,0.0006103970365529676,300.0,0.016442523663239887,1.0135305096794451
353,0.8124547845550946,0.0006064727618715031,300.0,0.017429007425172522,1.0118256229907274
353,0.829663392954639,0.0006318709478624182,300.0,0.016403466300939078,1.035628141835332
354,0.8078101330569812,0.0006111787039994202,300.0,0.01588410849840979,1.0070478536321648
354,0.8071765753307513,0.0005968782627405744,300.0,0.016634472099082944,1.0028745223368918
355,0.8100196680586252,0.000618415150776335,300.0,0.016060879558998358,1.0116050859381045
355,0.8177469947508403,0.0006126353815553946,300.0,0.01644557390993993,1.0179831816681795
356,0.821975859680346,0.0006201272978095014,300.0,0.016049800690130463,1.0240638463624887
356,0.8207182527652809,0.0006141854965530261,300.0,0.015904099590053584,1.0208780020475388
357,0.8119628867134452,0.0006067753808045902,300.0,0.016653543126137395,1.0106490438005753
357,0.8095501553533333,0.0006184657988796971,300.0,0.017224362180318815,1.0123142508257712
358,0.8149343094389353,0.0006098350870940651,300.0,0.016271939023031985,1.014156767167151
358,0.8103363893127867,0.0006112467737498914,300.0,0.01670062787681153,1.0104110524324434
359,0.818738540900605,0.0006079043944607422,300.0,0.015564419085941543,1.0166742719177688
359,0.8187054343787687,0.0006264220637604012,300.0,0.016418267336640775,1.0230503208669168
360,0.8044979009511215,0.0005898802706464526,300.0,0.01760002308791237,0.9990620040999991
360,0.819775866078479,0.0006027986309423536,300.0,0.01613733375104078,1.0167527914579426
