1,1.6393651962280273,0.24389275908470154,1.8374402523040771,0.29314014315605164
2,1.5808281898498535,0.28175002336502075,1.7859469652175903,0.3090396225452423
3,1.5506763458251953,0.29741740226745605,1.7815104722976685,0.30996963381767273
4,1.4449191093444824,0.3589974641799927,1.7462730407714844,0.35836273431777954
5,1.4247856140136719,0.41650015115737915,1.7885897159576416,0.3742998242378235
6,1.4132909774780273,0.41283440589904785,1.7903753519058228,0.3731536269187927
7,0.47110840678215027,0.492143452167511,0.7133692502975464,0.6251036524772644
8,0.4309755861759186,0.4944525361061096,0.5699986219406128,0.5985952019691467
9,0.4611783027648926,0.5075144171714783,0.5505419969558716,0.5827401876449585
10,0.4577503502368927,0.5060724020004272,0.5231305956840515,0.5706363916397095
11,0.3877115547657013,0.458086222410202,0.5175675749778748,0.5831907391548157
12,0.38259372115135193,0.4613131582736969,0.5082576870918274,0.5893938541412354
13,0.3643720746040344,0.47222280502319336,0.47906237840652466,0.595519483089447
14,0.38419753313064575,0.46846047043800354,0.49623948335647583,0.587618350982666
15,0.3477449417114258,0.5285956263542175,0.4595385491847992,0.6522940397262573
16,0.38817349076271057,0.5063540935516357,0.4955153167247772,0.6132529973983765
17,0.37448570132255554,0.5057678818702698,0.4755013585090637,0.6079073548316956
18,0.3711884915828705,0.5013881325721741,0.47393548488616943,0.6108500957489014
19,0.36767786741256714,0.5136906504631042,0.46081438660621643,0.6079846024513245
20,0.3746723234653473,0.46930351853370667,0.4664636552333832,0.5671722292900085
21,0.3599517047405243,0.49564480781555176,0.4512963593006134,0.5956400036811829
22,0.3812166452407837,0.5218067169189453,0.4727974236011505,0.6163439750671387
23,0.3678053021430969,0.516359269618988,0.45487043261528015,0.6067033410072327
24,0.37944161891937256,0.5130912065505981,0.4701249897480011,0.6101353764533997
25,0.3495050370693207,0.5335732102394104,0.4306217432022095,0.6167601346969604
26,0.33954766392707825,0.5717299580574036,0.42342114448547363,0.6558091640472412
27,0.3737882673740387,0.5654110312461853,0.45296260714530945,0.6404586434364319
28,0.3506602942943573,0.5791125893592834,0.43176767230033875,0.6709802150726318
29,0.38562944531440735,0.5498598217964172,0.4663173258304596,0.6390016674995422
30,0.36609339714050293,0.5455303192138672,0.44130441546440125,0.6284162998199463
31,0.3661215901374817,0.5590857267379761,0.44081392884254456,0.6405379772186279
32,0.37310245633125305,0.5396528244018555,0.44142812490463257,0.6002826690673828
33,0.40257397294044495,0.5379531979560852,0.471836119890213,0.5947932004928589
34,0.3686968684196472,0.5857155323028564,0.43757131695747375,0.6446417570114136
35,0.39276355504989624,0.5633251070976257,0.46627116203308105,0.6298672556877136
36,0.35321924090385437,0.5786166787147522,0.4215582609176636,0.6340593695640564
37,0.34720414876937866,0.5958847999572754,0.41702646017074585,0.6589947938919067
38,0.3601202368736267,0.5851598381996155,0.4265289008617401,0.6500500440597534
39,0.3864189386367798,0.5877985954284668,0.4488166570663452,0.6417664885520935
40,0.36515817046165466,0.5951818823814392,0.4253357946872711,0.6425889730453491
41,0.3336904048919678,0.6313667297363281,0.39614686369895935,0.6817939281463623
42,0.3616407811641693,0.601432740688324,0.4149843752384186,0.6319010257720947
43,0.3915913999080658,0.6041393876075745,0.4512670636177063,0.6539726257324219
44,0.36192524433135986,0.6466306447982788,0.42295971512794495,0.6901383399963379
45,0.3701351583003998,0.6254816055297852,0.42673158645629883,0.6695547699928284
46,0.3843160569667816,0.6136190295219421,0.44307491183280945,0.6668410897254944
47,0.37319517135620117,0.6171430349349976,0.43276846408843994,0.6673857569694519
48,0.3506338894367218,0.6199242472648621,0.4051967263221741,0.6492942571640015
49,0.40416115522384644,0.5803399085998535,0.4571947157382965,0.6167927384376526
50,0.3693859279155731,0.6074274182319641,0.42726853489875793,0.6506967544555664
51,0.39486756920814514,0.6202072501182556,0.4478490650653839,0.6466303467750549
52,0.3613518476486206,0.6173686981201172,0.41973578929901123,0.6638497114181519
53,0.37226250767707825,0.6069731116294861,0.42131322622299194,0.6288052797317505
54,0.3713862895965576,0.6401491165161133,0.4192204773426056,0.6562533974647522
55,0.36591142416000366,0.6233780384063721,0.41562002897262573,0.6544767022132874
56,0.3921188414096832,0.6990827322006226,0.4434560537338257,0.716379702091217
57,0.3658151924610138,0.6437839865684509,0.41423267126083374,0.669495701789856
58,0.4086523652076721,0.6390480995178223,0.45812520384788513,0.6615098118782043
59,0.37473905086517334,0.6623535752296448,0.4203214645385742,0.6800466775894165
60,0.35242095589637756,0.6735948324203491,0.3970606029033661,0.6858588457107544
61,0.36131003499031067,0.6557583808898926,0.4129292964935303,0.685103714466095
62,0.3735816180706024,0.6561994552612305,0.4254172742366791,0.6995141506195068
63,0.35687822103500366,0.6580743193626404,0.4059540629386902,0.6851147413253784
64,0.37377628684043884,0.6486537456512451,0.417890727519989,0.659655749797821
65,0.39227843284606934,0.666614294052124,0.43820807337760925,0.680565357208252
66,0.40733879804611206,0.6603829860687256,0.45399171113967896,0.6732082366943359
67,0.39863088726997375,0.6393745541572571,0.4414463937282562,0.6491126418113708
68,0.36008939146995544,0.6657161712646484,0.4051204025745392,0.6848493218421936
69,0.3837435841560364,0.6540108919143677,0.4257795512676239,0.6640744805335999
70,0.359732061624527,0.6689251065254211,0.4025154113769531,0.6843364834785461
71,0.3713500499725342,0.6595441699028015,0.4074458181858063,0.6610313057899475
72,0.3780239224433899,0.66215980052948,0.41207635402679443,0.6518734693527222
73,0.3710935711860657,0.7079949975013733,0.40848734974861145,0.7040987610816956
74,0.37158435583114624,0.7223813533782959,0.40646934509277344,0.7168627977371216
75,0.36893588304519653,0.6828066110610962,0.40026217699050903,0.6687106490135193
76,0.39300090074539185,0.6540507078170776,0.4282945692539215,0.6481707692146301
77,0.3632359504699707,0.7637099027633667,0.3969232738018036,0.7569021582603455
78,0.36255672574043274,0.7050449252128601,0.3949262499809265,0.699920654296875
79,0.35902926325798035,0.7306970953941345,0.3871425688266754,0.7146031856536865
80,0.38041168451309204,0.6889902353286743,0.41669732332229614,0.6914909482002258
81,0.383893758058548,0.7235239148139954,0.42050087451934814,0.7231644988059998
82,0.3587781488895416,0.7167935967445374,0.3904059827327728,0.6988120079040527
83,0.35491853952407837,0.6973124742507935,0.38871148228645325,0.6922767162322998
84,0.36737871170043945,0.7226676344871521,0.40047889947891235,0.7127957344055176
85,0.37551072239875793,0.6997042894363403,0.4098123610019684,0.6921890377998352
86,0.36915212869644165,0.7205071449279785,0.40385767817497253,0.7019240856170654
87,0.3913590610027313,0.7092801332473755,0.43430644273757935,0.7296898365020752
88,0.3714609742164612,0.7512350678443909,0.40382277965545654,0.7391451001167297
89,0.3801036477088928,0.6976862549781799,0.41411563754081726,0.6900383234024048
90,0.3575720489025116,0.7114356756210327,0.3920682966709137,0.7103153467178345
91,0.40530356764793396,0.7018828988075256,0.4426237642765045,0.6979745030403137
92,0.3633853793144226,0.7292621731758118,0.3909706771373749,0.7186986207962036
93,0.36451923847198486,0.7569423317909241,0.39857184886932373,0.7495642900466919
94,0.36855626106262207,0.750690758228302,0.394902765750885,0.7296321392059326
95,0.3566780686378479,0.7514897584915161,0.37775981426239014,0.7131674885749817
96,0.37552496790885925,0.6826343536376953,0.40198153257369995,0.6625909805297852
97,0.3563937544822693,0.7461241483688354,0.38655269145965576,0.7346407175064087
98,0.35432156920433044,0.7603085041046143,0.38138851523399353,0.7413491606712341
99,0.3584323823451996,0.7288935780525208,0.3861989974975586,0.708437442779541
100,0.3861234784126282,0.7332935929298401,0.41929036378860474,0.728215217590332
101,0.3676270544528961,0.7371072769165039,0.3974665701389313,0.727342426776886
102,0.3797782063484192,0.7499500513076782,0.40653470158576965,0.7326430678367615
103,0.371101975440979,0.7810865044593811,0.40083545446395874,0.763562023639679
104,0.39064183831214905,0.76347815990448,0.4216859042644501,0.751885175704956
105,0.3739238679409027,0.7752788066864014,0.3918030560016632,0.7348537445068359
106,0.361652135848999,0.6985731720924377,0.3806058168411255,0.6662274599075317
107,0.3727877736091614,0.7169206142425537,0.39237815141677856,0.673154890537262
108,0.4108385443687439,0.7424666881561279,0.43271470069885254,0.7238409519195557
109,0.3678399324417114,0.7767931818962097,0.38398680090904236,0.7401888966560364
110,0.37699538469314575,0.8078088164329529,0.38738012313842773,0.7459333539009094
111,0.3820928931236267,0.762156069278717,0.39732059836387634,0.7151984572410583
112,0.3821426331996918,0.7794271111488342,0.39396968483924866,0.7363951206207275
113,0.385547399520874,0.7941930890083313,0.39736753702163696,0.7415144443511963
114,0.3848385810852051,0.7639032602310181,0.4011351764202118,0.727669894695282
115,0.36814048886299133,0.7391557693481445,0.38381001353263855,0.7061529159545898
116,0.387468159198761,0.7930919528007507,0.3966059386730194,0.7339973449707031
117,0.37422147393226624,0.8075174689292908,0.3866824209690094,0.7563555240631104
118,0.37242627143859863,0.8142534494400024,0.38086798787117004,0.7608906626701355
119,0.3967236280441284,0.7827862501144409,0.42991575598716736,0.783165693283081
120,0.3792790472507477,0.8005890846252441,0.39061424136161804,0.7460249662399292
121,0.3677559792995453,0.7710129618644714,0.3835514783859253,0.7278991341590881
122,0.36300569772720337,0.8125373125076294,0.38100263476371765,0.7760627269744873
123,0.36080479621887207,0.7695696949958801,0.3794090151786804,0.73259037733078
124,0.3682709336280823,0.7908564209938049,0.38459694385528564,0.7534793615341187
125,0.38289034366607666,0.7898063063621521,0.39649808406829834,0.7416787147521973
126,0.3805146813392639,0.766171932220459,0.39394012093544006,0.731153130531311
127,0.35957711935043335,0.7895066738128662,0.37011122703552246,0.7373925447463989
128,0.37578341364860535,0.8109079599380493,0.3888978958129883,0.7575113773345947
129,0.36312058568000793,0.7804072499275208,0.3757294714450836,0.7428687810897827
130,0.3754436671733856,0.7974537014961243,0.38633424043655396,0.7487466335296631
131,0.38700467348098755,0.7871779799461365,0.4029613733291626,0.7542701363563538
132,0.369099497795105,0.790058434009552,0.3782488703727722,0.7435699701309204
133,0.371567964553833,0.7736262083053589,0.38432979583740234,0.7291111350059509
134,0.3685070276260376,0.8128761053085327,0.38062503933906555,0.7710502743721008
135,0.37341856956481934,0.7686396837234497,0.38431498408317566,0.7168655395507812
136,0.36574605107307434,0.8073540329933167,0.37403249740600586,0.7457546591758728
137,0.37198546528816223,0.794154942035675,0.3878534138202667,0.7624145746231079
138,0.3844847083091736,0.7676188945770264,0.39995020627975464,0.7317219972610474
139,0.37146952748298645,0.7996558547019958,0.3800531029701233,0.7549937963485718
140,0.3649692237377167,0.8279637694358826,0.3697809875011444,0.7687361240386963
141,0.3795538544654846,0.790389358997345,0.3905017375946045,0.7426491379737854
142,0.3799959421157837,0.8008825182914734,0.3886221647262573,0.7478952407836914
143,0.37868502736091614,0.8289092779159546,0.38455426692962646,0.7547034025192261
144,0.3695310652256012,0.8505327701568604,0.37313875555992126,0.7906001210212708
145,0.3879120945930481,0.8013021945953369,0.3895761966705322,0.7399653792381287
146,0.37339282035827637,0.782479465007782,0.3781127333641052,0.7186768054962158
147,0.38431084156036377,0.7951005697250366,0.38510221242904663,0.7115214467048645
148,0.3850209712982178,0.7968108057975769,0.3818453252315521,0.7201066017150879
149,0.39139291644096375,0.8297358751296997,0.4031324088573456,0.7830510139465332
150,0.371658056974411,0.7958004474639893,0.37671929597854614,0.7357284426689148
151,0.3877369463443756,0.8672799468040466,0.3905247151851654,0.8016624450683594
152,0.35153934359550476,0.8665665984153748,0.335214227437973,0.7599042057991028
153,0.3565398156642914,0.8669635057449341,0.33705708384513855,0.7541425228118896
154,0.36498260498046875,0.8710669279098511,0.3455883264541626,0.7560727596282959
155,0.3567073941230774,0.885094404220581,0.33168095350265503,0.7616459727287292
156,0.35597914457321167,0.9029403328895569,0.33012083172798157,0.7811629176139832
157,0.35861560702323914,0.8770566582679749,0.33312156796455383,0.7538905739784241
158,0.35285279154777527,0.9137152433395386,0.3225688636302948,0.7844735383987427
159,0.36202022433280945,0.9253512024879456,0.32838544249534607,0.7878328561782837
160,0.3641176223754883,0.9263684749603271,0.3318112790584564,0.7939592003822327
161,0.3631269931793213,0.9763408303260803,0.3245609998703003,0.8304174542427063
162,0.3667551875114441,0.9597185254096985,0.3291497826576233,0.8174962401390076
163,0.3639645576477051,0.9796434640884399,0.32320868968963623,0.8260921835899353
164,0.36675775051116943,0.9715522527694702,0.3264862298965454,0.8200227618217468
165,0.3696969747543335,0.960591197013855,0.3296061158180237,0.811659038066864
166,0.3676651418209076,0.9674025774002075,0.3246665894985199,0.813589334487915
167,0.3673676550388336,0.979978084564209,0.3220776617527008,0.8182119727134705
168,0.36947035789489746,0.9875471591949463,0.3239164650440216,0.8240739107131958
169,0.37443476915359497,0.9779118299484253,0.33124110102653503,0.8187083005905151
170,0.3683423697948456,0.9889724850654602,0.3217879831790924,0.8253074884414673
171,0.3728715479373932,0.9772592186927795,0.32923099398612976,0.81685870885849
172,0.3755219280719757,0.9988206624984741,0.3269217312335968,0.8321332335472107
173,0.3796462118625641,1.0431913137435913,0.32811737060546875,0.8634088039398193
174,0.37455815076828003,1.0042146444320679,0.32312220335006714,0.8295389413833618
175,0.37915676832199097,1.0123014450073242,0.32721588015556335,0.8341356515884399
176,0.38088539242744446,0.9929370284080505,0.33367371559143066,0.8297961354255676
177,0.37975701689720154,0.9961100220680237,0.33206707239151,0.8307310342788696
178,0.3787775933742523,1.0200752019882202,0.32879307866096497,0.8533241152763367
179,0.38035309314727783,0.9837918281555176,0.3280789852142334,0.8059514760971069
180,0.38253501057624817,1.0165115594863892,0.3283105790615082,0.8414058685302734
181,0.3837701082229614,1.0258208513259888,0.32903820276260376,0.8417284488677979
182,0.38436421751976013,1.0554062128067017,0.3208971917629242,0.8471572399139404
183,0.384834349155426,1.0459654331207275,0.32840168476104736,0.8662358522415161
184,0.3898431062698364,1.0430313348770142,0.3306683897972107,0.8528053164482117
185,0.3899998068809509,1.0245429277420044,0.3318069279193878,0.8385759592056274
186,0.3893700838088989,1.0475670099258423,0.3291338384151459,0.85769122838974
187,0.3961678743362427,1.0242685079574585,0.33996471762657166,0.8426226377487183
188,0.38909825682640076,1.0058919191360474,0.3327793478965759,0.8252446055412292
189,0.38997843861579895,1.0492533445358276,0.3286621868610382,0.8556774258613586
190,0.39021366834640503,1.0316174030303955,0.32915034890174866,0.8386231660842896
191,0.39300537109375,1.0609956979751587,0.32814523577690125,0.8564044237136841
192,0.39555734395980835,1.0799658298492432,0.33050736784935,0.884462833404541
193,0.3973620533943176,1.0455918312072754,0.334263414144516,0.8469464778900146
194,0.39525824785232544,1.115267038345337,0.3317456841468811,0.9117752909660339
195,0.3999878466129303,1.0875107049942017,0.3280595541000366,0.8658884763717651
196,0.39434805512428284,1.068495750427246,0.33029600977897644,0.8671737313270569
197,0.40431317687034607,1.0587658882141113,0.3364624083042145,0.8516338467597961
198,0.41043514013290405,1.0775952339172363,0.3417469263076782,0.8678305745124817
199,0.3944671154022217,1.0548256635665894,0.3285693824291229,0.8521233797073364
200,0.39782238006591797,1.0208625793457031,0.33914148807525635,0.8406371474266052
201,0.3965950310230255,1.0290706157684326,0.33541256189346313,0.8414954543113708
202,0.3936116397380829,0.9943904280662537,0.3360649645328522,0.803351640701294
203,0.40376338362693787,1.0988216400146484,0.33028462529182434,0.8835586905479431
204,0.4052498936653137,1.0813778638839722,0.3311997950077057,0.8641987442970276
205,0.3978350758552551,1.0557265281677246,0.3350049555301666,0.8600667715072632
206,0.40209928154945374,1.032422661781311,0.33590108156204224,0.8254004716873169
207,0.41482987999916077,1.0574671030044556,0.35453739762306213,0.873923659324646
208,0.4086141586303711,1.0288015604019165,0.34602582454681396,0.8349491357803345
209,0.41813036799430847,1.0463433265686035,0.3487456738948822,0.8381972312927246
210,0.41223254799842834,1.1056658029556274,0.33853697776794434,0.8890107274055481
211,0.4182943105697632,1.0811545848846436,0.34339532256126404,0.8575799465179443
212,0.4020228087902069,1.0179178714752197,0.3386748135089874,0.826431930065155
213,0.40287137031555176,1.0713196992874146,0.3321444094181061,0.8616535067558289
214,0.4111187756061554,1.0806385278701782,0.3397653102874756,0.8681830763816833
215,0.4077840745449066,1.083689570426941,0.33405059576034546,0.8685809373855591
216,0.40860655903816223,1.1106053590774536,0.3356798589229584,0.9006368517875671
217,0.4101662039756775,1.0871362686157227,0.33542510867118835,0.8721743822097778
218,0.4240792989730835,1.104201316833496,0.34995681047439575,0.8919304609298706
219,0.41501086950302124,1.0969781875610352,0.34181588888168335,0.8849762082099915
220,0.40306293964385986,1.08175790309906,0.33612489700317383,0.8817816972732544
221,0.4116494357585907,1.0739645957946777,0.3346964120864868,0.8500704169273376
222,0.40952253341674805,1.106959342956543,0.3310489356517792,0.8841192722320557
223,0.4178336262702942,1.0988264083862305,0.34259340167045593,0.883367121219635
224,0.4239973723888397,1.1130143404006958,0.348222017288208,0.8979002833366394
225,0.41945236921310425,1.097363829612732,0.3401679992675781,0.8719222545623779
226,0.4174358546733856,1.13240385055542,0.33758828043937683,0.9105347990989685
227,0.41660985350608826,1.0924313068389893,0.34168991446495056,0.8826157450675964
228,0.411519318819046,1.0937343835830688,0.3352679908275604,0.8744184374809265
229,0.4175194501876831,1.1183862686157227,0.33700627088546753,0.8933220505714417
230,0.40962526202201843,1.1088025569915771,0.3318309187889099,0.8877688050270081
231,0.4266795217990875,1.1516211032867432,0.3442837595939636,0.9209001660346985
232,0.41224610805511475,1.066880702972412,0.33883756399154663,0.8615869879722595
233,0.4253636300563812,1.1385868787765503,0.34853485226631165,0.9262008666992188
234,0.42133450508117676,1.1235458850860596,0.341951459646225,0.9062831401824951
235,0.4231409430503845,1.120342493057251,0.34109777212142944,0.8943089842796326
236,0.411193311214447,1.0716134309768677,0.3356249928474426,0.8550070524215698
237,0.4180327355861664,1.0969688892364502,0.34114599227905273,0.8774346113204956
238,0.420316606760025,1.1045079231262207,0.34115490317344666,0.8865666389465332
239,0.41577503085136414,1.149122953414917,0.3272251784801483,0.9104484915733337
240,0.4308629333972931,1.2037081718444824,0.3390754461288452,0.9581263065338135
241,0.4174303412437439,1.1252082586288452,0.3365684151649475,0.9041632413864136
242,0.41962870955467224,1.1499836444854736,0.3335271179676056,0.9147282242774963
243,0.4158693552017212,1.106359839439392,0.3370394706726074,0.8942279815673828
244,0.43190518021583557,1.1347154378890991,0.3487452566623688,0.9062619805335999
245,0.4197359085083008,1.1212847232818604,0.3339473307132721,0.8828014731407166
246,0.41467615962028503,1.1350661516189575,0.3276836574077606,0.8994824290275574
247,0.42208200693130493,1.0993225574493408,0.3397567868232727,0.8722706437110901
248,0.4402719736099243,1.1449745893478394,0.35632261633872986,0.9205025434494019
249,0.4182971119880676,1.1282802820205688,0.32959410548210144,0.8862690329551697
250,0.42397743463516235,1.1357097625732422,0.3396102786064148,0.9072967171669006
251,0.42437922954559326,1.1473982334136963,0.33781489729881287,0.9079821705818176
252,0.4221811294555664,1.1389920711517334,0.3392792344093323,0.913892388343811
253,0.42653071880340576,1.1710299253463745,0.3376316428184509,0.9312264323234558
254,0.4357733130455017,1.153648853302002,0.3504886329174042,0.9247639179229736
255,0.42944031953811646,1.1228704452514648,0.3461993634700775,0.8980576395988464
256,0.4288041293621063,1.1493703126907349,0.34167975187301636,0.9185190796852112
257,0.4366481602191925,1.1975208520889282,0.3416885435581207,0.9454383850097656
258,0.4320855736732483,1.116025447845459,0.34951555728912354,0.8921681642532349
259,0.4273110330104828,1.1505216360092163,0.3410620093345642,0.9163872003555298
260,0.43918365240097046,1.1758195161819458,0.3531044125556946,0.9491521120071411
261,0.4215182960033417,1.1665575504302979,0.32972487807273865,0.9155679941177368
262,0.42620205879211426,1.150726556777954,0.3428846001625061,0.9262768626213074
263,0.42584627866744995,1.118817687034607,0.34228822588920593,0.8913755416870117
264,0.4355950951576233,1.1598423719406128,0.3494197130203247,0.9276573061943054
265,0.4214399755001068,1.1077450513839722,0.34040743112564087,0.8849478363990784
266,0.4429434835910797,1.1228097677230835,0.3639785051345825,0.9076123833656311
267,0.4284905791282654,1.1477614641189575,0.3437129557132721,0.92079097032547
268,0.43329891562461853,1.1270874738693237,0.35081255435943604,0.902572512626648
269,0.4373336434364319,1.1457725763320923,0.35211706161499023,0.909229576587677
270,0.43227097392082214,1.176072359085083,0.3398321568965912,0.9272571206092834
271,0.4333944618701935,1.135292649269104,0.3502129912376404,0.9086751341819763
272,0.4356308877468109,1.2054952383041382,0.34140247106552124,0.9504159688949585
273,0.43002891540527344,1.1358370780944824,0.3424919843673706,0.8964682817459106
274,0.43047693371772766,1.136065125465393,0.34365296363830566,0.8997252583503723
275,0.4307728111743927,1.1305010318756104,0.3440682590007782,0.8925924897193909
276,0.4452226459980011,1.2101231813430786,0.3458939492702484,0.9411436319351196
277,0.4313018023967743,1.1853232383728027,0.3351600468158722,0.9275829792022705
278,0.4436986744403839,1.1565470695495605,0.353400856256485,0.915046751499176
279,0.4318021535873413,1.1429517269134521,0.3479481041431427,0.9185137748718262
280,0.44680896401405334,1.1856247186660767,0.3549800515174866,0.945695161819458
281,0.4288986623287201,1.1694856882095337,0.34136340022087097,0.9354562163352966
282,0.44080302119255066,1.1788978576660156,0.3492138683795929,0.9348316788673401
283,0.4299595355987549,1.1308027505874634,0.3419540822505951,0.8925272822380066
284,0.43264541029930115,1.1390124559402466,0.3470727205276489,0.9123774766921997
285,0.42439842224121094,1.124511480331421,0.340032696723938,0.894412636756897
286,0.42998480796813965,1.170180082321167,0.33971846103668213,0.9275962114334106
287,0.4357784688472748,1.1434924602508545,0.3496377468109131,0.9152567982673645
288,0.4336985945701599,1.1460914611816406,0.34049350023269653,0.8948180675506592
289,0.4348788857460022,1.152002215385437,0.3481321334838867,0.9212681651115417
290,0.4323403537273407,1.1735589504241943,0.34420016407966614,0.9380111694335938
291,0.43219777941703796,1.1498490571975708,0.34626084566116333,0.9208377599716187
292,0.441013902425766,1.203147053718567,0.34844163060188293,0.9611451625823975
293,0.4464905261993408,1.1966705322265625,0.36073213815689087,0.9769317507743835
294,0.4392392635345459,1.189021110534668,0.3485892713069916,0.952377200126648
295,0.4448798596858978,1.1859877109527588,0.3553188741207123,0.950672447681427
296,0.43832457065582275,1.1525075435638428,0.3504800498485565,0.9203641414642334
297,0.4421386122703552,1.1697136163711548,0.3549329340457916,0.9363292455673218
298,0.450722336769104,1.2381105422973633,0.3525986969470978,0.9824173450469971
299,0.4386894106864929,1.143128514289856,0.35011643171310425,0.9130902290344238
300,0.43878448009490967,1.1762831211090088,0.3459131717681885,0.9308607578277588
301,0.43987229466438293,1.1658599376678467,0.34648188948631287,0.913526177406311
302,0.45042842626571655,1.2282689809799194,0.3560020327568054,0.9812307357788086
303,0.44267964363098145,1.2056629657745361,0.3468983471393585,0.9554144740104675
304,0.4402930438518524,1.2168351411819458,0.34155675768852234,0.9607424139976501
305,0.44340991973876953,1.1552006006240845,0.3527844548225403,0.9186341762542725
306,0.43936312198638916,1.1779412031173706,0.3463594317436218,0.9356778860092163
307,0.4450457990169525,1.2035717964172363,0.3453429043292999,0.9443351626396179
308,0.44248804450035095,1.1801893711090088,0.34726181626319885,0.9340211153030396
309,0.4444485604763031,1.1797242164611816,0.3510303795337677,0.9391639828681946
310,0.4447646737098694,1.2002369165420532,0.3501650393009186,0.9554458260536194
311,0.4473625421524048,1.2000077962875366,0.35050028562545776,0.9508721232414246
312,0.4464089274406433,1.188726782798767,0.3535517454147339,0.9499458074569702
313,0.44301435351371765,1.1870849132537842,0.3460151255130768,0.9363321661949158
314,0.4489259421825409,1.2356454133987427,0.34674736857414246,0.9741069674491882
315,0.44913390278816223,1.1974126100540161,0.3544691205024719,0.9529640078544617
316,0.4471607804298401,1.2273905277252197,0.34798112511634827,0.9742710590362549
317,0.44919323921203613,1.2104679346084595,0.35353124141693115,0.9624641537666321
318,0.4514442980289459,1.2001640796661377,0.35682541131973267,0.9551295042037964
319,0.4548918604850769,1.2184370756149292,0.35697323083877563,0.9676446318626404
320,0.44469642639160156,1.1852664947509766,0.3521215617656708,0.9464037418365479
321,0.4415346086025238,1.181930422782898,0.34774938225746155,0.9403602480888367
322,0.4486921727657318,1.179020881652832,0.353617399930954,0.9332300424575806
323,0.4450661838054657,1.1833950281143188,0.35082635283470154,0.9370945692062378
324,0.4424700438976288,1.1810513734817505,0.3507874310016632,0.9434788823127747
325,0.4527272582054138,1.231772780418396,0.35195913910865784,0.9736942648887634
326,0.44426754117012024,1.1999651193618774,0.3466554284095764,0.9478936195373535
327,0.43784233927726746,1.1750627756118774,0.3412386178970337,0.925041139125824
328,0.4439355731010437,1.212263822555542,0.34435218572616577,0.9577533602714539
329,0.4467492699623108,1.2131595611572266,0.3500382900238037,0.9632287621498108
330,0.4434163570404053,1.1865692138671875,0.3494759798049927,0.9442704916000366
331,0.44677695631980896,1.204419732093811,0.34986230731010437,0.9559580087661743
332,0.44876226782798767,1.2232487201690674,0.34963950514793396,0.9703495502471924
333,0.45555952191352844,1.2430213689804077,0.35431063175201416,0.982801079750061
334,0.44789794087409973,1.206608533859253,0.3480204641819,0.9512238502502441
335,0.44887420535087585,1.2474424839019775,0.34442466497421265,0.9809313416481018
336,0.45473942160606384,1.20232355594635,0.3580682873725891,0.954611599445343
337,0.44826197624206543,1.2110514640808105,0.3515421450138092,0.961953341960907
338,0.45205578207969666,1.210602879524231,0.3562597632408142,0.9636584520339966
339,0.44875451922416687,1.2272274494171143,0.3496161103248596,0.9735947251319885
340,0.44725561141967773,1.189687967300415,0.3525424003601074,0.9478610157966614
341,0.45451027154922485,1.2031618356704712,0.35801607370376587,0.955607533454895
342,0.4486209750175476,1.1991647481918335,0.3526625335216522,0.9559313058853149
343,0.45188549160957336,1.2128149271011353,0.3523162007331848,0.9585949778556824
344,0.45216038823127747,1.2506638765335083,0.3468097448348999,0.983659029006958
345,0.452273428440094,1.188646912574768,0.3572583496570587,0.9449825882911682
346,0.4510381817817688,1.179354190826416,0.35578635334968567,0.9334906339645386
347,0.45024287700653076,1.2073606252670288,0.3517102301120758,0.9547445178031921
348,0.45043566823005676,1.1971487998962402,0.3531336784362793,0.9484255313873291
349,0.4516542851924896,1.189347267150879,0.359282523393631,0.9517694115638733
350,0.45130887627601624,1.1907243728637695,0.3544486165046692,0.9426830410957336
351,0.448809415102005,1.1913100481033325,0.35099804401397705,0.9388114809989929
352,0.453918993473053,1.197966456413269,0.3592003583908081,0.956591010093689
353,0.4515470564365387,1.2414642572402954,0.34786438941955566,0.9770602583885193
354,0.4515562653541565,1.2260949611663818,0.3519049286842346,0.9693951606750488
355,0.4537161588668823,1.24202561378479,0.351606547832489,0.9825406670570374
356,0.4527783691883087,1.2470983266830444,0.3516353964805603,0.9903823733329773
357,0.4565812647342682,1.2345210313796997,0.3544710576534271,0.9738720059394836
358,0.4500207304954529,1.2318676710128784,0.34803274273872375,0.9704084396362305
359,0.45388972759246826,1.2443853616714478,0.35222017765045166,0.9859214425086975
360,0.45214542746543884,1.20503830909729,0.3543549180030823,0.9539755582809448
