1,1.3360819816589355,0.3357791006565094,1.5152950286865234,0.41397184133529663
2,1.2880682945251465,0.34678006172180176,1.475903868675232,0.4014420211315155
3,1.2722455263137817,0.35607942938804626,1.5039844512939453,0.3908021152019501
4,1.1662501096725464,0.40360844135284424,1.4827724695205688,0.4264993667602539
5,1.0753644704818726,0.4516485929489136,1.493786334991455,0.45461493730545044
6,1.0751874446868896,0.45160362124443054,1.493803858757019,0.4545934498310089
7,0.34467700123786926,0.4239024221897125,0.5502957701683044,0.5942556262016296
8,0.34206637740135193,0.3827277719974518,0.5425663590431213,0.6003270149230957
9,0.33516746759414673,0.38303595781326294,0.5223525762557983,0.6170256733894348
10,0.3393886685371399,0.37497907876968384,0.5102934241294861,0.5905241966247559
11,0.31313663721084595,0.3762350380420685,0.47991982102394104,0.6054829359054565
12,0.301042377948761,0.36827442049980164,0.4633004069328308,0.5999134182929993
13,0.3204699456691742,0.3825797438621521,0.47004857659339905,0.6100978255271912
14,0.2950800955295563,0.3812949061393738,0.4411192238330841,0.610797107219696
15,0.315055787563324,0.3660571873188019,0.45221421122550964,0.5876195430755615
16,0.35702061653137207,0.3704596757888794,0.4947581887245178,0.5930542945861816
17,0.31306394934654236,0.3812556862831116,0.44803497195243835,0.606384813785553
18,0.30341094732284546,0.3626590967178345,0.43448731303215027,0.5829849243164062
19,0.3353080153465271,0.3869321346282959,0.4664337635040283,0.6129326224327087
20,0.3223462700843811,0.37540939450263977,0.4518689811229706,0.6051275134086609
21,0.32461345195770264,0.38472941517829895,0.4503544270992279,0.6081109642982483
22,0.30841371417045593,0.3948233425617218,0.429548978805542,0.6053086519241333
23,0.32761350274086,0.42702946066856384,0.441815584897995,0.6319090723991394
24,0.3289358615875244,0.3742559552192688,0.4509049654006958,0.5985361337661743
25,0.3023889362812042,0.3884018361568451,0.419519305229187,0.605832040309906
26,0.3070314824581146,0.3977407217025757,0.4170902967453003,0.5952447056770325
27,0.3207637071609497,0.39674103260040283,0.4406673014163971,0.6231324672698975
28,0.32410958409309387,0.3994007408618927,0.43394333124160767,0.6060668230056763
29,0.31229349970817566,0.43541520833969116,0.42814773321151733,0.6422489285469055
30,0.34019649028778076,0.4038497507572174,0.4594995975494385,0.6243332624435425
31,0.32572343945503235,0.4490240812301636,0.4451206922531128,0.6680901050567627
32,0.3120860755443573,0.47492507100105286,0.4367302656173706,0.6963456273078918
33,0.32058289647102356,0.4154374301433563,0.4284130930900574,0.6200242638587952
34,0.3209628164768219,0.4245678186416626,0.4253305494785309,0.6234886646270752
35,0.29740411043167114,0.42312219738960266,0.4037027359008789,0.6372720003128052
36,0.27361246943473816,0.4734342396259308,0.37921270728111267,0.6833560466766357
37,0.3384024500846863,0.430160790681839,0.4406687021255493,0.6259285807609558
38,0.30135205388069153,0.45775488018989563,0.40888211131095886,0.6721504926681519
39,0.304861456155777,0.4650001525878906,0.42544087767601013,0.6955549716949463
40,0.31929025053977966,0.44498586654663086,0.42776942253112793,0.6640439629554749
41,0.3191250264644623,0.4487012028694153,0.42408671975135803,0.6476742625236511
42,0.30373871326446533,0.4596213102340698,0.41339507699012756,0.6704211235046387
43,0.3000850975513458,0.48173823952674866,0.40386638045310974,0.6614247560501099
44,0.3310508728027344,0.4488043487071991,0.42601603269577026,0.6262242197990417
45,0.3548133373260498,0.46189969778060913,0.4491940438747406,0.6489988565444946
46,0.30791568756103516,0.47763365507125854,0.412224680185318,0.6811370253562927
47,0.31601548194885254,0.4709787964820862,0.428373783826828,0.6854224801063538
48,0.3365805745124817,0.4421917498111725,0.44002553820610046,0.6367850303649902
49,0.3304344117641449,0.5008082985877991,0.4346364438533783,0.6937437653541565
50,0.30649417638778687,0.5071174502372742,0.4148253798484802,0.7172753214836121
51,0.27971863746643066,0.48440054059028625,0.3907858431339264,0.7148083448410034
52,0.30759090185165405,0.4766029715538025,0.4195457994937897,0.6889382600784302
53,0.3128155469894409,0.525605320930481,0.4186181426048279,0.7323192954063416
54,0.3095587193965912,0.47766634821891785,0.41155755519866943,0.6652645468711853
55,0.3178059756755829,0.46476277709007263,0.41989564895629883,0.6645950078964233
56,0.3141098618507385,0.5179930925369263,0.40536320209503174,0.6856216788291931
57,0.2749216556549072,0.5102424025535583,0.3832855820655823,0.7151685357093811
58,0.29645389318466187,0.5024919509887695,0.392177551984787,0.6779424548149109
59,0.3224039673805237,0.5070644617080688,0.4073752462863922,0.6759828925132751
60,0.2864988148212433,0.5058475732803345,0.3871679902076721,0.6962650418281555
61,0.28440484404563904,0.49705860018730164,0.3887059688568115,0.7059859037399292
62,0.30298611521720886,0.5157106518745422,0.39492806792259216,0.6905437707901001
63,0.29207539558410645,0.47391536831855774,0.3838334381580353,0.6536694169044495
64,0.29058727622032166,0.4769850969314575,0.38738682866096497,0.6662553548812866
65,0.2756328880786896,0.5026084184646606,0.3692878186702728,0.689123272895813
66,0.274927020072937,0.49736613035202026,0.3678210973739624,0.6666703820228577
67,0.3012894093990326,0.4975706934928894,0.40560436248779297,0.6942049860954285
68,0.2893350422382355,0.5412654280662537,0.3988512456417084,0.7494697570800781
69,0.28025296330451965,0.5010954737663269,0.37892329692840576,0.7017101049423218
70,0.2821781635284424,0.5026634335517883,0.37036049365997314,0.6857596039772034
71,0.2922912538051605,0.5152118802070618,0.38616248965263367,0.6950653791427612
72,0.28077784180641174,0.5120609402656555,0.3719635605812073,0.6775610446929932
73,0.2561325430870056,0.5299336314201355,0.34962308406829834,0.701285183429718
74,0.2991044223308563,0.5305941104888916,0.4047205448150635,0.7278803586959839
75,0.29541003704071045,0.4894786477088928,0.38743919134140015,0.6647301912307739
76,0.2636924088001251,0.5047913193702698,0.36124128103256226,0.6866966485977173
77,0.2875896990299225,0.5508683919906616,0.3918651342391968,0.7495226860046387
78,0.30312463641166687,0.5006957650184631,0.39537763595581055,0.680091381072998
79,0.2927975654602051,0.5584241151809692,0.3992246985435486,0.768765389919281
80,0.2678263485431671,0.5004459023475647,0.35435807704925537,0.6746876835823059
81,0.29506316781044006,0.5167672634124756,0.3847520351409912,0.6940445303916931
82,0.2919153571128845,0.5096178650856018,0.3790096938610077,0.6729019284248352
83,0.2819478511810303,0.5300248265266418,0.3790034353733063,0.7075695991516113
84,0.290211021900177,0.5132791996002197,0.3744542598724365,0.6782549023628235
85,0.2887505292892456,0.5346042513847351,0.3886001706123352,0.7360028624534607
86,0.273901104927063,0.5499985814094543,0.3675448000431061,0.7219502925872803
87,0.28140154480934143,0.5066455006599426,0.3707582950592041,0.6844705939292908
88,0.2920004427433014,0.5211565494537354,0.39161333441734314,0.7111780643463135
89,0.288246750831604,0.5008710622787476,0.377647340297699,0.6651918888092041
90,0.262882262468338,0.5305761098861694,0.3497142493724823,0.6865854263305664
91,0.27246615290641785,0.5138846635818481,0.36369216442108154,0.688616931438446
92,0.2820045053958893,0.5178341269493103,0.3719519376754761,0.7027797102928162
93,0.27385401725769043,0.509797990322113,0.36127975583076477,0.6724961400032043
94,0.2687397003173828,0.5475008487701416,0.36382874846458435,0.729510486125946
95,0.30259883403778076,0.5397867560386658,0.3933541178703308,0.7018298506736755
96,0.2929416298866272,0.5081960558891296,0.3819902241230011,0.686965823173523
97,0.27832862734794617,0.5398531556129456,0.3664805293083191,0.7065600752830505
98,0.2769005000591278,0.5315045118331909,0.3628828823566437,0.7045392990112305
99,0.28019583225250244,0.555235743522644,0.37063267827033997,0.7333725094795227
100,0.2753065526485443,0.5583791136741638,0.36623746156692505,0.7380251884460449
101,0.2774243652820587,0.5757595896720886,0.36926084756851196,0.7386205196380615
102,0.27065524458885193,0.5568251609802246,0.35848888754844666,0.7243930697441101
103,0.2756041884422302,0.581071674823761,0.38013631105422974,0.7808555960655212
104,0.2802360951900482,0.55768221616745,0.36996015906333923,0.7403913736343384
105,0.27131229639053345,0.5592585206031799,0.35889169573783875,0.7281429171562195
106,0.24671337008476257,0.5455989241600037,0.3412298560142517,0.7281702756881714
107,0.27093809843063354,0.5478282570838928,0.3523911237716675,0.7071303725242615
108,0.2716190218925476,0.5444789528846741,0.35849711298942566,0.7215867638587952
109,0.2610173225402832,0.5473045706748962,0.35171642899513245,0.7108669877052307
110,0.276459276676178,0.5722399353981018,0.36522337794303894,0.7333782315254211
111,0.26166632771492004,0.6053768992424011,0.35307741165161133,0.7751524448394775
112,0.2990635633468628,0.517664909362793,0.386919766664505,0.6997159123420715
113,0.2715948522090912,0.5616779923439026,0.3614474833011627,0.7310261130332947
114,0.2710019648075104,0.5803345441818237,0.35441872477531433,0.7398072481155396
115,0.2937818765640259,0.5807215571403503,0.38286641240119934,0.7466371059417725
116,0.26288577914237976,0.5771116018295288,0.3600534200668335,0.7612864971160889
117,0.27760860323905945,0.5816030502319336,0.3724823594093323,0.7757818102836609
118,0.26687881350517273,0.5770028829574585,0.35416319966316223,0.749340295791626
119,0.2774672508239746,0.5761048793792725,0.37106284499168396,0.7596688866615295
120,0.2785283327102661,0.5913280844688416,0.3684138059616089,0.7747522592544556
121,0.2768999934196472,0.5829379558563232,0.36032748222351074,0.7489944100379944
122,0.294392853975296,0.5540686249732971,0.37363123893737793,0.7001373171806335
123,0.26562073826789856,0.5649769306182861,0.34680256247520447,0.7149089574813843
124,0.27696123719215393,0.5503143072128296,0.35776954889297485,0.7046414613723755
125,0.290861040353775,0.570870041847229,0.36728179454803467,0.7081612348556519
126,0.2721009850502014,0.5614624619483948,0.3526564836502075,0.7112768292427063
127,0.2738551199436188,0.5561238527297974,0.3602760434150696,0.7139201164245605
128,0.27507254481315613,0.5754005312919617,0.3639213740825653,0.7405701875686646
129,0.29829180240631104,0.5474444627761841,0.3865898549556732,0.71197110414505
130,0.2697383165359497,0.5829958915710449,0.351999431848526,0.7288376688957214
131,0.2761554718017578,0.5735708475112915,0.3556247055530548,0.7256789207458496
132,0.2875719368457794,0.5650035738945007,0.37231191992759705,0.7203723192214966
133,0.2706766724586487,0.5393891930580139,0.3482503890991211,0.697701632976532
134,0.2766690254211426,0.6008984446525574,0.35958749055862427,0.7511648535728455
135,0.28365662693977356,0.5676946043968201,0.36222973465919495,0.7063289880752563
136,0.2586551308631897,0.5618594288825989,0.33922141790390015,0.7138989567756653
137,0.294402539730072,0.6069134473800659,0.37667563557624817,0.7558181881904602
138,0.26346004009246826,0.5916531085968018,0.34326356649398804,0.7408311367034912
139,0.2889586091041565,0.5968464016914368,0.35331615805625916,0.7051293253898621
140,0.2852241098880768,0.5655807852745056,0.3636724352836609,0.706041693687439
141,0.2570560872554779,0.5683978199958801,0.33021071553230286,0.6943685412406921
142,0.25070199370384216,0.5498736500740051,0.3266615867614746,0.6929221153259277
143,0.2668134570121765,0.5799852013587952,0.3490736484527588,0.7350112795829773
144,0.2615814805030823,0.5764254927635193,0.33511966466903687,0.7233665585517883
145,0.27575233578681946,0.5820078253746033,0.3489048182964325,0.7038809657096863
146,0.2706508934497833,0.5839940309524536,0.3439861238002777,0.7201710343360901
147,0.27663475275039673,0.6050412058830261,0.3642732501029968,0.7589336633682251
148,0.2728433907032013,0.5869756937026978,0.34626471996307373,0.7112716436386108
149,0.2823500335216522,0.5849399566650391,0.35025161504745483,0.6988111734390259
150,0.27467790246009827,0.5615473389625549,0.35207778215408325,0.6995106935501099
151,0.2708139717578888,0.5744860172271729,0.3429216146469116,0.7042919993400574
152,0.2574363052845001,0.5949036478996277,0.3192862868309021,0.6979541778564453
153,0.2501808702945709,0.6077840328216553,0.30943480134010315,0.7128522396087646
154,0.2493354231119156,0.611740231513977,0.30822253227233887,0.7166567444801331
155,0.24477429687976837,0.6342344880104065,0.30406874418258667,0.7390477657318115
156,0.2381952702999115,0.6672816872596741,0.294628381729126,0.765752911567688
157,0.25113993883132935,0.6711805462837219,0.3076857924461365,0.7634497880935669
158,0.2520509362220764,0.6758599877357483,0.3084569275379181,0.7729768753051758
159,0.2426285594701767,0.694796085357666,0.29568392038345337,0.7869972586631775
160,0.24922074377536774,0.6858090758323669,0.30181747674942017,0.7740728259086609
161,0.2577875852584839,0.6895835995674133,0.3095534145832062,0.7745716571807861
162,0.2495289444923401,0.7036808133125305,0.29918372631073,0.7856126427650452
163,0.264491468667984,0.6825419664382935,0.3140639066696167,0.7587380409240723
164,0.258236825466156,0.7085576057434082,0.3055916428565979,0.7785317301750183
165,0.2635062336921692,0.7079537510871887,0.31495609879493713,0.7944702506065369
166,0.25656601786613464,0.7194562554359436,0.3047492802143097,0.7903090119361877
167,0.26815134286880493,0.7327286005020142,0.31704461574554443,0.8103561997413635
168,0.26870688796043396,0.7610965371131897,0.3172818720340729,0.8318551182746887
169,0.26733219623565674,0.731772243976593,0.312801331281662,0.8019605278968811
170,0.2831076681613922,0.7073426842689514,0.3336332440376282,0.7890729308128357
171,0.2766968309879303,0.7192410826683044,0.3218609690666199,0.7884252071380615
172,0.265155553817749,0.735297679901123,0.310821533203125,0.8088460564613342
173,0.26121652126312256,0.7654868960380554,0.3061876893043518,0.8297995328903198
174,0.28371870517730713,0.7299203276634216,0.3286711275577545,0.793285071849823
175,0.2684423625469208,0.7547682523727417,0.3108784556388855,0.8155137896537781
176,0.26141417026519775,0.7379001975059509,0.30635523796081543,0.8068774938583374
177,0.2744728922843933,0.7775967121124268,0.32000043988227844,0.8408344388008118
178,0.2703271210193634,0.7801921963691711,0.3124527037143707,0.8303847312927246
179,0.26904645562171936,0.8069196343421936,0.3129640519618988,0.8646253347396851
180,0.2659212648868561,0.7819542288780212,0.30762913823127747,0.8352909088134766
181,0.2630396783351898,0.8094213604927063,0.30836331844329834,0.8759791254997253
182,0.27389711141586304,0.7722360491752625,0.3174104392528534,0.8350092172622681
183,0.27416983246803284,0.7507336735725403,0.3151529133319855,0.8105062246322632
184,0.2745670676231384,0.7818014025688171,0.3150170147418976,0.8398444652557373
185,0.2708386182785034,0.8182495832443237,0.309866726398468,0.8713317513465881
186,0.2834579050540924,0.7607362866401672,0.32812631130218506,0.8275471925735474
187,0.27638617157936096,0.7795107364654541,0.317931205034256,0.8380529880523682
188,0.28560003638267517,0.7787808775901794,0.32492291927337646,0.840290904045105
189,0.2787797451019287,0.7912653088569641,0.32114338874816895,0.8532533645629883
190,0.2751310169696808,0.7822138071060181,0.31384605169296265,0.8349788188934326
191,0.2799690365791321,0.7856149673461914,0.3186776340007782,0.8438166975975037
192,0.2752823829650879,0.8242540955543518,0.3129775822162628,0.8742267489433289
193,0.2736929953098297,0.7744026184082031,0.3118184208869934,0.8268279433250427
194,0.28342345356941223,0.8007805347442627,0.31936490535736084,0.8455407023429871
195,0.27092650532722473,0.7981345653533936,0.3070943057537079,0.8517762422561646
196,0.29198533296585083,0.8065420389175415,0.32714539766311646,0.8525079488754272
197,0.28253641724586487,0.7934476733207703,0.3174774646759033,0.8398045897483826
198,0.2788682281970978,0.7908684611320496,0.3130696713924408,0.8320499062538147
199,0.27878767251968384,0.8053750395774841,0.3126625120639801,0.8477373719215393
200,0.28545814752578735,0.7960159778594971,0.31869742274284363,0.8336467742919922
201,0.2838241755962372,0.8159653544425964,0.316166490316391,0.8525546193122864
202,0.2885328233242035,0.8135092854499817,0.32467594742774963,0.8617422580718994
203,0.2819131314754486,0.813993513584137,0.31492504477500916,0.8572073578834534
204,0.2876276969909668,0.8177043795585632,0.31865620613098145,0.8510133028030396
205,0.28931111097335815,0.8065480589866638,0.3209434151649475,0.8428062200546265
206,0.2862541377544403,0.8213868737220764,0.3154858648777008,0.8496296405792236
207,0.2867988646030426,0.810991644859314,0.3170098662376404,0.8455532789230347
208,0.28808701038360596,0.8228059411048889,0.3189699053764343,0.8539743423461914
209,0.28068646788597107,0.8279380202293396,0.30992254614830017,0.8553581833839417
210,0.2814023792743683,0.8406332731246948,0.3155730366706848,0.8881174921989441
211,0.27659887075424194,0.8167226314544678,0.31054967641830444,0.8629009127616882
212,0.2803218364715576,0.8107011318206787,0.3136880397796631,0.8530396223068237
213,0.2848121225833893,0.8085465431213379,0.3160095512866974,0.8437482714653015
214,0.280795693397522,0.8429419994354248,0.3082171678543091,0.8628500699996948
215,0.29818788170814514,0.8307344317436218,0.32968801259994507,0.8646032810211182
216,0.28525564074516296,0.8363118171691895,0.3133881092071533,0.8604556918144226
217,0.29115980863571167,0.8176868557929993,0.32143452763557434,0.8554238677024841
218,0.290690541267395,0.827492892742157,0.320743590593338,0.8582857251167297
219,0.2898389399051666,0.8201584815979004,0.3212907016277313,0.858484148979187
220,0.28833115100860596,0.819794774055481,0.3171243667602539,0.8509749174118042
221,0.30324649810791016,0.7977002263069153,0.335208535194397,0.8379721641540527
222,0.29006683826446533,0.8771547079086304,0.32432588934898376,0.9348631501197815
223,0.28461170196533203,0.834470808506012,0.31463533639907837,0.8727573752403259
224,0.30768340826034546,0.8305106163024902,0.34149715304374695,0.8730067014694214
225,0.28769737482070923,0.8807289600372314,0.3236111104488373,0.9208307266235352
226,0.28842324018478394,0.8206312656402588,0.3178827464580536,0.8525382876396179
227,0.2884407043457031,0.8453426957130432,0.3176185190677643,0.8781429529190063
228,0.2907761335372925,0.8448089957237244,0.3219846189022064,0.8807011246681213
229,0.2971312403678894,0.8696739673614502,0.32892006635665894,0.9068378210067749
230,0.302734375,0.8419005274772644,0.33445239067077637,0.8818593621253967
231,0.29216089844703674,0.8467812538146973,0.31780052185058594,0.8622361421585083
232,0.2971309423446655,0.8513592481613159,0.327930748462677,0.8847920894622803
233,0.2845582664012909,0.8953636884689331,0.3126044273376465,0.9192173480987549
234,0.304483562707901,0.822884202003479,0.33729663491249084,0.8666890859603882
235,0.27670416235923767,0.868736207485199,0.3064124286174774,0.9039402008056641
236,0.2899094820022583,0.8585785627365112,0.3162676990032196,0.8794701099395752
237,0.2910487651824951,0.8580774068832397,0.31731247901916504,0.876817524433136
238,0.2943636178970337,0.8917531371116638,0.3256514370441437,0.9284651279449463
239,0.2931848466396332,0.8711863160133362,0.31943246722221375,0.890796422958374
240,0.30009880661964417,0.8682663440704346,0.3256914019584656,0.8913024067878723
241,0.3107040226459503,0.8308051228523254,0.33976686000823975,0.8639740347862244
242,0.3021273612976074,0.8605155944824219,0.3295411169528961,0.8905224204063416
243,0.2982216477394104,0.8883132934570312,0.3260439336299896,0.9205663800239563
244,0.2987123727798462,0.862881600856781,0.3273657560348511,0.8984013199806213
245,0.30063295364379883,0.8420294523239136,0.32343074679374695,0.8562175035476685
246,0.3022744655609131,0.8348904848098755,0.3281407058238983,0.8602434992790222
247,0.30751729011535645,0.8563966155052185,0.33571505546569824,0.8866369128227234
248,0.3060283064842224,0.8749427795410156,0.33147501945495605,0.8958982825279236
249,0.30281803011894226,0.8551662564277649,0.32800981402397156,0.8775460124015808
250,0.30515316128730774,0.8505096435546875,0.327500581741333,0.8626160025596619
251,0.3053026497364044,0.8711048364639282,0.3340911269187927,0.9090651869773865
252,0.2979545593261719,0.8852262496948242,0.3237540125846863,0.911518394947052
253,0.307320773601532,0.879980742931366,0.33248159289360046,0.902148425579071
254,0.2983521521091461,0.9057878255844116,0.3230609595775604,0.923226535320282
255,0.3011220097541809,0.8743286728858948,0.3273395597934723,0.8959496021270752
256,0.2965678870677948,0.8752884268760681,0.32071319222450256,0.8884384036064148
257,0.3009154796600342,0.8815451860427856,0.3235933184623718,0.892191469669342
258,0.3128097355365753,0.8386555314064026,0.3379477262496948,0.8613414764404297
259,0.30313369631767273,0.8719990849494934,0.3302479684352875,0.9020941853523254
260,0.29947930574417114,0.9084599614143372,0.3240675628185272,0.927548885345459
261,0.3025846481323242,0.87542325258255,0.33077654242515564,0.9094889163970947
262,0.3029722273349762,0.8952593803405762,0.32977578043937683,0.9254721403121948
263,0.2955701947212219,0.8737709522247314,0.319827139377594,0.890933096408844
264,0.3020794987678528,0.9202168583869934,0.3244569003582001,0.9329248666763306
265,0.304542601108551,0.8788787722587585,0.3293640613555908,0.8997907638549805
266,0.3034973740577698,0.8579093217849731,0.3305894136428833,0.8920589089393616
267,0.30923983454704285,0.9253488183021545,0.3327285945415497,0.9421910643577576
268,0.3000848889350891,0.9171724319458008,0.3225504159927368,0.9287499785423279
269,0.303297221660614,0.8911464214324951,0.32537007331848145,0.9044884443283081
270,0.3027232587337494,0.8797746896743774,0.32401248812675476,0.8948041796684265
271,0.302141398191452,0.8905877470970154,0.328268826007843,0.9193231463432312
272,0.3096616864204407,0.8994449973106384,0.3340093791484833,0.9184300899505615
273,0.30166906118392944,0.8700807690620422,0.3236176073551178,0.8838715553283691
274,0.31780558824539185,0.8755335211753845,0.3409323990345001,0.8944891095161438
275,0.3064930737018585,0.9292503595352173,0.33036309480667114,0.9465537667274475
276,0.30952414870262146,0.8772913813591003,0.3346070349216461,0.8973398804664612
277,0.3182949721813202,0.8790625929832458,0.34242820739746094,0.9032394289970398
278,0.30064377188682556,0.9077882170677185,0.3247383236885071,0.9278081655502319
279,0.3090225160121918,0.8741487264633179,0.3330937922000885,0.8997111916542053
280,0.30485105514526367,0.8688081502914429,0.32919225096702576,0.8885748982429504
281,0.3113972544670105,0.9055318236351013,0.333951860666275,0.917872965335846
282,0.3076062500476837,0.9210758805274963,0.3332726061344147,0.9449982047080994
283,0.31497645378112793,0.9077668786048889,0.3399962782859802,0.9305844902992249
284,0.3109932541847229,0.9085754156112671,0.3340449333190918,0.9296259880065918
285,0.3020615577697754,0.8781468868255615,0.32608455419540405,0.908971905708313
286,0.30887386202812195,0.9060820937156677,0.3332763612270355,0.9337408542633057
287,0.31599530577659607,0.895761251449585,0.33985769748687744,0.9177677035331726
288,0.3076058030128479,0.8968760967254639,0.3298204839229584,0.9081172347068787
289,0.3133006691932678,0.8782744407653809,0.34153199195861816,0.913972795009613
290,0.31149759888648987,0.8886479735374451,0.33551838994026184,0.9115791320800781
291,0.30773890018463135,0.8978912830352783,0.334351509809494,0.9231970310211182
292,0.3110877573490143,0.9529582858085632,0.3364199101924896,0.9780715107917786
293,0.30657708644866943,0.8844832181930542,0.33138927817344666,0.9069364666938782
294,0.3037991523742676,0.8903979659080505,0.3272993266582489,0.9038061499595642
295,0.2975687086582184,0.8809313178062439,0.3215016722679138,0.8987537622451782
296,0.2948497533798218,0.8870700597763062,0.31755760312080383,0.9004700779914856
297,0.3049754500389099,0.8848276138305664,0.3315046429634094,0.9163353443145752
298,0.30683964490890503,0.9056848287582397,0.33056145906448364,0.9291872382164001
299,0.3166477382183075,0.8739224076271057,0.33990058302879333,0.890306830406189
300,0.30663415789604187,0.9236593842506409,0.33116984367370605,0.9435110688209534
301,0.3117402493953705,0.8963976502418518,0.3378504514694214,0.9235948324203491
302,0.31035852432250977,0.9034759402275085,0.3339581787586212,0.9269362092018127
303,0.3125159442424774,0.9106490015983582,0.3361731469631195,0.9347883462905884
304,0.306000679731369,0.9291403293609619,0.3292995095252991,0.9491952061653137
305,0.30765849351882935,0.92311692237854,0.3316432535648346,0.9475257992744446
306,0.3119259774684906,0.9063875079154968,0.33492040634155273,0.9280698299407959
307,0.3094758987426758,0.9309001564979553,0.33349114656448364,0.9567326903343201
308,0.3134936988353729,0.8934332132339478,0.33723852038383484,0.917898416519165
309,0.309587299823761,0.9408626556396484,0.3311128616333008,0.9563964605331421
310,0.3090294897556305,0.927092969417572,0.33052143454551697,0.9425853490829468
311,0.30587419867515564,0.9346609711647034,0.3277246356010437,0.9489834904670715
312,0.31069692969322205,0.9392198324203491,0.33334001898765564,0.9574919939041138
313,0.31079891324043274,0.9102611541748047,0.3331148028373718,0.9289348125457764
314,0.30822789669036865,0.9292904734611511,0.3305946886539459,0.948864221572876
315,0.3138009011745453,0.9182096123695374,0.33534082770347595,0.934366762638092
316,0.31425005197525024,0.92589271068573,0.33600154519081116,0.9405637979507446
317,0.30676892399787903,0.9320916533470154,0.32960617542266846,0.9508090019226074
318,0.31057262420654297,0.9124401807785034,0.3324970006942749,0.9304649829864502
319,0.3115673363208771,0.9439380168914795,0.33338865637779236,0.9610604643821716
320,0.3124133348464966,0.9204396605491638,0.33444109559059143,0.9392592906951904
321,0.3110557496547699,0.9783313870429993,0.33313852548599243,0.9948915243148804
322,0.3054986298084259,0.9465427398681641,0.32717591524124146,0.9629709720611572
323,0.3092098832130432,0.9522414207458496,0.33039379119873047,0.9641448855400085
324,0.31733614206314087,0.9368017911911011,0.3391574025154114,0.9510406851768494
325,0.31101909279823303,0.9232283234596252,0.33378979563713074,0.9426330924034119
326,0.3117642402648926,0.9222959876060486,0.3333900272846222,0.9386058449745178
327,0.3038010001182556,0.9496690034866333,0.3265978991985321,0.9687336683273315
328,0.3163493275642395,0.9443962574005127,0.33992505073547363,0.9652031660079956
329,0.3167417347431183,0.9331365823745728,0.3393059968948364,0.9496006965637207
330,0.315280944108963,0.9235399961471558,0.3375145196914673,0.9417221546173096
331,0.31170111894607544,0.9479942321777344,0.3339400291442871,0.9643354415893555
332,0.3144152760505676,0.9315474033355713,0.3372320234775543,0.9507715106010437
333,0.30507326126098633,0.9648618698120117,0.328194260597229,0.9832887649536133
334,0.30437061190605164,0.9429689049720764,0.3268560767173767,0.9607092142105103
335,0.314248651266098,0.9133862853050232,0.33720505237579346,0.9348846077919006
336,0.3134114742279053,0.9312238097190857,0.33542394638061523,0.9471007585525513
337,0.3055020570755005,0.9092629551887512,0.328899621963501,0.9337287545204163
338,0.30761194229125977,0.9452115297317505,0.330504447221756,0.963676929473877
339,0.3106544017791748,0.9677676558494568,0.33386898040771484,0.9866839647293091
340,0.3100912272930145,0.9351001977920532,0.33417829871177673,0.9600799679756165
341,0.3161558508872986,0.9201570749282837,0.33984389901161194,0.9453555345535278
342,0.31091398000717163,0.9541352987289429,0.33261486887931824,0.9686248302459717
343,0.3122543692588806,0.9481923580169678,0.3351133465766907,0.9675127267837524
344,0.30989256501197815,0.9549450874328613,0.33325085043907166,0.9752985835075378
345,0.3122920095920563,0.9563190937042236,0.335391640663147,0.9765517115592957
346,0.31502529978752136,0.9809154868125916,0.3381374478340149,1.000633716583252
347,0.3122929334640503,0.9354608058929443,0.33481934666633606,0.9562305212020874
348,0.31832218170166016,0.9340914487838745,0.34015870094299316,0.9534550309181213
349,0.31321999430656433,0.9344732761383057,0.33507677912712097,0.9523544907569885
350,0.31790655851364136,0.9261807203292847,0.3412817716598511,0.9502539038658142
351,0.3131374418735504,0.977286159992218,0.3351767361164093,0.9944673180580139
352,0.3133552074432373,0.9366059899330139,0.3354414701461792,0.9555614590644836
353,0.3175106644630432,0.9288555383682251,0.34111952781677246,0.9530348181724548
354,0.3146955668926239,0.9326118230819702,0.33687904477119446,0.9503076076507568
355,0.32048630714416504,0.9163802862167358,0.34153589606285095,0.9340500831604004
356,0.32264992594718933,0.9361621141433716,0.34544581174850464,0.958321750164032
357,0.31944721937179565,0.9209014773368835,0.34332066774368286,0.9468919634819031
358,0.3161744177341461,0.9486825466156006,0.34103283286094666,0.9791932702064514
359,0.31912070512771606,0.936248779296875,0.3425094187259674,0.9601098895072937
360,0.3169858157634735,0.9377639293670654,0.3410535454750061,0.9653929471969604
