epoch,L_x,L_u,lambda_u,L_reg,L_total
6,1.5435617224258535,0.0012184778625298493,37.408088235294116,0.0029559200835030746,1.5805712082222396
6,1.5578866525761133,0.0017511563062514134,37.40898058252428,0.003215321436302863,1.6094451153162614
7,1.3820662318804617,0.0015159576638873542,56.16028708133971,0.004688153314653731,1.4575241684343256
7,1.3774649927822442,0.0015446347683442023,56.15985576923077,0.0043713027905771295,1.4541041805193975
8,1.3253820390222175,0.00147010011455873,74.9102870813397,0.005273048792693889,1.4268952633775593
8,1.3037782547019776,0.0014304207708586807,74.91071428571429,0.005500316790615519,1.4026963747683026
9,1.280116934810529,0.0013829915430318815,93.6602870813397,0.006016807390029351,1.4025074078135513
9,1.2534012811524526,0.0013562882400860656,93.66071428571429,0.005827532333898403,1.3736231088638307
10,1.2572376245006,0.0013768077329776617,112.4111374407583,0.006349223682445019,1.4055205781312916
10,1.2569919547966222,0.0013479434678433507,112.4102870813397,0.005983987977977789,1.4019061951546008
11,1.2338493169766467,0.0013342236461927805,131.1611374407583,0.006708737007028896,1.4030263443693731
11,1.2441146522060806,0.001328867995409741,131.1619718309859,0.007320692452291648,1.413169350702438
12,1.2200570337052614,0.0013020870978405856,149.9115566037736,0.006952692867687218,1.4100439492261634
12,1.2263184548554262,0.0013053858728849846,149.9111374407583,0.007239392394711974,1.4170645029058953
13,1.2040023261083748,0.0012981011208261029,168.6615566037736,0.00747315084478238,1.4183755207736537
13,1.2082944975645056,0.0012855588150060607,168.6611374407583,0.007006509617959718,1.4202539406681514
14,1.1940939336452845,0.0012386566789091547,187.4115566037736,0.0070356147897535195,1.4216523055198058
14,1.205272059957936,0.001278756381581397,187.4115566037736,0.007285646027841447,1.4402483206874919
15,1.1933857868864852,0.001241780128077393,206.1615566037736,0.0073153724155898365,1.4448663507992368
15,1.1901067610619203,0.0012735625960148063,206.1615566037736,0.007147699207361823,1.4478673873082646
16,1.1763794458699677,0.001235688598892423,224.91155660377356,0.007589286187760321,1.4503568388381094
16,1.1659619212150574,0.0011949141704129763,224.9119718309859,0.007859606698085445,1.4313810792327486
17,1.1725678047481574,0.0012087945679185104,243.66155660377356,0.008479568753655086,1.464452049079931
17,1.1634683907032013,0.0012152619196710457,243.66155660377356,0.008369935737957931,1.4566092969111677
18,1.1874495993757472,0.0012498744891873373,262.4119718309859,0.00831150039680687,1.5120278182723712
18,1.155823955190516,0.001193822302913215,262.4123831775701,0.007997184903709062,1.4658366068501338
19,1.1681439792606192,0.0012351339468415477,281.1619718309859,0.008412910190284112,1.5123544696351172
19,1.1648904815526075,0.0012216740108844978,281.1619718309859,0.008038532117845167,1.5050498263936647
20,1.1577851828275152,0.0012016512028339534,299.9119718309859,0.008684498187976545,1.515758152858752
20,1.177334189135144,0.0012350051386168165,299.9119718309859,0.007765638406996226,1.5439894495995392
21,1.1456491146410737,0.0012002299019139887,300.0,0.008568516730061062,1.5142866019333634
21,1.16656419022061,0.0012085941919641326,300.0,0.007862942473893271,1.5370053921904518
22,1.141809882961701,0.0011688096820872938,300.0,0.008503531213527737,1.5009563233807823
22,1.1674588578883733,0.001253582516366346,300.0,0.008528391745759645,1.552062000905242
23,1.1529291689952956,0.0011793487373724248,300.0,0.008825735397915417,1.5155595217909767
23,1.1662196547628563,0.001212213525959839,300.0,0.00903664869865594,1.5389203635331625
24,1.1438643759656175,0.0011681717159237417,300.0,0.00882340571081492,1.5031392961461967
24,1.1674138922934179,0.001223837626538524,300.0,0.008419404660041133,1.5429845833116107
25,1.1548495991764782,0.0012111746960115036,300.0,0.008259470855260145,1.5264614767560334
25,1.1633689162343048,0.0011959494677707986,300.0,0.007981153262432579,1.5301349118698475
26,1.1385354625287456,0.0011730651544172004,300.0,0.008584790260348226,1.4990397992535172
26,1.1527825893357744,0.0011988495515800233,300.0,0.00904646637892827,1.5214839242225469
27,1.1465056014615436,0.0011796677007264089,300.0,0.00884091967586861,1.509246826449106
27,1.1391769398090452,0.0011743335104764027,300.0,0.009595568135900553,1.5010725661765698
28,1.1435263265516156,0.0011865664276220426,300.0,0.008874873761261734,1.5083711292142066
28,1.1357644097270252,0.0011752337810559477,300.0,0.008599351203748,1.4969338908373753
29,1.1253875524498695,0.0011396279083402438,300.0,0.008828562794816355,1.4761044901470806
29,1.1263533752655315,0.0011606099970462498,300.0,0.008844070380257668,1.4833804460886484
30,1.140320673584938,0.001159274844717907,300.0,0.008305886305471952,1.4964090119357463
30,1.14714666688165,0.0011752786380130537,300.0,0.008631643195918134,1.5083619012389071
31,1.1293949922111546,0.0011841041687658388,300.0,0.008385949438463932,1.493012188193954
31,1.110869207354479,0.0011546133796760249,300.0,0.009120435713855334,1.4663736567940824
32,1.1168119652326718,0.0011593808425417126,300.0,0.009621884810283433,1.474248106535091
32,1.1222004482912462,0.001140461832712686,300.0,0.009294470542565336,1.4736334678738616
33,1.1238267465874001,0.0011387275409544127,300.0,0.009088448427738276,1.4745334552394018
33,1.127964929369993,0.0011877445061420373,300.0,0.009066560420445924,1.4933548472648444
34,1.1143122290456018,0.0011410117914174619,300.0,0.008442629284636918,1.4650583990784578
34,1.1295867358092908,0.001168175812145583,300.0,0.00872053219440945,1.4887600072004177
35,1.1358253181255358,0.001177238664978231,300.0,0.00895878769487383,1.4979557125799117
35,1.1238271878273398,0.001159132431591085,300.0,0.008646180496456239,1.48021310871398
36,1.1255705207586288,0.0011516298027008478,300.0,0.009339811534758794,1.4803992749916182
36,1.131820284658008,0.001155937958106666,300.0,0.0087317924082055,1.487333462746055
37,1.1257892648379009,0.0011487031306724358,300.0,0.009341756945812248,1.4797419588322993
37,1.1093316053350766,0.0011270323566687122,300.0,0.00938437460852718,1.4568256804788555
38,1.1114332085406338,0.0011249837861450269,300.0,0.00965009351946517,1.4585784320478086
38,1.1087055236653045,0.0011309909880057806,300.0,0.009801205281056118,1.4578040200803015
39,1.1062298968986228,0.0011473786720738713,300.0,0.008890934511092146,1.4593344341825556
39,1.1137020977007017,0.0011648202465342667,300.0,0.009464581905545114,1.4726127471636843
40,1.1107894805719227,0.0011498323946972356,300.0,0.00940155682329964,1.4651407585715368
40,1.1195069866047964,0.001142465077767459,300.0,0.009280755156564905,1.4715272618664637
41,1.1172750175551132,0.0011232653946704144,300.0,0.008818011821454598,1.463072647926984
41,1.123288616127924,0.0011558875692805378,300.0,0.008624144949429079,1.4786790357817203
42,1.1188674146129238,0.0011403758670546732,300.0,0.009855690504497234,1.470835865367942
42,1.1073831139896322,0.0011479959682097942,300.0,0.009600439974244186,1.4613823473178846
43,1.1272878289772068,0.001176175062543571,300.0,0.009368595231564776,1.48950893785547
43,1.1089080762532022,0.0011369212052495979,300.0,0.009882330179809488,1.459866769335888
44,1.1202820394564112,0.0011652305690462727,300.0,0.008830960085957285,1.4786821710407188
44,1.09539392054905,0.0011169997429902223,300.0,0.009452462966729832,1.439946309762067
45,1.1055567292024464,0.0011248548504679725,300.0,0.008923890181787072,1.451937072288056
45,1.1077038230152305,0.0011535556952216996,300.0,0.009154326732082446,1.4629248651342655
46,1.113962154322808,0.001160828674098887,300.0,0.009266792170686322,1.47147755229145
46,1.0915116823594504,0.0011424461344669257,300.0,0.009992365743494977,1.4442378892264236
47,1.1077561238394356,0.0011362773077916526,300.0,0.009770117450102065,1.4584094362874185
47,1.1008508914077337,0.0011334957698175539,300.0,0.009518777388298223,1.4504183984022536
48,1.097510356507543,0.0011091943876388641,300.0,0.009624757634450077,1.4398934327512294
48,1.104787769416968,0.0011377246690379387,300.0,0.008884188175822297,1.4549893538157146
49,1.0911979732710286,0.0011048575955626785,300.0,0.010403484075090959,1.4330587370680012
49,1.0933743275805003,0.0011186041831133312,300.0,0.00958149478672081,1.4385370782443456
50,1.109013013576033,0.0011436255129155047,300.0,0.009340713264137369,1.4614413842078178
50,1.1099381580812122,0.0011727651302145213,300.0,0.00963941169261864,1.4714071037025627
51,1.0908573494045013,0.0011174827428276164,300.0,0.009647044429017248,1.4357492174577275
51,1.086522148016396,0.001125137406292397,300.0,0.00918496285197795,1.4332483375291212
52,1.1220044728812821,0.001150555150645332,300.0,0.008676099949815405,1.4758471198585055
52,1.1020612678396593,0.0011131271986673168,300.0,0.009494612629978208,1.4454940480923435
53,1.0903603095527088,0.0011099222221106308,300.0,0.00934390110976208,1.4326808799844268
53,1.1041451695327935,0.0011536086586782545,300.0,0.010375485620311192,1.4606032514352403
54,1.1009414456956397,0.0011210668690433976,300.0,0.009603731420045624,1.4468652356055476
54,1.111970334424885,0.0011612466147165198,300.0,0.009240634741535017,1.4695849526639377
55,1.0909204600601021,0.0011238647880376564,300.0,0.009927953581684568,1.4380078509860081
55,1.103218278302575,0.0011542634001754928,300.0,0.009267587444320114,1.4587648832303588
56,1.1178145482452637,0.001139497301122601,300.0,0.009659977627644709,1.46932372095388
56,1.1118395826138487,0.0011249303388133766,300.0,0.009294705180271845,1.4586133869416122
57,1.09457153792775,0.0011232169788253895,300.0,0.010807955269103681,1.442344585143098
57,1.103244189275514,0.001154101578547585,300.0,0.009756392656201754,1.4592310578451244
58,1.0957003924824775,0.0011267477224331025,300.0,0.009665513005312702,1.4433902269656504
58,1.0997136380147496,0.0011197273211485338,300.0,0.00950779673566512,1.445139633132777
59,1.1067116159364718,0.0011328957652365532,300.0,0.009620245673198151,1.4562005868198675
59,1.1051094254402265,0.0011250671006199058,300.0,0.009514545904872216,1.4521441021466364
60,1.074294879349,0.001096997231564382,300.0,0.01072491010984218,1.4141189505200866
60,1.0975042458521116,0.0011408498494430881,300.0,0.009771281155894315,1.4495304863934124
61,1.0980546698657745,0.001139409594192947,300.0,0.01027684495143524,1.4501543925442826
61,1.0963578929594897,0.0011359760561774255,300.0,0.00968224028394549,1.4468329516025857
62,1.1005677569946741,0.0011209925523954847,300.0,0.009321814847336104,1.4461873358787467
62,1.08690190287905,0.0011147203522258002,300.0,0.010333191214659072,1.4316511936143999
63,1.1024101109809528,0.0011192860277677932,300.0,0.010668982922835232,1.4488649014468606
63,1.0947388244546168,0.0011309615538889312,300.0,0.00982517046964468,1.443852460275502
64,1.0953541974955743,0.0011149613723936364,300.0,0.00989273165613242,1.4397353409627163
64,1.0950763911417085,0.0011343764810722967,300.0,0.010866914459049158,1.4462562486461308
65,1.1020083637959366,0.0011146724325019456,300.0,0.009737476979920624,1.446147569822609
65,1.0995283392044382,0.0011447252627727021,300.0,0.009542252738114208,1.452488167160148
66,1.0818133348743666,0.0010860273845761709,300.0,0.010093167156287252,1.417714720447314
66,1.0905556470975963,0.0011148907113638748,300.0,0.009570865912166415,1.4345937275558436
67,1.0943336527641505,0.0011123958238842791,300.0,0.01018655761336423,1.4382389585177104
67,1.1006591878154062,0.0011239441599834455,300.0,0.009206062815660103,1.447048496929082
68,1.0903629944958817,0.001106211869152895,300.0,0.01008444109188239,1.43231098859682
68,1.1009323369372974,0.0011354084285399454,300.0,0.010216225296343593,1.451771092414856
69,1.0844396916154313,0.0011046804070018752,300.0,0.009921108743550094,1.4257649273088533
69,1.0770503930305237,0.0010916051177358994,300.0,0.010246987378046121,1.4147789154422883
70,1.0959513465019122,0.0011371182729373154,300.0,0.009546557689068593,1.446633382474995
70,1.0810998659155684,0.001113805956963118,300.0,0.009734035797042934,1.4249756896876853
71,1.0829025648500277,0.0011064421768793538,300.0,0.011028029137295267,1.425863247756
71,1.0917993182461012,0.0011516183634133388,300.0,0.010050283262259476,1.4473351090466051
72,1.0971679731046773,0.0011249975990780447,300.0,0.009477189291251577,1.4441444457393804
72,1.1012969268993897,0.001121393159502821,300.0,0.009653914244633846,1.4473687853325496
73,1.0851416925317077,0.001105886606550584,300.0,0.010251400907221994,1.4271590736903013
73,1.0839630384423418,0.0011227579019776625,300.0,0.010446269323488008,1.4312366731634967
74,1.0924571904961922,0.0011248699233646093,300.0,0.009523713346740835,1.439441887483205
74,1.080703186117895,0.0011001241892537943,300.0,0.010623118384065081,1.4213635603042498
75,1.0889441373685724,0.0011019480889652468,300.0,0.00987232040367238,1.4294008805871554
75,1.084812890449071,0.0010988555502276188,300.0,0.009803680537191972,1.424273233707637
76,1.0938497632741928,0.0011279957239325581,300.0,0.009812185293148187,1.4420606594194065
76,1.069253803256455,0.0010583992212275983,300.0,0.010138380134033911,1.396911949192712
77,1.085392071776194,0.0011213160394775983,300.0,0.009544652478437717,1.431331539535087
77,1.0987639942320224,0.0011119066000909743,300.0,0.0096921444200485,1.4420281120015486
78,1.0846217481513,0.0011251020167112249,300.0,0.009715806542934007,1.431868154436486
78,1.0854078678235615,0.0011246482004171245,300.0,0.010579967511962402,1.4333822974875636
79,1.0680212922599337,0.00109928593262731,300.0,0.009599495355526858,1.407406565519648
79,1.086912486379005,0.0011120067217512712,300.0,0.009727033412245583,1.4302415330660398
80,1.0773074618757588,0.0011021846076888224,300.0,0.009783282605973689,1.4177461269239313
80,1.072204502062364,0.0011019626728904603,300.0,0.010603968127080324,1.4133972731503572
81,1.0904605418579763,0.0011174395787008702,300.0,0.010231269306618057,1.4359236901209234
81,1.1054249830441931,0.0011334869969151405,300.0,0.009619950709150058,1.4550910322633508
82,1.0852109250697222,0.0011001749838628297,300.0,0.010127780063670468,1.4253911977464502
82,1.0704626998944915,0.0010854362728888569,300.0,0.009921467644013634,1.4060150461109806
83,1.0862036167758784,0.0011216074590556342,300.0,0.009787220209114015,1.4324730751721282
83,1.073077467083931,0.0010940159456037113,300.0,0.010224809869065541,1.411507058414546
84,1.089126578244296,0.0011328076273044148,300.0,0.010675649554468692,1.4396445209329778
84,1.0719716898654694,0.0010904608535969452,300.0,0.010452686751593058,1.4095626340064829
85,1.0845047701488841,0.0011203676638780796,300.0,0.010582879962484268,1.431197947534648
85,1.0719957113812824,0.001108660367467022,300.0,0.009989066164803887,1.4145828931156648
86,1.0706704667169753,0.0010905560602000213,300.0,0.009844055926622866,1.407681341584959
86,1.0708333735596645,0.0011073127757735576,300.0,0.010654364870414648,1.4136815735194237
87,1.077736445485729,0.001102101459639938,300.0,0.01007652167468991,1.418443408730912
87,1.0875612636135048,0.0011350881028176205,300.0,0.009985268675216121,1.4380729628480189
88,1.0857630946320487,0.0011218043369002912,300.0,0.010259048634774337,1.4325634407126195
88,1.06447003502824,0.001072246597529087,300.0,0.009761764417023963,1.3959057780161297
89,1.0688427471679096,0.0010949773263434993,300.0,0.010597523128545788,1.4079334674632713
89,1.0845971698086012,0.0011333112956288369,300.0,0.010474033089201541,1.4350645947674094
90,1.0716717052677451,0.0010786251340127342,300.0,0.011145641446245417,1.406404892331389
90,1.069524123993787,0.0010757448527411641,300.0,0.01051255221774971,1.4027601328763095
91,1.0796866493138004,0.0011090604595299896,300.0,0.010391032739997454,1.4227958280746251
91,1.0740832207946602,0.0010997299500100247,300.0,0.010879099356232706,1.4148813045899802
92,1.073255795049885,0.0011073965223114852,300.0,0.011088515385202894,1.4165632629503397
92,1.0734731410736362,0.0011254861066064725,300.0,0.010904613739840653,1.4220235758720468
93,1.076159478322556,0.0011031959352315272,300.0,0.010447481944816843,1.4175657349634387
93,1.0766491770199988,0.001082562398937314,300.0,0.010457071221590926,1.4118749706168152
94,1.0725919197906146,0.0010777671132183803,300.0,0.009973343563350764,1.4058953973380002
94,1.0829605936459754,0.0011251597159189176,300.0,0.010714743609569933,1.431223251231729
95,1.0778224619952115,0.001098936559521297,300.0,0.010723629972728138,1.4182270659641787
95,1.0765962863510306,0.0011123966999796472,300.0,0.010043734123676339,1.4203590300950137
96,1.066415281872771,0.0010854649060080465,300.0,0.010678181550189104,1.4027329392084793
96,1.0626649469137193,0.0010819088409665379,300.0,0.01029705240454694,1.397534649480473
97,1.0827808905731549,0.001115089097584132,300.0,0.010799939114473422,1.4281075650995427
97,1.0690700316538004,0.0010821274261109395,300.0,0.010990751558515035,1.4046990106639252
98,1.069062120806087,0.0011003943940688095,300.0,0.010248838385186074,1.4094292762604628
98,1.0720666394992309,0.001093058567428009,300.0,0.010671579484319823,1.4106557846069336
99,1.0611925122400396,0.0010819067619315702,300.0,0.010776095074222988,1.396540628448469
99,1.062423266064037,0.0010884004728392359,300.0,0.010474880869415674,1.3994182879274542
100,1.0720527467402545,0.001106066281632097,300.0,0.010590586222877557,1.4144632174210114
100,1.0742954473603856,0.001100820843103892,300.0,0.010169668789868328,1.4147113626653498
101,1.0608510429456355,0.0010879538205375717,300.0,0.010034454971568905,1.3972716404967112
101,1.0696329478513111,0.0010809957338840997,300.0,0.010662444625896486,1.4045941152355887
102,1.076164364545054,0.0010946947101206515,300.0,0.010421902387997143,1.4149946799645057
102,1.0755265768804507,0.0010965530105816524,300.0,0.010277822063002548,1.4147703024350344
103,1.06383920609951,0.001081339238126847,300.0,0.010374822996726091,1.3986157988960093
103,1.065934018926187,0.0011019669903114184,300.0,0.010408179891634393,1.4069322976199063
104,1.0643094653433018,0.0010999360858642666,300.0,0.010696326613172212,1.404986612363295
104,1.0497857959433035,0.0010725271329151424,300.0,0.011067200640470468,1.3826111337000673
105,1.0522475882207967,0.0010587510484197395,300.0,0.010808498252047116,1.380681396211119
105,1.06840716492046,0.0010915799696125429,300.0,0.010641327712007544,1.406522486968474
106,1.0693784802471666,0.0010989152914876348,300.0,0.010415552182922557,1.4094686192464612
106,1.0808992914178155,0.0011192115337259813,300.0,0.010393593468787996,1.427056343176148
107,1.0691964989358729,0.001111993521573657,300.0,0.010597556094977666,1.4133921084078875
107,1.063322472653977,0.0010732145200974678,300.0,0.010233222868412597,1.3955200518647286
108,1.0492671966552733,0.0010560202231731223,300.0,0.010223051052625207,1.376296315951781
108,1.062870463999835,0.0011151019408399323,300.0,0.010442854329647326,1.407843894850124
109,1.0723455545589395,0.0010812937170614771,300.0,0.01006422400036279,1.4067978899403395
109,1.065328889513669,0.0010925844584413077,300.0,0.009841040237147582,1.4029452645615355
110,1.0678202870217237,0.001086497845244594,300.0,0.010283137430352243,1.4040527847680178
110,1.059959926969929,0.0010778561794490354,300.0,0.00983580851770053,1.3931525896673334
111,1.0756889437431614,0.0011016994716863246,300.0,0.010591814834539477,1.4167906078573775
111,1.0595426068186216,0.0010963280522583486,300.0,0.010609036545401022,1.3990500607446992
112,1.0670978957956487,0.0010879544222420505,300.0,0.0108147186788053,1.4042989480224524
112,1.0615390098258242,0.001073124827939345,300.0,0.010085708366018045,1.3935621718293456
113,1.0552952817585914,0.0010727786388063216,300.0,0.009901905289880898,1.3870307773215587
113,1.061130100759593,0.0010691655139618722,300.0,0.01041980235287073,1.392299555648457
114,1.057775562188842,0.001086742464262484,300.0,0.010206658403727819,1.3940049583261662
114,1.0612872367555446,0.0010859954217184251,300.0,0.010350378454578193,1.3974362419410185
115,1.0554078538309444,0.0010919625343707264,300.0,0.010601478832011874,1.3935980926860463
115,1.0544951704415408,0.001067888804986565,300.0,0.011244111448865045,1.3861059202389283
116,1.0646959739188626,0.0010914057659327592,300.0,0.011415779612932915,1.4035334842934457
116,1.0629629265178333,0.0010711937253125308,300.0,0.009805503354238515,1.3941265493631363
117,1.0641779060816872,0.001089037474765278,300.0,0.010108860461378462,1.4009980060396152
117,1.0421731131806222,0.0010494509024532792,300.0,0.010602217088942522,1.3676105998966792
118,1.07107605852864,0.0010881023582028733,300.0,0.01135857518000359,1.4088653388348493
118,1.0578676613894376,0.0010748807920291173,300.0,0.010673490371978418,1.3910053900697015
119,1.0615937289866535,0.0010788307738866106,300.0,0.010945999001110481,1.3961889632723548
119,1.0588485402139751,0.0010816485873709264,300.0,0.010422089394308965,1.3937652102925562
120,1.0509092141281475,0.0010573628075442024,300.0,0.010400696299885484,1.378518758578734
120,1.0565513158769912,0.0010811849733810344,300.0,0.010828943697727161,1.3917357458915884
121,1.067310037667101,0.0010837807951082307,300.0,0.00989743937547742,1.402341717210683
121,1.0627952418544075,0.0011014564527696083,300.0,0.01038900914771313,1.4036211829293859
122,1.0626725627617402,0.0010742364738358778,300.0,0.010235047512899408,1.3951785572550512
122,1.0598176281560552,0.001073667756149503,300.0,0.010274669798937711,1.3921926222064278
123,1.0539989841255275,0.0010675701896781737,300.0,0.010549636847678233,1.3848196734081615
123,1.0639898817647586,0.0011024658218957485,300.0,0.010551541575907984,1.4052811701189387
124,1.0467970749558924,0.0010735846440080282,300.0,0.010912942841487456,1.3797854032690666
124,1.054299005188725,0.001079708705153528,300.0,0.010867357561999762,1.3890789684924212
125,1.056262874061411,0.0010705597530680031,300.0,0.010111028885214843,1.3875418291850523
125,1.058715609799732,0.001067762473725121,300.0,0.011034934643910012,1.3900792864235965
126,1.0574815034866334,0.0010678454290345227,300.0,0.010917184062683109,1.3887523114681244
126,1.0650045189382804,0.0011010882888480228,300.0,0.010403934012828775,1.4057349425095778
127,1.0575866720893166,0.0010654760500818322,300.0,0.010883397423789245,1.3881128763610666
127,1.0438913585932832,0.0010633092303441404,300.0,0.010624685922220826,1.3735088112691767
128,1.0518502999435773,0.0010748970437403345,300.0,0.010967405161566355,1.3852868215604262
128,1.0468000848184933,0.0010613200135015757,300.0,0.010162741684524173,1.3753588313406164
129,1.0528768147278695,0.001059663569848622,300.0,0.011386837346723716,1.3821627246848058
129,1.047456992697392,0.0010589525528669323,300.0,0.010782202971231074,1.375924966993375
130,1.0507778166369959,0.0010506795288000087,300.0,0.010837247272403065,1.3768189186399633
130,1.0549761961806905,0.0010974642217413267,300.0,0.010987392465837978,1.3952028575268658
131,1.046975166689266,0.0010753751236320982,300.0,0.010761147795710713,1.3803488555279646
131,1.0570330136201598,0.0010844546305386095,300.0,0.010179056447337975,1.3925484565171329
132,1.0394360700883476,0.001045552152814765,300.0,0.010278918158802377,1.3633806309009568
132,1.0563026506792415,0.001088305418538353,300.0,0.011187128629535437,1.3939814052798531
133,1.0591115045331723,0.0010688300685676834,300.0,0.010487558875376215,1.3902480836907123
133,1.0561396165327592,0.0010837360138380478,300.0,0.011116569954901933,1.3923769828948107
134,1.0649060116572813,0.001085827131729192,300.0,0.011202307557687164,1.4018564541231502
134,1.0540228973735462,0.0010672457104771058,300.0,0.010192179231142457,1.3843887908892198
135,1.051464279131456,0.0010730567463641903,300.0,0.01069467636460269,1.384075981107625
135,1.0471014968336445,0.0010502456541738759,300.0,0.011311861429125342,1.3734870539408297
136,1.0477833463325759,0.0010726232868113568,300.0,0.010937639981997094,1.3805079719060147
136,1.0385527234185825,0.0010471644952221224,300.0,0.010891820798331703,1.3635938871990552
137,1.0647739773422344,0.0011016770364896803,300.0,0.010669935247081234,1.4059470277026767
137,1.059475872462446,0.0010832457968552429,300.0,0.011025051695337011,1.395474664731459
138,1.0477488674729118,0.0010608080960230741,300.0,0.011263546236786503,1.3772548445209658
138,1.0494481434876268,0.0010645733110405588,300.0,0.01048282505732707,1.3793029595505109
139,1.0451803234490482,0.0010604323298056524,300.0,0.01075786406872794,1.374067887121981
139,1.0512824000546295,0.001067461519016425,300.0,0.010415762105568974,1.3819366162179283
140,1.0504290309819309,0.001062524585921148,300.0,0.011365982911295511,1.380552392927083
140,1.049018521606922,0.0010701619364474689,300.0,0.01135876504492692,1.3814258635044099
141,1.0557380402630026,0.0010852610790938013,300.0,0.010670609608165581,1.3919869701970706
141,1.0527549711018127,0.0010718310427508524,300.0,0.010555835805277075,1.3848601142745212
142,1.0504136499506316,0.0010506177898017032,300.0,0.010836761275188348,1.37643574913163
142,1.062558623064648,0.0010885746931307949,300.0,0.01076354184399613,1.3998945715752515
143,1.0396713455338285,0.0010377668472200767,300.0,0.010708630067081405,1.361710024904881
143,1.0345753094012087,0.0010358922101493756,300.0,0.011144242211329666,1.356487211855975
144,1.052308840643276,0.0010560433327389711,300.0,0.010832824507220225,1.3799546612934632
144,1.0376985267276677,0.0010359215229324053,300.0,0.010654647088698132,1.3591296351872957
145,1.0561388307567097,0.0010601475370502125,300.0,0.009652810122784041,1.3838358998838054
145,1.050144260038029,0.0010898740993897345,300.0,0.010599218177693812,1.3877057042988863
146,1.0536156849623806,0.0010617479806548887,300.0,0.010491011610541206,1.3826310896226184
146,1.0353002813729373,0.0010246846785197372,300.0,0.01162858891449022,1.354334278811108
147,1.040634784493511,0.0010500112746666265,300.0,0.01089626351030063,1.366534429437974
147,1.0481362608346072,0.001080188654635673,300.0,0.009976932508024302,1.3821697879921306
148,1.0480241228013016,0.001056807200483371,300.0,0.01041580486633895,1.3754820864125075
148,1.041101395000111,0.001028965072394137,300.0,0.010843928416513583,1.3606348465789448
149,1.0460623138630551,0.0010567564823179046,300.0,0.010605731448032198,1.3736949904202336
149,1.0475956337754004,0.0010663042218572929,300.0,0.010292891729033101,1.3777797866730668
150,1.0499113819815895,0.0010819602151803504,300.0,0.010712445768612352,1.38521189391613
150,1.0399205532940952,0.0010517513646019242,300.0,0.011441627288745208,1.3668875913728367
151,0.980073526973638,0.0009298494592155182,300.0,0.01054503233909472,1.2695734004629144
151,0.9895749185572971,0.0009462068077647762,300.0,0.010277145040560175,1.2837141091173345
152,0.9650273366017385,0.0008946327105985727,300.0,0.010408450803207653,1.2438255975375305
152,0.9755770247261804,0.0009287514461378509,300.0,0.010231425138274292,1.2644338889701947
153,0.9565007799380535,0.0008756608418676675,300.0,0.010883586418286368,1.2300826163442284
153,0.9605557803098146,0.0009017401525115192,300.0,0.011336806661298347,1.2424146369233862
154,0.9479087045909044,0.0008778139397960298,300.0,0.010441076720442472,1.2216939632133519
154,0.9461414419315957,0.0008726663851317622,300.0,0.011065299232565873,1.2190066594798286
155,0.9304305274744291,0.000827885943746534,300.0,0.011327444886167845,1.1901237556526252
155,0.9469083206610637,0.000877525245045576,300.0,0.011984679537514845,1.2221505687580452
156,0.9366388347651392,0.0008523070136363923,300.0,0.01072415761804133,1.2030550949776653
156,0.940583730871613,0.0008559845773889138,300.0,0.011999392947014253,1.2093785053437895
157,0.9317046390520618,0.000828512520644179,300.0,0.011598968673748019,1.1918573574634945
157,0.9405417724235637,0.0008546200681578468,300.0,0.011039844345981004,1.2079676419228047
158,0.9132719348631633,0.0008118066583309039,300.0,0.012287024350110191,1.1691009558637047
158,0.9192169900681522,0.000824894150601058,300.0,0.011718830891868082,1.1784040667452254
159,0.92790468658567,0.0008217244564462662,300.0,0.0119753459744122,1.1863973685978775
159,0.9353176637275799,0.000861828888872395,300.0,0.011994515224737493,1.2058608467514451
160,0.9232234922759736,0.0008364179837355608,300.0,0.012211295751011158,1.1863601878619514
160,0.9211249942178125,0.0008366269900212861,300.0,0.012285907033344244,1.184398995326446
161,0.9214492410822299,0.0008262337119273649,300.0,0.012768946521218048,1.1820882906293655
161,0.9341613719816165,0.0008547567838652585,300.0,0.011582932774303271,1.2021713393151492
162,0.922928537622161,0.0008360187215323355,300.0,0.011951146398842202,1.1856853015754254
162,0.9224901768658728,0.0008333304878287728,300.0,0.0124598236884003,1.1849491465252076
163,0.9163824930586623,0.0008189440916961627,300.0,0.01259955936925895,1.1746652765124368
163,0.929525914480868,0.0008635915834884757,300.0,0.01243979659457712,1.2010431884382873
164,0.917049545477324,0.0008105010790943539,300.0,0.012884588966421749,1.1730844565571157
164,0.9188132429069468,0.0008239932789928238,300.0,0.012407298545424113,1.1784185253985795
165,0.9030661262204295,0.000784640020723225,300.0,0.012890974203784503,1.1513491024350906
165,0.928158947437868,0.0008223177236087219,300.0,0.012197598702203265,1.1870518636810405
166,0.9084602857651732,0.0008135878601954048,300.0,0.012452701680913501,1.164989343405839
166,0.9157945906634822,0.0008179729066621052,300.0,0.01317624170583727,1.174362710773143
167,0.9096775311525627,0.0007987621750874704,300.0,0.01314557404904689,1.162451755171934
167,0.9055024279874536,0.0008012001407766013,300.0,0.01230329140862074,1.1581657627772857
168,0.9047676167145973,0.0008032563696625839,300.0,0.01344767075883968,1.1591921924475597
168,0.9164545143131718,0.0008300611680903944,300.0,0.011035907307781713,1.176508774137283
169,0.9035229193790076,0.000783093402584004,300.0,0.012625524427558007,1.151076462771326
169,0.9049072713328049,0.0008238722309741639,300.0,0.01321634096657281,1.1652852823381468
170,0.914332477501155,0.0008173673282530902,300.0,0.012229745318035641,1.171772418802629
170,0.9134529238324529,0.000816557107663206,300.0,0.012715144367938686,1.171135209868307
171,0.9047217768671266,0.0008070237807080676,300.0,0.012263353607061865,1.1590922617858836
171,0.9118388805688764,0.0008044028077838366,300.0,0.012767692111148561,1.1659274130658719
172,0.9094555728104082,0.0008044173336296024,300.0,0.012440511879026723,1.1632212816065202
172,0.9022156155162863,0.0008031688375432971,300.0,0.013257530902098915,1.1564237993928883
173,0.9096821910062713,0.0008319467750525169,300.0,0.01292583001192843,1.17219205340997
173,0.9172758754058804,0.0008149060248157151,300.0,0.012531234892168721,1.1742789178685757
174,0.8913335828235865,0.0007913245821075154,300.0,0.013655616187661753,1.1423865695705329
174,0.9079835369447956,0.0008120513892437085,300.0,0.012587099509405581,1.1641860537464843
175,0.9030513643149303,0.0008050046342784213,300.0,0.013113743009571938,1.157666499037379
175,0.9044678359555557,0.0007884912514529763,300.0,0.012806891712188854,1.1538220983449654
176,0.9038603535682097,0.0007922138532361583,300.0,0.013243911869306067,1.1547684221791579
176,0.9058491197402168,0.0007876591419439863,300.0,0.013744971993684168,1.1558918304774792
177,0.9133835585929888,0.0008048012716546362,300.0,0.012905878108830062,1.1677298179656401
177,0.890250244215465,0.0007737848529946622,300.0,0.013336991494513147,1.1357226919700212
178,0.8916444504474845,0.0007758204829268316,300.0,0.01294396189981111,1.1373345541847126
178,0.9018421750432173,0.000803133281080403,300.0,0.013608787434317605,1.156390947878628
179,0.907461194981374,0.0007929206227271863,300.0,0.012649357384655441,1.157986739291204
179,0.8922568556973752,0.0007760743273517656,300.0,0.013587672472200586,1.1386668281170285
180,0.8944330343751095,0.0007756658503603015,300.0,0.013504901845551058,1.1406376928491977
180,0.899260293475181,0.0007885427121151313,300.0,0.012988424658432871,1.1488115386578
181,0.8979023922184658,0.0007751290660326457,300.0,0.013517891718784656,1.1439590031790627
181,0.9026787563022477,0.0007932813234643952,300.0,0.013763361583326028,1.1544265169733843
182,0.9024746244263756,0.0007921677786750394,300.0,0.01370064633785676,1.153825608336872
182,0.8902317614298765,0.0007790397496235186,300.0,0.013217664632795905,1.13716134281971
183,0.8994405103905854,0.0007911814884266988,300.0,0.014228124338548814,1.151023086143716
183,0.9067495911645248,0.0007834861906858228,300.0,0.01372683925487335,1.1555222888965777
184,0.8936247682624868,0.0007777209195304211,300.0,0.013132896015395499,1.1400739451694917
184,0.8901581577121409,0.0007736436280603584,300.0,0.012929129531197752,1.1351803746993232
185,0.8953832653873169,0.0007812574628094261,300.0,0.013300916888947377,1.1430614247183095
185,0.8915676636278896,0.0007632271946377054,300.0,0.01272204915174354,1.1332578741916093
186,0.9009218640926173,0.0007959225768316851,300.0,0.012665099750435806,1.1523637396070454
186,0.891738181825176,0.0007777669385593435,300.0,0.013690749688633621,1.1387590075020297
187,0.8926346654849202,0.0007831487378404129,300.0,0.013173805900552883,1.140753090114337
187,0.8808996341955502,0.0007612518262094087,300.0,0.01466851556598472,1.12394369437021
188,0.89024324641634,0.0007594082305612953,300.0,0.013370988231711924,1.1314367015800133
188,0.8901766056169843,0.0007764115268437635,300.0,0.013053599094571086,1.1361536616167145
189,0.8824534783716159,0.0007489181841872925,300.0,0.013530838080878148,1.1206597695168894
189,0.880340093454438,0.0007575048636065613,300.0,0.01448682186740864,1.1220783738277418
190,0.8818807406810367,0.0007547130533509716,300.0,0.013488393792707156,1.1217830511219298
190,0.8773964302689505,0.0007548751895505968,300.0,0.013372084434925173,1.1172310688570475
191,0.8804618387478884,0.0007514375401739106,300.0,0.013566966026587069,1.1194600687433252
191,0.9020154858383898,0.0007947092721052885,300.0,0.012744925836844561,1.153173190863143
192,0.8891748270111768,0.0007678647029668828,300.0,0.013614425730093846,1.133148666187252
192,0.8857641265531292,0.0007619787623710104,300.0,0.01259031505094248,1.1269480757114598
193,0.8894592991324284,0.0007693801116852942,300.0,0.013276822940183328,1.1335501566596096
193,0.8795504456411029,0.0007492657495697025,300.0,0.012881174169881729,1.1172113442634788
194,0.8848734860195707,0.0007585535912290048,300.0,0.013945018231551342,1.1263845806164592
194,0.887473009894247,0.0007725989367998719,300.0,0.01388409178110984,1.1331367845492513
195,0.8867719311799321,0.0007550326224970506,300.0,0.013421918367384933,1.1267036347250854
195,0.8768925092145466,0.0007444497391282928,300.0,0.01360085011134133,1.1138282776413477
196,0.8849670726622166,0.0007727917689921945,300.0,0.013107645496592393,1.1299122465031028
196,0.8921794231162478,0.0007796258203092245,300.0,0.013164971992707573,1.1392321399509104
197,0.8838269911004824,0.0007693453663448498,300.0,0.013862331599861617,1.1284929348214325
197,0.8800756201615783,0.0007418082504180331,300.0,0.0142860558946855,1.1169041510120101
198,0.8888691208724465,0.0007573288016828883,300.0,0.01416929321463353,1.1302370526162642
198,0.8831611524248337,0.0007661464628348474,300.0,0.013550187565486527,1.1265552737520415
199,0.8878715729232326,0.0007619998577865772,300.0,0.014200621583152379,1.1306721482576276
199,0.8721464762773214,0.0007278801942953627,300.0,0.014597369460263729,1.105107906554312
200,0.8780387895256949,0.0007452358551884087,300.0,0.014191646124716564,1.1158011897797007
200,0.8948487831872675,0.0007808314169905328,300.0,0.014290025902519446,1.1433882352482578
201,0.8776508516260326,0.0007561537811183892,300.0,0.014097316371226859,1.1185943032594006
201,0.8897956438663295,0.0007798446762853723,300.0,0.013261145582180387,1.1370101934591217
202,0.8797619119286537,0.0007458768570489026,300.0,0.014064700193037944,1.1175896675725068
202,0.8684101930648223,0.0007334162967345852,300.0,0.014799981486603551,1.103235065536114
203,0.8810680356941053,0.0007479339978349994,300.0,0.01380192716273346,1.1192501583801848
203,0.8677384966959333,0.0007297690304449338,300.0,0.013423609365646481,1.1000928119693636
204,0.882616956718266,0.0007722923099078928,300.0,0.013867239698551461,1.1281718911070908
204,0.8714745095492479,0.0007328742076465317,300.0,0.014756605277598037,1.1060933751375686
205,0.8779097726302487,0.0007498839046807656,300.0,0.01443453695433813,1.1173094770471965
205,0.8833230784428971,0.0007551239559039199,300.0,0.013480215589100095,1.1233404818922281
206,0.8835317540381636,0.0007426384595419222,300.0,0.014072147549346223,1.1203954360846962
206,0.8729895441127675,0.0007506229724835326,300.0,0.01378003642769597,1.1119564779634987
207,0.880659916039024,0.000752649379657149,300.0,0.013441037114327108,1.1198957660900695
207,0.8726527265139988,0.0007415819934846825,300.0,0.014774855598391565,1.1099021812634808
208,0.8759588001822143,0.0007365164013538769,300.0,0.014183441430722851,1.111097158070637
208,0.8726035834962477,0.0007424690481575494,300.0,0.014289775142872146,1.1096340737267996
209,0.876529086381197,0.0007470402841980624,300.0,0.014039084396374944,1.1146802527031727
209,0.8632281836388367,0.0007213740299058762,300.0,0.01483281262959021,1.094473207635539
210,0.8744163968201194,0.0007416270574854675,300.0,0.01492013833818159,1.1118246628237622
210,0.8703332158482128,0.0007293561214164543,300.0,0.01470661515603886,1.1038466615794484
211,0.8792230454938752,0.0007603620481079686,300.0,0.01405565293784353,1.1213873115235142
211,0.8641164797303923,0.0007224354345216771,300.0,0.0145784558899567,1.0954255678193987
212,0.8804630172838058,0.0007425270584592779,300.0,0.013655681712927097,1.1168768203684263
212,0.8749116418351021,0.0007458353674272595,300.0,0.01487755887709292,1.1135398142838053
213,0.8750833895589624,0.0007400591535510362,300.0,0.014632816134897959,1.1117339528032713
213,0.887533740539636,0.000754637014324544,300.0,0.014224852236761112,1.128149694630078
214,0.8759363135322928,0.0007451048411439842,300.0,0.013919608521973714,1.113387371812548
214,0.8795768860727549,0.000738873707892448,300.0,0.014513325962720305,1.1157523223331995
215,0.8753033067498889,0.0007373816292134247,300.0,0.014025902261242404,1.1105436922184058
215,0.8868009796632188,0.0007664178677129842,300.0,0.013703213836249364,1.1304295515375478
216,0.8704653213332806,0.0007155403929703295,300.0,0.014679637679364532,1.0998070790831531
216,0.8708123508840799,0.0007421962438586759,300.0,0.014391991586307995,1.1078632165278708
217,0.8742531836032867,0.0007417972148167402,300.0,0.014475306370254007,1.1112676526286773
217,0.8780686525361878,0.0007582202542835148,300.0,0.0136657566919374,1.1192004916125111
218,0.8755965600056308,0.0007364530340185281,300.0,0.014070235517075551,1.1106027053403003
218,0.8774399652278849,0.0007445576029892566,300.0,0.013798095583167327,1.114605342703206
219,0.8719350527971983,0.0007402492997893465,300.0,0.014436453547594803,1.1084462977679712
219,0.8746953832783869,0.0007374043583955167,300.0,0.014593649884253474,1.1105103476771288
220,0.8707017156162432,0.0007246369423877955,300.0,0.014504824974989918,1.1025976208703858
220,0.8622694285586476,0.0007288040942187633,300.0,0.014522345543290223,1.0954330027369517
221,0.8750101822827544,0.0007461681165880561,300.0,0.014245653383633388,1.1131062704537595
221,0.8629612790952835,0.0007182751105574425,300.0,0.015235738751861001,1.0936795489064284
222,0.8585708295660359,0.0007184559043967706,300.0,0.014899707512605736,1.0890072977968626
222,0.8745003740436265,0.0007417837945402945,300.0,0.014303776560284729,1.1113392891628402
223,0.864826283284596,0.0007106861851947802,300.0,0.014685090683217692,1.092717234045267
223,0.8764175549149513,0.0007604806539153028,300.0,0.014353644283671332,1.1189153956781541
224,0.868048773546304,0.0007320412107999021,300.0,0.014425208577969377,1.1020863436694657
224,0.8721833693395767,0.0007382739330361281,300.0,0.013800961560004257,1.1074665114283562
225,0.8811795840572033,0.0007639672060447213,300.0,0.015137263143385229,1.1255070048251323
225,0.86679891590029,0.0007389264226925921,300.0,0.014670599102308708,1.1031474417873792
226,0.8740901909768581,0.000732905240121389,300.0,0.015080796514147161,1.1090425604156084
226,0.8648226227877396,0.0007243919136012014,300.0,0.01510032833279443,1.0972405251647745
227,0.867551791880812,0.0007333423146909419,300.0,0.014331012681525732,1.1018855018275124
227,0.8568961544494543,0.0007038434978637399,300.0,0.014497058356937487,1.0825462638001357
228,0.873211703130177,0.0007287981436223033,300.0,0.01464984692782829,1.1065009930836303
228,0.8680291936865875,0.0007207241887304658,300.0,0.014640056006360933,1.0988865100911684
229,0.8737777309226138,0.0007316077910997722,300.0,0.0145888395345537,1.1078489058251892
229,0.8643381104671529,0.0007250573114236301,300.0,0.014538943269664222,1.0963942469762904
230,0.8694527175809655,0.0007331332750644444,300.0,0.014613174625472831,1.1040058769285679
230,0.8680996020723667,0.0007394872745213174,300.0,0.01475017582041411,1.1046959578192659
231,0.8649098991549441,0.0007230295828516578,300.0,0.015103296886081807,1.0969220719167165
231,0.855808702696647,0.0007115123445211273,300.0,0.01481894390807221,1.0840813514909573
232,0.8710078366899064,0.0007338630034610105,300.0,0.014057597520669722,1.1052243404888682
232,0.8632613013365439,0.0007285156998802579,300.0,0.01562811782683379,1.0974441314382213
233,0.8519246494397521,0.0007047958644079699,300.0,0.01566387998796667,1.0790272947134716
233,0.8561142432902541,0.0007075609844053231,300.0,0.014619861390591333,1.0830024028463023
234,0.8674609751573631,0.000729907138910286,300.0,0.014313872317351135,1.1007469911128283
234,0.8614207426352161,0.000725825505371956,300.0,0.014399582457761946,1.0935679792559572
235,0.8533688282061901,0.0007034058214360682,300.0,0.015184578828796345,1.0795751526685697
235,0.8810314799525908,0.0007623857934179666,300.0,0.01470317697385326,1.124450393287199
236,0.8640674807663474,0.0007258194945539539,300.0,0.014936698586097918,1.096750027367047
236,0.8732687929379088,0.0007448019806101261,300.0,0.014767749323384902,1.111477132620556
237,0.8678578739719731,0.0007337297231840369,300.0,0.014752331023503627,1.1027291204248155
237,0.864383024030498,0.0007149746262647179,300.0,0.014966979063631567,1.0938423927873373
238,0.8578020344887461,0.0007195870688130006,300.0,0.014513517241409448,1.088191672494369
238,0.866223085139479,0.0007301013261959659,300.0,0.01524725761139832,1.1005007464970862
239,0.8644896524825266,0.000720726887883367,300.0,0.01502449952905798,1.0957322200494153
239,0.868943341076374,0.0007333162669575748,300.0,0.014591902571347808,1.1035301267568554
240,0.8604515301329749,0.0006953087421866907,300.0,0.015493692846835725,1.0845378451049328
240,0.8617277446069888,0.0006989502298243419,300.0,0.014813711937417142,1.0862265253173453
241,0.8523339843377471,0.0006940452291733631,300.0,0.015802814111728885,1.0763503666967154
241,0.8605447898485831,0.0007216277495315028,300.0,0.01513058984190658,1.092163700078215
242,0.8657436667542372,0.0007284213335684139,300.0,0.014582085809836696,1.0988521530692066
242,0.8550210568521704,0.0007018972451403117,300.0,0.014653305535570585,1.08024353507374
243,0.8582759989159447,0.0007149979405767226,300.0,0.015522681295156613,1.0882980593347125
243,0.8688211786959853,0.0007317684057690192,300.0,0.013636185502816391,1.1019878894356745
244,0.850347853664841,0.0006913405944227893,300.0,0.015324459851919008,1.073074490630201
244,0.8662805088928768,0.0007289943190958833,300.0,0.014529337805080493,1.0995081447597062
245,0.8672445780996766,0.0007318242356372398,300.0,0.014754334620582605,1.101546183760677
245,0.8618944674464208,0.0007159938154472911,300.0,0.015487050669824904,1.0921796600201301
246,0.8748697758253131,0.0007395879788418824,300.0,0.014059097659940432,1.1108052636097585
246,0.8676894223317504,0.0007297094737493483,300.0,0.015620328253135085,1.1022225921707494
247,0.8773643829460654,0.0007392533465073419,300.0,0.01503879068020199,1.1141791748149055
247,0.8534731495061091,0.0007226349314350955,300.0,0.015485248177096114,1.0857488801702857
248,0.8597131839820317,0.0007119502402831911,300.0,0.014733332655201334,1.088031590384032
248,0.8558398240378925,0.0007106549167506923,300.0,0.014822665406557332,1.083858962702964
249,0.8607476156737123,0.0007186665636059583,300.0,0.015238401232636534,1.0915859887110335
249,0.8587919401803187,0.0006907918766825917,300.0,0.014863478651802455,1.0808929806309087
250,0.8615802840462753,0.0007187136164118003,300.0,0.016186936881110472,1.0933813021651335
250,0.8651785762714488,0.0007269800030371698,300.0,0.014776787047074842,1.0980493679110492
251,0.8613492798592363,0.0007210843245632402,300.0,0.014522800974581125,1.0921973745737756
251,0.8577710948884487,0.0007184809686090635,300.0,0.015211303296382539,1.0885266859882645
252,0.8543965929586973,0.0006978818586763477,300.0,0.015501643522189365,1.0792627959911312
252,0.8671866905476365,0.0007503891945686649,300.0,0.015281097580944853,1.1075845496462924
253,0.854677432482796,0.0007098651247555868,300.0,0.015470985256667649,1.0831079589469093
253,0.8584974847201791,0.0007085256260584824,300.0,0.01568606808307647,1.086741239364658
254,0.865254218290959,0.0007236396996047136,300.0,0.015210638795646705,1.0975567693156856
254,0.8428864891507796,0.0006913984065834354,300.0,0.015251898930208492,1.065557916648686
255,0.8532818164676428,0.0006973746522557381,300.0,0.015265913339265223,1.0777601232486111
255,0.8613529137468764,0.0007303819656304508,300.0,0.01470485894034417,1.0951723580115609
256,0.8661878006532788,0.0007230880698573726,300.0,0.015566720018146693,1.0986809389931815
256,0.853010766474264,0.0007123463951757003,300.0,0.01527181791815175,1.0819865047399486
257,0.8434912410697767,0.0007025299445493667,300.0,0.014740481604738826,1.068990704204355
257,0.8566392564347812,0.0007040975699185635,300.0,0.015061553788005508,1.0829300766012497
258,0.8596916943788528,0.0007155044116708657,300.0,0.015620208374457434,1.0899632291070052
258,0.8589622040412256,0.0006993770718638968,300.0,0.015253268448369843,1.0840285949941193
259,0.8659443971035736,0.0007151438701060085,300.0,0.015179896041185461,1.095667453482747
259,0.853724116725581,0.0007181731094923245,300.0,0.014686657974380068,1.083862703293562
260,0.8601875053718686,0.0007118232594101366,300.0,0.014503708707966976,1.0882381911256485
260,0.8435442745685577,0.000699866140166705,300.0,0.01567443399523784,1.069178555293807
261,0.8639986968732306,0.0007132362997188986,300.0,0.014714038556641234,1.092683623810964
261,0.8514844421297312,0.0006954480379915497,300.0,0.014984769536697837,1.0751036232603448
262,0.8658619416611535,0.0007274129500599104,300.0,0.015085565612285532,1.0991713920874255
262,0.8532929608066168,0.0007039781216267979,300.0,0.015300351463208375,1.0797867530158587
263,0.8509788949574743,0.0007104433076554935,300.0,0.015630456121081288,1.0797423430319344
263,0.8574039737827012,0.0007106382853245512,300.0,0.015596768317794028,1.0861922318914108
264,0.8548948067639556,0.0006997289762823909,300.0,0.015014870581840764,1.0798283671694142
264,0.8491728281868356,0.000708423041584995,300.0,0.01569274958040166,1.0773924899154477
265,0.8511673205399087,0.0006929624139827086,300.0,0.015510716722928919,1.0745667612978391
265,0.8538661681647811,0.0006956065186126839,300.0,0.01418118154937734,1.0767293069511652
266,0.8522333464186106,0.0007008788133719333,300.0,0.015553115586434225,1.0780501094247614
266,0.8615929082568202,0.0007164502509177899,300.0,0.014734812623438691,1.091262792104057
267,0.8453176748007536,0.0006952324639704395,300.0,0.015829846444830764,1.0697172567514437
267,0.8577553068420717,0.000714072865775961,300.0,0.014761013772970597,1.0867381763777562
268,0.86238440046353,0.0007193223633683894,300.0,0.015247333961139833,1.0934284393276488
268,0.8583171891846827,0.0007067098473011616,300.0,0.014598887972949472,1.0849290234701974
269,0.8604460563510656,0.0007238439906619273,300.0,0.01543203679362445,1.0930312863950218
269,0.8653184476175478,0.0007300638167180296,300.0,0.014561190592108428,1.0988987806652273
270,0.862954312004149,0.0007233923499175684,300.0,0.015560070608834005,1.095532089471817
270,0.8575365208089352,0.0007139301144759104,300.0,0.0157237812049321,1.087439344397613
271,0.847265293156462,0.000694229646472065,300.0,0.01466958548657463,1.0702037720807962
271,0.8581207972019911,0.0007045006538776631,300.0,0.015444980711825857,1.0849159759070193
272,0.8568208172385182,0.000699232461394266,300.0,0.015076077647141315,1.081666632156287
272,0.852100205075528,0.0007031892635365823,300.0,0.015039233555268896,1.078096219604569
273,0.8577518399272647,0.0007181873094331033,300.0,0.01524555026636725,1.0884535807584013
273,0.8522474242906485,0.0007066451092733976,300.0,0.015478684177131592,1.0797196405806713
274,0.8584258974130664,0.000729203557641865,300.0,0.015298081184612653,1.0924850502716643
274,0.8524034254785094,0.0006948337806014544,300.0,0.01524946332730386,1.0761030257812567
275,0.8535398248849171,0.0007007566674864003,300.0,0.014501812614201168,1.078268634687577
275,0.8467116039246321,0.0006837464975758069,300.0,0.015207680863178601,1.0670432319332446
276,0.848594651291413,0.0006799416163890523,300.0,0.016278368524841165,1.0688555002478617
276,0.8534192287230066,0.0007000676997189917,300.0,0.015460650060309231,1.0789001941947
277,0.8457670243723052,0.0006922600956126449,300.0,0.015072448185362321,1.0685175014659762
277,0.8431155504658818,0.0006913500655757941,300.0,0.014564965381785961,1.0650855329419886
278,0.8483408862458808,0.0006992498440143079,300.0,0.014866724188323133,1.0729825616415058
278,0.8539406980520913,0.0007096771735177754,300.0,0.014942092612078081,1.0817859420286757
279,0.8536613495754344,0.0007078548682589567,300.0,0.014586103075998835,1.0806039185928447
279,0.8545794165027993,0.0006998262272840553,300.0,0.01585537833618998,1.0803826646879315
280,0.8608070933925254,0.0007110407460199245,300.0,0.015489566586828525,1.0896088877426726
280,0.8447714723380548,0.0006871882546225347,300.0,0.014948443794440078,1.0658763910510711
281,0.8544760784134269,0.000716829214720097,300.0,0.015074301438289694,1.0845991516751903
281,0.8501104254807744,0.0007020181215661328,300.0,0.015455440655516992,1.0761713066271372
282,0.8641132142926965,0.0007161061605854359,300.0,0.015381575805284748,1.0943266406123127
282,0.8545820021203586,0.0007079721187242935,300.0,0.014762901023329635,1.0817365401557513
283,0.8413163160106966,0.0006745498482294872,300.0,0.016043280051755055,1.059724550162043
283,0.8361351376931582,0.0006753324959325775,300.0,0.016080181567563807,1.05481506445046
284,0.847587448012616,0.0006944518422642432,300.0,0.016187909756679022,1.0721109111660294
284,0.8540229491357293,0.0007142645797232815,300.0,0.015489636532687914,1.083791961494301
285,0.8562572301764574,0.0007049370241410153,300.0,0.015323717783238473,1.0830620588468653
285,0.8469732004616942,0.0006951040246739078,300.0,0.015681440774642397,1.0711858506713594
286,0.8410322636898074,0.0006856105711839129,300.0,0.01521025423426181,1.0619256876941239
286,0.8397182682529092,0.0006764494822034196,300.0,0.014943921655815626,1.0575970370056373
287,0.8490175905504397,0.0006961803695243621,300.0,0.015968712230720224,1.0738404135086708
287,0.8575203801904406,0.0007120371058460608,300.0,0.01581312625369589,1.0869446392836315
288,0.8601354578776019,0.0007045032877093556,300.0,0.014710166110100025,1.0861966125667095
288,0.8515772936599595,0.0006849942960798217,300.0,0.014964371192036197,1.0720399532999312
289,0.8536705377378634,0.0006951280867529672,300.0,0.014555567775719933,1.0767645351588726
289,0.8496190969433103,0.0007038728135414983,300.0,0.015293286618543789,1.07607423301254
290,0.858530029920595,0.0007038561146665805,300.0,0.014539373271483262,1.084226233352508
290,0.8339714101914849,0.0006775003847516407,300.0,0.015082549549073778,1.0523040743012513
291,0.8565297420801861,0.0007092934244415769,300.0,0.014813573521678336,1.0841313388996892
291,0.8531718501555068,0.0007104189857532869,300.0,0.014204120668832079,1.080501671082207
292,0.8390249140294535,0.0006762363744233621,300.0,0.015848859697663493,1.0577446852943726
292,0.8461869641074112,0.0006945431740470147,300.0,0.015546490244949902,1.0700964014977217
293,0.8498662332338947,0.0007031977659478018,300.0,0.015991822908940127,1.0768173866506134
293,0.8623283653120909,0.000721020239650118,300.0,0.01630544802173972,1.0949398877897434
294,0.8579424066202981,0.0007119246162931501,300.0,0.015214582942592512,1.0867343776460205
294,0.8536758358989444,0.0007121709682646074,300.0,0.01518098713755275,1.0825081181579403
295,0.8503650920465589,0.0006981408797141089,300.0,0.014424537657760084,1.0742318925580807
295,0.857940472795495,0.0007130598883772368,300.0,0.015563261367788073,1.0874216980966074
296,0.847368277077164,0.0006877460527903168,300.0,0.015471528812278328,1.0691636191414935
296,0.8490229876312826,0.0006903645617545148,300.0,0.014666535413458146,1.0707988934591413
297,0.8483611289411783,0.0006855877631356375,300.0,0.016155858464896613,1.070193313062191
297,0.8497116269011583,0.0006958117445979692,300.0,0.01591281022826609,1.0743679529322046
298,0.8395060099927443,0.0006870153349934428,300.0,0.01547375314943825,1.0610843617469072
298,0.8454615848937205,0.0006821345064379004,300.0,0.016145820666029716,1.0662477551294225
299,0.8540578138615403,0.0007075995595836762,300.0,0.015279241801181342,1.0816169202859913
299,0.8467388854229024,0.0006914416278505087,300.0,0.01488161389092316,1.0690529852041177
300,0.8593297523579427,0.0007135191615036872,300.0,0.014617816249873223,1.0880033216838325
300,0.8452377496287227,0.0006775031956749444,300.0,0.016460339285133938,1.0649490470864944
301,0.8379293263756803,0.0006743120544732457,300.0,0.016001530694276362,1.0562244696276528
301,0.8387176897376776,0.0006568989233853374,300.0,0.015551527301015864,1.0513388920309288
302,0.8357730607635209,0.0006499530766827125,300.0,0.015443925562846874,1.0462029069396002
302,0.8439138716618929,0.000671221722703714,300.0,0.016050096372574835,1.061330489016005
303,0.8389938031988484,0.0006695221757451821,300.0,0.01538500930889443,1.055235463194549
303,0.8357961145894868,0.0006571682825519279,300.0,0.01550297363428399,1.0484495721757412
304,0.827514395516898,0.0006478875797841153,300.0,0.015446846527213762,1.0373275176222836
304,0.8331656088786465,0.0006576293192210869,300.0,0.01681621815701614,1.0472706213061298
305,0.8147983477850046,0.0006229756282729275,300.0,0.015558358716329426,1.0172493951395154
305,0.836013658637447,0.0006516717394333682,300.0,0.0161549551911386,1.0476701347423452
306,0.8301335454785398,0.0006392017993286052,300.0,0.015294030633023275,1.0371881199202366
306,0.8242328104430011,0.0006371362752101309,300.0,0.0154242745463437,1.0307979666228806
307,0.8175256081989833,0.000628229713811379,300.0,0.015935325685339712,1.0219298457460744
307,0.8316038125859839,0.0006439262389059357,300.0,0.015786268819023723,1.0405679542039121
308,0.8336596596719963,0.0006548747197874556,300.0,0.015275910263881087,1.0453979835978575
308,0.823005183200751,0.0006295117135550754,300.0,0.015588947426294908,1.0274476411619358
309,0.8256719554109233,0.0006287616227902097,300.0,0.01643421759737456,1.0307346541168434
309,0.8219718925122704,0.0006378390037298232,300.0,0.015604018882316138,1.028927612118423
310,0.8274153328633734,0.0006396527823134031,300.0,0.015673160536347756,1.0349843306466937
310,0.8271546560738768,0.0006459014434442777,300.0,0.016170064268018387,1.0370951563652073
311,0.8179329726845026,0.0006185648737917811,300.0,0.015314710679896442,1.0188171441799827
311,0.8286682356681142,0.0006456404508818585,300.0,0.016112481875877296,1.0384728607854672
312,0.8164904753544501,0.0006096605606801729,300.0,0.015429995559056156,1.0148186329752207
312,0.8145563598456127,0.0006306054593291524,300.0,0.01609687304984878,1.0198348722021495
313,0.8221602156492216,0.0006238450909482449,300.0,0.01611697967330526,1.025430721363851
313,0.8353546139385019,0.0006526653247159889,300.0,0.01601741068381151,1.0471716183902962
314,0.8306624446330326,0.000645343899285373,300.0,0.016372339552617632,1.0406379513442516
314,0.8280222405280385,0.0006385060571249466,300.0,0.016187493730935136,1.0357615516654082
315,0.8176216296851635,0.0006179680757928249,300.0,0.016222447387657928,1.0192344967009765
315,0.8340826655871102,0.0006382700865157988,300.0,0.015795000259199048,1.0413586957646268
316,0.8180277818547828,0.0006192836863354907,300.0,0.016162264576580907,1.019975152797997
316,0.8363399979259286,0.0006490708517828482,300.0,0.016415557726369507,1.0474768094718456
317,0.8206072215523038,0.0006326189345600142,300.0,0.016612659555643665,1.027005562292678
317,0.808185804236148,0.00060674335449156,300.0,0.01652397668762465,1.0067327883360642
318,0.8195273708552122,0.0006152842194231718,300.0,0.016495334279690205,1.0206079671957664
318,0.8225213954491275,0.000644124365310615,300.0,0.016346515216615183,1.032105220082615
319,0.8249666241130659,0.0006317692275713073,300.0,0.016180940922432847,1.0306783305214984
319,0.8144898651433843,0.0006292924724675686,300.0,0.016277568283840083,1.0195551752778036
320,0.8200726839048522,0.0006279883261868235,300.0,0.01685081996090178,1.0253200038735355
320,0.8270195723910417,0.0006162445458487907,300.0,0.01614664437823064,1.0280395748892002
321,0.8237996101379395,0.0006269730404580644,300.0,0.015951854700688273,1.0278433784842491
321,0.8224077259323427,0.0006324273482018075,300.0,0.01653031867109738,1.0286662514720644
322,0.8147448475605675,0.0006009205181304164,300.0,0.015911056475098512,1.0109320599585772
322,0.814934470823833,0.0006142984532613939,300.0,0.015580682481023749,1.0148046876170806
323,0.8318351858428547,0.0006526095381949355,300.0,0.015333021797622288,1.0429510679095984
323,0.8252687733620405,0.0006399983471965243,300.0,0.015509118824931127,1.032777399356876
324,0.8226853406855038,0.0006222595945928333,300.0,0.01578417316237132,1.0251473933458328
324,0.8231606482129011,0.0006352207930311644,300.0,0.016262363099875592,1.0299892513347524
325,0.8263923112036926,0.0006330250820220888,300.0,0.016156961397168094,1.0324567990111453
325,0.8176048233040741,0.0006182080834865441,300.0,0.016588724744256718,1.0196559739166073
326,0.8245663521811366,0.000632722535231421,300.0,0.015906449964469566,1.0302895705348678
326,0.827267018279859,0.0006457754003089836,300.0,0.016236644394146942,1.0372362863272429
327,0.8162701804456967,0.0006169769971750481,300.0,0.016647526788541915,1.01801080376442
327,0.8232038637091007,0.0006310774944202942,300.0,0.015086789237102494,1.0276139019323247
328,0.8146706667861768,0.0006125153964831043,300.0,0.015870813762636056,1.0142960942217283
328,0.8228625133633614,0.0006351242545861169,300.0,0.016318699764919335,1.0297184873904501
329,0.8210737922095827,0.0006321357791096359,300.0,0.01689784005741655,1.0276123683101364
329,0.8185416603727,0.0006199885975937443,300.0,0.016336943153874017,1.02087518040623
330,0.8196857079331364,0.0006300470527743787,300.0,0.016130790852392756,1.0248306138174874
330,0.8243154282016414,0.0006344331666566307,300.0,0.017064424412507963,1.0317098048648663
331,0.8179513045719692,0.0006160376181664365,300.0,0.015933657678293196,1.0186962414798992
331,0.8283319023570844,0.0006270587042698546,300.0,0.01656304476948987,1.0330125556460448
332,0.8124293445476464,0.0006070179202067395,300.0,0.01569624401080156,1.0102309633844666
332,0.8152132354942816,0.0006085024763089157,300.0,0.015547229465612742,1.013311208891017
333,0.81922547519207,0.0006213923801559369,300.0,0.016027991990475648,1.0216711827420764
333,0.8086750349029899,0.0006067894889351269,300.0,0.015973228853129382,1.0066851141995616
334,0.8081599984850202,0.0006011514842612087,300.0,0.01653780460141466,1.005043244787625
334,0.817668371966907,0.0006255621899202067,300.0,0.016869946239499507,1.0222069762114967
335,0.820435033978096,0.0006136078131281206,300.0,0.01627623150125146,1.0207936130464077
335,0.8108144916061845,0.0006220320009496001,300.0,0.01689659957108753,1.014320689120463
336,0.8089248350422297,0.000599716178255351,300.0,0.01669149073131848,1.005531174529876
336,0.8262795676876392,0.000645479467396269,300.0,0.015993439823172854,1.0359168471768498
337,0.8096681698890669,0.0006095236676953521,300.0,0.01580671567769189,1.0083319872085537
337,0.8200403603592089,0.0006211609759572768,300.0,0.016602120245806873,1.022990772234542
338,0.8085631777399352,0.0006038330344121537,300.0,0.016503239678318744,1.0062163276597857
338,0.8259486135627542,0.0006527170610947256,300.0,0.01724843844047947,1.0390121691993304
339,0.8228973874023983,0.0006368490537949713,300.0,0.01577497498406696,1.0297270776437861
339,0.8191286401290979,0.0006171080073857281,300.0,0.016402965775341727,1.020664003411574
340,0.808475908424173,0.0006065167003401127,300.0,0.015977967590775473,1.0064088851213455
340,0.8072144399796214,0.000600052102819453,300.0,0.01628415697112879,1.0035142310495888
341,0.8189351907266038,0.0006321276663194502,300.0,0.01531952982518955,1.023893020781023
341,0.8205500787922314,0.0006288470281106129,300.0,0.016895136307409433,1.026099323694195
342,0.8173645975600395,0.0006309551064467607,300.0,0.01633862263510569,1.0229897537667836
342,0.8183611862893615,0.000619598850042686,300.0,0.016549800148433342,1.0207906434578555
343,0.810395609587431,0.0006066243450797108,300.0,0.01752863484268476,1.0099115524707096
343,0.8134602566382715,0.000613513966267679,300.0,0.01629970122303348,1.0138141449008669
344,0.8229535816769514,0.0006352490724696379,300.0,0.016377298223752796,1.029905597546271
344,0.8211992763515029,0.0006259369729377795,300.0,0.016544251929319995,1.0255246157092708
345,0.8111821283985462,0.000617294183030026,300.0,0.01601995051480896,1.0123903322964907
345,0.8115380679124168,0.0006100087809305218,300.0,0.016280221289239956,1.0108209196478128
346,0.8139243103297693,0.0006141253456917184,300.0,0.01750857160992122,1.0156704836658068
346,0.8138798621616193,0.0006020920055302018,300.0,0.017639896568393203,1.0121473614126444
347,0.803326732745128,0.0005923353607418644,300.0,0.01688167904337336,0.9979090266195791
347,0.8167560366647584,0.0006186431499892413,300.0,0.017264636977675503,1.0196136169667755
348,0.8225253775183644,0.0006167642493112778,300.0,0.016294085555793054,1.0238487417144435
348,0.8133057941283498,0.0006182049479061139,300.0,0.01590124425794264,1.0146685208060913
349,0.8276691833244902,0.0006386758827829908,300.0,0.016701151710419384,1.0359731034508772
349,0.8173215942723411,0.0006207645709050017,300.0,0.016470049460102536,1.020021017640829
350,0.8190198890598757,0.0006243689899747551,300.0,0.015573039609340153,1.0219036327408892
350,0.8141960815659591,0.0006019821518878286,300.0,0.01831095530152587,1.0131016818008252
351,0.8113920981330531,0.0005962168490246508,300.0,0.017870378150421726,1.008127530238458
351,0.8184887343751532,0.0006230141370256856,300.0,0.01715345125246261,1.022546429985336
352,0.8121485515896764,0.0005975777830177062,300.0,0.01609071409412926,1.007512596568891
352,0.8230924946921212,0.0006201369346854335,300.0,0.01575855886455559,1.0248921356563057
353,0.8020333078290734,0.0005988848968984582,300.0,0.01599596894811839,0.9976947400718927
353,0.8131468278755035,0.0006178928190690515,300.0,0.01623955587690164,1.0147542322852783
354,0.8100168659750905,0.0006064362235714985,300.0,0.015955215701459174,1.0079029447266035
354,0.8155165437076773,0.0006087970957326304,300.0,0.01692866879498719,1.0150843393057585
355,0.8077645900526217,0.0005909747601110991,300.0,0.016731043622712605,1.0017880641722254
355,0.8139892630279064,0.0006164594672424885,300.0,0.015569382837773966,1.0144964862348778
356,0.810708147074495,0.0006095313457470704,300.0,0.016520110493209877,1.0100876625095094
356,0.8099513013980219,0.0006043125693914979,300.0,0.016215955776195706,1.007461030036211
357,0.8173673192837408,0.000608503842256271,300.0,0.016571437513838255,1.016489905704345
357,0.816607530894024,0.0006137410394850511,300.0,0.016444623316471865,1.0171744615903922
358,0.8199142744498593,0.0006304284421665736,300.0,0.016686748195622516,1.0257295548383678
358,0.8132960913436753,0.0006146949245443725,300.0,0.016932808850210028,1.0146373795079333
359,0.811040083478604,0.0006026046218526712,300.0,0.017745592623084252,1.0095670585121428
359,0.8131874189046877,0.0006066895290846982,300.0,0.016634252554337894,1.0118285325754965
360,0.8156528790880527,0.0006131254220430751,300.0,0.01611197948555595,1.0157024831111943
360,0.8051025436392852,0.0005826917585279391,300.0,0.017340073656149407,0.9972501390480569
