1,1.3345074653625488,0.33540090918540955,1.5144197940826416,0.41392385959625244
2,1.285918951034546,0.3471830189228058,1.474147915840149,0.40249618887901306
3,1.2706743478775024,0.35611075162887573,1.5012924671173096,0.39073148369789124
4,1.158478856086731,0.40405362844467163,1.4792128801345825,0.4289543032646179
5,1.0760103464126587,0.45088064670562744,1.4928569793701172,0.45403897762298584
6,1.076055884361267,0.45089346170425415,1.4928522109985352,0.4540441930294037
7,0.3671343922615051,0.39086636900901794,0.5845180749893188,0.5797058939933777
8,0.3300558626651764,0.39418673515319824,0.5137951374053955,0.6002267599105835
9,0.321697860956192,0.37281283736228943,0.500300407409668,0.5945473313331604
10,0.32316190004348755,0.371677964925766,0.5017176866531372,0.6151008009910583
11,0.3136492669582367,0.3725961446762085,0.4861633777618408,0.6094610691070557
12,0.30812036991119385,0.38742339611053467,0.46710386872291565,0.6115844249725342
13,0.3350368142127991,0.3973764479160309,0.48992636799812317,0.6218767762184143
14,0.3393418490886688,0.3748164474964142,0.4880339801311493,0.5972338914871216
15,0.31004759669303894,0.40438923239707947,0.4647553265094757,0.6536288857460022
16,0.2955315411090851,0.39357414841651917,0.4380989968776703,0.6279793381690979
17,0.3111497461795807,0.3733444809913635,0.44700706005096436,0.6023670434951782
18,0.317965030670166,0.3705875873565674,0.46108323335647583,0.6073972582817078
19,0.3451525568962097,0.39545539021492004,0.47178739309310913,0.6091428399085999
20,0.3326728045940399,0.39739036560058594,0.4728376567363739,0.6487677097320557
21,0.3396058976650238,0.3870513439178467,0.4599692225456238,0.5931627154350281
22,0.32476794719696045,0.401213139295578,0.45922982692718506,0.6377935409545898
23,0.344669371843338,0.40101638436317444,0.47745832800865173,0.6396052837371826
24,0.3460335433483124,0.38865673542022705,0.46799927949905396,0.6241857409477234
25,0.34966418147087097,0.3956191837787628,0.46961912512779236,0.6206958889961243
26,0.31310904026031494,0.391431599855423,0.43164771795272827,0.6139757037162781
27,0.3193313777446747,0.39085471630096436,0.44424402713775635,0.6230983734130859
28,0.35090315341949463,0.38596370816230774,0.4701554477214813,0.6141917705535889
29,0.3081188499927521,0.4008156359195709,0.4302770495414734,0.6304242014884949
30,0.3144500255584717,0.41100290417671204,0.4327618181705475,0.6423647999763489
31,0.3309633731842041,0.4146574139595032,0.447581022977829,0.6377366185188293
32,0.3333204984664917,0.4129706919193268,0.455038458108902,0.6425759792327881
33,0.3306778073310852,0.4078543782234192,0.4497393071651459,0.6417091488838196
34,0.2906062602996826,0.4083373546600342,0.41676220297813416,0.6643187403678894
35,0.3125884532928467,0.4366934299468994,0.4272364377975464,0.6658540368080139
36,0.31004709005355835,0.42477524280548096,0.423787385225296,0.6468855142593384
37,0.3132914900779724,0.4401053488254547,0.425563246011734,0.664456307888031
38,0.31128859519958496,0.4514012634754181,0.4193284809589386,0.6812275052070618
39,0.32678645849227905,0.4261402487754822,0.4443545341491699,0.6584445238113403
40,0.3243442177772522,0.46055102348327637,0.44559499621391296,0.7001627087593079
41,0.3264450132846832,0.44969046115875244,0.44665929675102234,0.6740016341209412
42,0.3347691297531128,0.46748897433280945,0.446755975484848,0.6966544985771179
43,0.34058451652526855,0.444927841424942,0.44974544644355774,0.6574984192848206
44,0.29056107997894287,0.4374065399169922,0.39722898602485657,0.6595496535301208
45,0.3073665201663971,0.4440048635005951,0.4287891983985901,0.702448844909668
46,0.342563658952713,0.4405313730239868,0.4492519497871399,0.6473196744918823
47,0.3390747904777527,0.47513389587402344,0.45416998863220215,0.7064882516860962
48,0.30683887004852295,0.4635748565196991,0.4040127694606781,0.6675316095352173
49,0.3088662326335907,0.44938603043556213,0.4240805208683014,0.6907438635826111
50,0.27906137704849243,0.4442999064922333,0.3974100649356842,0.6995566487312317
51,0.31631872057914734,0.48090267181396484,0.43094560503959656,0.7146235704421997
52,0.2883448898792267,0.46335798501968384,0.3996340036392212,0.6880616545677185
53,0.2833942472934723,0.49611324071884155,0.396666020154953,0.715042233467102
54,0.3152005076408386,0.45054787397384644,0.41523000597953796,0.6639655828475952
55,0.29618844389915466,0.46620264649391174,0.4048093855381012,0.6966717839241028
56,0.29900404810905457,0.4626914858818054,0.4011330306529999,0.6776136755943298
57,0.3134913146495819,0.4545677602291107,0.42707589268684387,0.6831994652748108
58,0.3005816638469696,0.4503100514411926,0.4051762521266937,0.6620852947235107
59,0.30441880226135254,0.4971478283405304,0.41990289092063904,0.7239547967910767
60,0.2969967722892761,0.4721226692199707,0.41123440861701965,0.7101497650146484
61,0.2973214089870453,0.47560837864875793,0.4011971652507782,0.7062498927116394
62,0.27864569425582886,0.45656514167785645,0.3837440311908722,0.6705541014671326
63,0.28944092988967896,0.48892128467559814,0.39370355010032654,0.7047004103660583
64,0.29168006777763367,0.46945711970329285,0.3936886489391327,0.6822087168693542
65,0.3244563043117523,0.48771196603775024,0.434405118227005,0.7105653882026672
66,0.29149284958839417,0.4771280884742737,0.3958252966403961,0.6795375943183899
67,0.32224345207214355,0.5030214786529541,0.4376882314682007,0.7176326513290405
68,0.2841898798942566,0.4847675561904907,0.3949354887008667,0.7240232229232788
69,0.2788550853729248,0.4705854058265686,0.3782677948474884,0.6824933290481567
70,0.304562509059906,0.5010029077529907,0.4120446741580963,0.7052977085113525
71,0.29101327061653137,0.4859119653701782,0.4045010209083557,0.715150773525238
72,0.2910516560077667,0.5096049308776855,0.38856634497642517,0.6941547393798828
73,0.29335054755210876,0.5061473846435547,0.39376798272132874,0.7017438411712646
74,0.2751409411430359,0.5065202713012695,0.3711227774620056,0.713588297367096
75,0.27309784293174744,0.5014077425003052,0.37525761127471924,0.6995325088500977
76,0.30851438641548157,0.49070286750793457,0.39847397804260254,0.6670548915863037
77,0.29442572593688965,0.5039373636245728,0.3967718183994293,0.7150692343711853
78,0.28612804412841797,0.4909534454345703,0.38474348187446594,0.7007644176483154
79,0.2536397874355316,0.5268688201904297,0.35374054312705994,0.736572265625
80,0.27428779006004333,0.48018866777420044,0.37950965762138367,0.6859458088874817
81,0.2947816550731659,0.5056990385055542,0.3966953158378601,0.7170116901397705
82,0.27671316266059875,0.4865894317626953,0.3779836893081665,0.6954451203346252
83,0.27235373854637146,0.5127483606338501,0.3835553228855133,0.74132239818573
84,0.3243086040019989,0.4622482359409332,0.41217732429504395,0.663186252117157
85,0.287027508020401,0.49718695878982544,0.39901891350746155,0.7450581192970276
86,0.25882309675216675,0.4955282211303711,0.365021675825119,0.7180264592170715
87,0.2790410816669464,0.48590096831321716,0.37295812368392944,0.6865923404693604
88,0.2673088014125824,0.5068501830101013,0.3689309358596802,0.7135740518569946
89,0.2580006420612335,0.5253756642341614,0.35360661149024963,0.7220250964164734
90,0.2850845456123352,0.5250035524368286,0.3949528932571411,0.7396198511123657
91,0.28761836886405945,0.46863624453544617,0.3746678829193115,0.6551450490951538
92,0.2855220139026642,0.47418224811553955,0.384213387966156,0.6750389337539673
93,0.2670183479785919,0.4997800588607788,0.3666866421699524,0.6998665928840637
94,0.26543667912483215,0.4983533024787903,0.36584922671318054,0.7062963843345642
95,0.27862846851348877,0.4856608211994171,0.3760520815849304,0.6945974826812744
96,0.270216703414917,0.5011309385299683,0.37296050786972046,0.7184126377105713
97,0.2705457806587219,0.5182939171791077,0.3684742748737335,0.717254638671875
98,0.2659643888473511,0.5234676599502563,0.36723238229751587,0.7369366884231567
99,0.26438847184181213,0.5065938234329224,0.3596304953098297,0.7043272256851196
100,0.28252190351486206,0.5101155638694763,0.38151106238365173,0.7066314816474915
101,0.30237963795661926,0.5364696383476257,0.4033178687095642,0.7267536520957947
102,0.28673607110977173,0.49308329820632935,0.3872438669204712,0.7027328014373779
103,0.27018600702285767,0.5275641679763794,0.37176698446273804,0.7459173202514648
104,0.25677818059921265,0.5004744529724121,0.35808882117271423,0.7057046890258789
105,0.2748202085494995,0.5117155909538269,0.37132665514945984,0.7161747813224792
106,0.2549405097961426,0.5410529375076294,0.3601590096950531,0.7618679404258728
107,0.27106770873069763,0.5575805306434631,0.38255009055137634,0.7828165888786316
108,0.2850370407104492,0.4915148615837097,0.38032519817352295,0.6945226788520813
109,0.2841499149799347,0.5474604368209839,0.39019644260406494,0.7706995010375977
110,0.25333482027053833,0.5365716814994812,0.35223954916000366,0.7336258292198181
111,0.27873724699020386,0.5309650897979736,0.37506216764450073,0.7256219387054443
112,0.26771312952041626,0.5332913398742676,0.363491952419281,0.7311304211616516
113,0.2742738723754883,0.5189891457557678,0.3677871525287628,0.7099242210388184
114,0.26356157660484314,0.5009344220161438,0.36087873578071594,0.7144449353218079
115,0.28194886445999146,0.5193310379981995,0.376261830329895,0.7135305404663086
116,0.2708650827407837,0.5256857872009277,0.3711174428462982,0.7405180335044861
117,0.2801441252231598,0.5457988381385803,0.3841678202152252,0.7475407123565674
118,0.28733497858047485,0.5502572059631348,0.3930188715457916,0.761699914932251
119,0.26848697662353516,0.5360376834869385,0.3752998113632202,0.7465187907218933
120,0.24528291821479797,0.5475634336471558,0.3552570939064026,0.7685090899467468
121,0.28031468391418457,0.5379893779754639,0.3805561661720276,0.7552847862243652
122,0.26363080739974976,0.5280452370643616,0.3635042607784271,0.7472878694534302
123,0.2718689441680908,0.586559534072876,0.3811793923377991,0.8065302968025208
124,0.28075075149536133,0.5364747643470764,0.37171489000320435,0.7289395332336426
125,0.2597159743309021,0.5573903918266296,0.354595810174942,0.7438205480575562
126,0.2800576388835907,0.5522425174713135,0.3775310814380646,0.749699592590332
127,0.26820915937423706,0.5386509299278259,0.3612803816795349,0.7389405965805054
128,0.2913190722465515,0.5093498826026917,0.3838716447353363,0.7142006754875183
129,0.2579028308391571,0.5246948599815369,0.3554632067680359,0.7341058850288391
130,0.2675899863243103,0.5793102979660034,0.3748844563961029,0.7988576292991638
131,0.24754534661769867,0.5582378506660461,0.33839404582977295,0.7455946803092957
132,0.2764196991920471,0.5333033800125122,0.36835139989852905,0.7231963872909546
133,0.275707483291626,0.565178632736206,0.37197911739349365,0.7532375454902649
134,0.2649764120578766,0.541764497756958,0.35827121138572693,0.7376298308372498
135,0.2752361595630646,0.574894368648529,0.36195144057273865,0.7516450881958008
136,0.2674015462398529,0.5840021967887878,0.3743756115436554,0.8052757978439331
137,0.26437613368034363,0.589005172252655,0.34909942746162415,0.7784350514411926
138,0.29096728563308716,0.5378526449203491,0.38499438762664795,0.7368819713592529
139,0.2805984616279602,0.574115514755249,0.3650108277797699,0.7321423292160034
140,0.2610175311565399,0.5492364168167114,0.3427978754043579,0.7117103934288025
141,0.25738808512687683,0.5409581065177917,0.3568611741065979,0.7573171854019165
142,0.28012675046920776,0.5515296459197998,0.36888402700424194,0.7335062623023987
143,0.265144944190979,0.5648694634437561,0.35204583406448364,0.7414355278015137
144,0.25924545526504517,0.5506564378738403,0.3428284823894501,0.7200601696968079
145,0.2522693872451782,0.5735825300216675,0.34536105394363403,0.7615557312965393
146,0.2761819362640381,0.5362076759338379,0.3703201115131378,0.7213181853294373
147,0.287190318107605,0.5564538240432739,0.37330248951911926,0.7227863073348999
148,0.27077287435531616,0.5751564502716064,0.36079835891723633,0.756040632724762
149,0.2719171643257141,0.5787859559059143,0.366658091545105,0.7595358490943909
150,0.30407223105430603,0.5678281784057617,0.40435275435447693,0.7734218239784241
151,0.277532160282135,0.539968729019165,0.36842238903045654,0.7229293584823608
152,0.2555551826953888,0.5703240036964417,0.3356250524520874,0.7439112663269043
153,0.2609155774116516,0.615181028842926,0.3449833393096924,0.7993026971817017
154,0.24499733746051788,0.6112709641456604,0.32132166624069214,0.7802694439888
155,0.25192350149154663,0.6193386912345886,0.33232617378234863,0.7988245487213135
156,0.24265627562999725,0.64475017786026,0.3246185779571533,0.8227216601371765
157,0.24292504787445068,0.6421530246734619,0.31834855675697327,0.8023107051849365
158,0.24900835752487183,0.6400759220123291,0.3229718506336212,0.7980391383171082
159,0.23837648332118988,0.6604814529418945,0.3135089576244354,0.820875883102417
160,0.2549307644367218,0.6458202600479126,0.3259136974811554,0.7986773252487183
161,0.2413901537656784,0.6620099544525146,0.31200528144836426,0.8163449168205261
162,0.2515273094177246,0.664368748664856,0.32664936780929565,0.82484370470047
163,0.24928317964076996,0.6644729971885681,0.31786683201789856,0.808207094669342
164,0.25021618604660034,0.6687245965003967,0.3200504183769226,0.8131389617919922
165,0.250828355550766,0.6843432784080505,0.32512935996055603,0.8363186120986938
166,0.24270515143871307,0.683600902557373,0.3115462064743042,0.8243163228034973
167,0.2466137856245041,0.7007891535758972,0.31600698828697205,0.8404939770698547
168,0.2537302076816559,0.6879525780677795,0.32203665375709534,0.8364903926849365
169,0.26281318068504333,0.6898939609527588,0.3294478952884674,0.8362611532211304
170,0.2554875910282135,0.6909348964691162,0.3223286271095276,0.8291528224945068
171,0.2532622516155243,0.7011511921882629,0.3211159408092499,0.8357957005500793
172,0.2674211263656616,0.6908486485481262,0.3350569009780884,0.8264274001121521
173,0.263008713722229,0.7007703185081482,0.33060798048973083,0.8416702747344971
174,0.2581186294555664,0.7313889861106873,0.32493656873703003,0.8626909852027893
175,0.2629011273384094,0.7069031000137329,0.33319440484046936,0.8497980237007141
176,0.2606390714645386,0.7047684192657471,0.32699644565582275,0.8440297842025757
177,0.26834675669670105,0.6828587651252747,0.331927627325058,0.8098593354225159
178,0.2600180208683014,0.7330601215362549,0.32555684447288513,0.8599663972854614
179,0.27088436484336853,0.718015730381012,0.33843451738357544,0.8521153926849365
180,0.2678415775299072,0.7083377838134766,0.3298812210559845,0.8339090347290039
181,0.27461010217666626,0.708971381187439,0.33867552876472473,0.8345721960067749
182,0.2842690050601959,0.7204653024673462,0.3467768430709839,0.8405066728591919
183,0.26550424098968506,0.7135100364685059,0.32786840200424194,0.8337328433990479
184,0.25892001390457153,0.7090792655944824,0.32128292322158813,0.8404843807220459
185,0.2623472213745117,0.7081316709518433,0.3220794200897217,0.8269903659820557
186,0.261445015668869,0.7428032159805298,0.32601484656333923,0.8715389370918274
187,0.2586856782436371,0.7785178422927856,0.3178268373012543,0.8895657062530518
188,0.2646973431110382,0.7539039850234985,0.32244157791137695,0.8583065867424011
189,0.26905059814453125,0.7435830235481262,0.32942578196525574,0.8563857078552246
190,0.2646734416484833,0.7307769656181335,0.32587406039237976,0.8504094481468201
191,0.269663006067276,0.7772349715232849,0.3327568471431732,0.9015164375305176
192,0.2739379405975342,0.7528509497642517,0.337268203496933,0.8786109089851379
193,0.261924147605896,0.7536364197731018,0.32528892159461975,0.8825334310531616
194,0.2676587700843811,0.7718024849891663,0.3301946818828583,0.8930982351303101
195,0.26885074377059937,0.7607511878013611,0.33091187477111816,0.8810991644859314
196,0.2647544741630554,0.7497773766517639,0.32530948519706726,0.8709728717803955
197,0.2788514196872711,0.7517272233963013,0.33890706300735474,0.8719142079353333
198,0.2678793668746948,0.7383057475090027,0.32462677359580994,0.8501453399658203
199,0.27220863103866577,0.774057149887085,0.33300289511680603,0.8930320143699646
200,0.27558133006095886,0.7197049856185913,0.3316554129123688,0.8302567601203918
201,0.2753150165081024,0.739395022392273,0.33116400241851807,0.851132333278656
202,0.27051272988319397,0.766081690788269,0.3293641209602356,0.8817937970161438
203,0.2746034264564514,0.7731691598892212,0.33235955238342285,0.888844907283783
204,0.276729941368103,0.7449697256088257,0.32905930280685425,0.8435583710670471
205,0.2694821059703827,0.7904874682426453,0.330729603767395,0.90943843126297
206,0.2683863639831543,0.763438880443573,0.32515132427215576,0.8745922446250916
207,0.2875169813632965,0.7483206987380981,0.343252569437027,0.8536471128463745
208,0.2827160358428955,0.747368574142456,0.3401324450969696,0.8644605278968811
209,0.28045085072517395,0.7524709105491638,0.3367098569869995,0.8692067265510559
210,0.27730944752693176,0.7707462310791016,0.33706992864608765,0.8935078382492065
211,0.2686389982700348,0.7821254730224609,0.32478606700897217,0.8920329809188843
212,0.2781229019165039,0.7609763145446777,0.3345978856086731,0.8747657537460327
213,0.27154606580734253,0.7867235541343689,0.32784801721572876,0.8969652652740479
214,0.2867240011692047,0.7651031017303467,0.3414055407047272,0.8746979236602783
215,0.2801826000213623,0.7769665122032166,0.33674803376197815,0.8873289823532104
216,0.2772543728351593,0.791001558303833,0.3318856656551361,0.8989894390106201
217,0.28237444162368774,0.7845671772956848,0.3369884788990021,0.8913284540176392
218,0.27838823199272156,0.7776985764503479,0.3366222381591797,0.9011403918266296
219,0.28462398052215576,0.8159536719322205,0.338214635848999,0.9131271839141846
220,0.2766076624393463,0.8090550899505615,0.32907095551490784,0.9061053395271301
221,0.2693706750869751,0.8069035410881042,0.3257368206977844,0.9150517582893372
222,0.2782009541988373,0.8077524900436401,0.3327238857746124,0.9047139883041382
223,0.27930229902267456,0.7756917476654053,0.332735538482666,0.8772766590118408
224,0.2784750759601593,0.7776516675949097,0.3262191116809845,0.8588024973869324
225,0.27738094329833984,0.8209280371665955,0.3302685022354126,0.9197831153869629
226,0.28288108110427856,0.7830165028572083,0.333607941865921,0.8795639276504517
227,0.2800453007221222,0.807179868221283,0.33411675691604614,0.905336320400238
228,0.2882222533226013,0.8074929714202881,0.3417128622531891,0.9067355990409851
229,0.2851898968219757,0.8217182159423828,0.3400769531726837,0.9212947487831116
230,0.2765936851501465,0.79514479637146,0.32921820878982544,0.8854972720146179
231,0.2767522633075714,0.8025873303413391,0.3271622061729431,0.8883209824562073
232,0.2856120467185974,0.8007091283798218,0.34034374356269836,0.9085389971733093
233,0.28281763195991516,0.7946748733520508,0.3382592499256134,0.8949605226516724
234,0.28365299105644226,0.8289768099784851,0.33798813819885254,0.9254747033119202
235,0.2821964919567108,0.8046388626098633,0.3361327648162842,0.9076407551765442
236,0.2810099720954895,0.8281491994857788,0.33645862340927124,0.9359325766563416
237,0.28188204765319824,0.7805102467536926,0.33594077825546265,0.8900885581970215
238,0.27811694145202637,0.8315093517303467,0.3340741693973541,0.9399744272232056
239,0.28477543592453003,0.8318780064582825,0.34001287817955017,0.9446219205856323
240,0.2813779413700104,0.808660089969635,0.33135804533958435,0.9001830220222473
241,0.276776522397995,0.802916407585144,0.3248807191848755,0.8901534676551819
242,0.2959602177143097,0.7871484160423279,0.3475956916809082,0.8869109749794006
243,0.28398633003234863,0.8546341061592102,0.3361998200416565,0.9444392323493958
244,0.28796857595443726,0.8581037521362305,0.342166006565094,0.9550755620002747
245,0.283265620470047,0.7902244329452515,0.33509671688079834,0.8924465775489807
246,0.2849615514278412,0.7901377081871033,0.3391038775444031,0.8994938135147095
247,0.283884197473526,0.8044580221176147,0.3380648195743561,0.9124556183815002
248,0.28519055247306824,0.8300140500068665,0.3398945927619934,0.9371301531791687
249,0.28573188185691833,0.8211578130722046,0.3405840992927551,0.9379956126213074
250,0.2817181348800659,0.8002014756202698,0.33622217178344727,0.9155060648918152
251,0.2739871144294739,0.8669495582580566,0.3291309177875519,0.9706056714057922
252,0.2852540910243988,0.8371351957321167,0.34091272950172424,0.9545627236366272
253,0.2870982587337494,0.8043186068534851,0.33813902735710144,0.9029172658920288
254,0.28162869811058044,0.8371467590332031,0.33826249837875366,0.9537131786346436
255,0.2906630337238312,0.8566603064537048,0.3449963927268982,0.9617078304290771
256,0.2904609739780426,0.8152053356170654,0.34727421402931213,0.9352203607559204
257,0.2946833074092865,0.8503230214118958,0.3517000675201416,0.9685121774673462
258,0.29033899307250977,0.827414870262146,0.3434339165687561,0.9293436408042908
259,0.28963449597358704,0.8505508303642273,0.34789320826530457,0.9690508842468262
260,0.29897916316986084,0.7885991930961609,0.3554069995880127,0.9084753394126892
261,0.30582180619239807,0.7994235754013062,0.3617066442966461,0.9165643453598022
262,0.300453245639801,0.8239790201187134,0.3493320345878601,0.9143655896186829
263,0.289659321308136,0.8080304861068726,0.34283754229545593,0.9207314848899841
264,0.2824315130710602,0.9075590968132019,0.33674848079681396,1.0201798677444458
265,0.2937122583389282,0.8360655307769775,0.34899067878723145,0.9503107666969299
266,0.2677520513534546,0.860519289970398,0.32343795895576477,0.9731671214103699
267,0.2975744307041168,0.8115410208702087,0.34807321429252625,0.9066374897956848
268,0.2823379933834076,0.8299357891082764,0.334995836019516,0.9348004460334778
269,0.29058894515037537,0.807884156703949,0.3429644703865051,0.9140048027038574
270,0.2911994159221649,0.8874930143356323,0.35212549567222595,1.0179756879806519
271,0.2940260171890259,0.8371932506561279,0.346303254365921,0.9314115047454834
272,0.28463834524154663,0.8923589587211609,0.33841097354888916,0.9904189705848694
273,0.3053758442401886,0.829527735710144,0.35681402683258057,0.9238212704658508
274,0.28995952010154724,0.8622145652770996,0.3445298969745636,0.9701327681541443
275,0.2886570394039154,0.8498859405517578,0.34208884835243225,0.9496399760246277
276,0.28830602765083313,0.8355287909507751,0.3440832197666168,0.9456409215927124
277,0.2949983477592468,0.8746687173843384,0.3460065722465515,0.9662835597991943
278,0.2942076325416565,0.8222541809082031,0.3459611237049103,0.9201301336288452
279,0.2970445156097412,0.7791505455970764,0.3518701493740082,0.8973751664161682
280,0.29890120029449463,0.8299508094787598,0.34931716322898865,0.9246394038200378
281,0.30404597520828247,0.7852320671081543,0.3539746403694153,0.8772384524345398
282,0.29551994800567627,0.7999461889266968,0.35292163491249084,0.9200724363327026
283,0.2904976010322571,0.8605625033378601,0.3422875702381134,0.9583609104156494
284,0.2995851933956146,0.8536738753318787,0.3539455533027649,0.9662537574768066
285,0.28230494260787964,0.8913431763648987,0.3412800431251526,1.0109285116195679
286,0.2986137270927429,0.840489387512207,0.35361382365226746,0.954487144947052
287,0.3083089590072632,0.841665506362915,0.36244022846221924,0.9481167793273926
288,0.29932451248168945,0.832892894744873,0.35104069113731384,0.9312911629676819
289,0.30051255226135254,0.8395249247550964,0.3568841516971588,0.953914225101471
290,0.3010336458683014,0.8248369097709656,0.3568582236766815,0.937454879283905
291,0.3061736226081848,0.8317937850952148,0.3629624545574188,0.9413076639175415
292,0.2971959710121155,0.8463180661201477,0.3496021032333374,0.9474177956581116
293,0.3023513853549957,0.8393593430519104,0.35528138279914856,0.9454014897346497
294,0.30240193009376526,0.8405402302742004,0.3565905690193176,0.9442028403282166
295,0.30161046981811523,0.844281017780304,0.35764700174331665,0.9584589004516602
296,0.31503012776374817,0.8583311438560486,0.36818116903305054,0.9546492099761963
297,0.29568034410476685,0.8533206582069397,0.3494270145893097,0.9617398977279663
298,0.30051979422569275,0.8376369476318359,0.3525434136390686,0.937149703502655
299,0.29318270087242126,0.8476548194885254,0.3482811152935028,0.9583255648612976
300,0.2916787564754486,0.8796643018722534,0.34490397572517395,0.981744110584259
301,0.31214097142219543,0.8295717239379883,0.3664175570011139,0.9367958903312683
302,0.3058025538921356,0.8489664196968079,0.35883772373199463,0.9539241790771484
303,0.3001502752304077,0.8620999455451965,0.35342174768447876,0.9642355442047119
304,0.2915235459804535,0.8717281818389893,0.34327417612075806,0.9682421088218689
305,0.28670811653137207,0.9108582139015198,0.33903494477272034,1.006047248840332
306,0.30210721492767334,0.8455637693405151,0.3550627529621124,0.9500147700309753
307,0.2939997911453247,0.8638573884963989,0.3471721112728119,0.9683905839920044
308,0.29595768451690674,0.9049435257911682,0.34772035479545593,0.9984322190284729
309,0.30144205689430237,0.863867998123169,0.35414919257164,0.9661431908607483
310,0.2985663115978241,0.8577009439468384,0.3503473699092865,0.9581559896469116
311,0.298704594373703,0.8754326701164246,0.3536897897720337,0.9835219383239746
312,0.29788652062416077,0.8521991968154907,0.3486313819885254,0.9463861584663391
313,0.30318909883499146,0.8633906245231628,0.35604357719421387,0.9681819677352905
314,0.30225324630737305,0.846964955329895,0.35451820492744446,0.9487592577934265
315,0.30318978428840637,0.8767219185829163,0.35648444294929504,0.9804972410202026
316,0.301329642534256,0.8742948770523071,0.35349926352500916,0.9741058349609375
317,0.2926435172557831,0.88868248462677,0.34626805782318115,0.9929915070533752
318,0.31029433012008667,0.825538158416748,0.35977283120155334,0.9183444380760193
319,0.3032234013080597,0.8612744808197021,0.355257511138916,0.9618700742721558
320,0.29800304770469666,0.8636272549629211,0.3484852612018585,0.9560810923576355
321,0.3022504150867462,0.858791708946228,0.35338976979255676,0.9542193412780762
322,0.30620524287223816,0.8759495615959167,0.36004194617271423,0.9800586104393005
323,0.29874446988105774,0.8598576188087463,0.3523194491863251,0.9624693393707275
324,0.30216342210769653,0.8603585362434387,0.3518724739551544,0.9521293044090271
325,0.3235514760017395,0.8427188396453857,0.3770121932029724,0.947813868522644
326,0.29691973328590393,0.8839614391326904,0.3487699329853058,0.9804325699806213
327,0.3000856041908264,0.8978130221366882,0.3537730872631073,1.002500057220459
328,0.30506184697151184,0.8725720047950745,0.35833504796028137,0.9764748811721802
329,0.3021492063999176,0.886254608631134,0.35422852635383606,0.9829601049423218
330,0.2975850999355316,0.920691728591919,0.351960152387619,1.0259343385696411
331,0.2964557111263275,0.9015898108482361,0.3475954532623291,0.9941481947898865
332,0.2976877689361572,0.8996132016181946,0.348594605922699,0.9917428493499756
333,0.3072620928287506,0.8870064616203308,0.3598457872867584,0.9882023930549622
334,0.29699626564979553,0.9181544184684753,0.34928855299949646,1.0150749683380127
335,0.31023600697517395,0.8766883015632629,0.3626859784126282,0.9754471182823181
336,0.30322596430778503,0.8890412449836731,0.3562593460083008,0.9897749423980713
337,0.2978482246398926,0.9084067940711975,0.3511146008968353,1.0110610723495483
338,0.3034665882587433,0.8996488451957703,0.3555724620819092,0.9980979561805725
339,0.3026534914970398,0.8928252458572388,0.35664379596710205,0.9952912330627441
340,0.29979610443115234,0.8997752666473389,0.3552466630935669,1.0089162588119507
341,0.30272766947746277,0.8832230567932129,0.35710039734840393,0.9877482652664185
342,0.2990405261516571,0.8943341374397278,0.35411715507507324,1.0002483129501343
343,0.29938432574272156,0.8804243206977844,0.3532106578350067,0.9860644936561584
344,0.29573437571525574,0.9229270219802856,0.35143619775772095,1.030122995376587
345,0.29892462491989136,0.9165087938308716,0.35181188583374023,1.0148463249206543
346,0.30382275581359863,0.8753600716590881,0.35795363783836365,0.9813362956047058
347,0.30311882495880127,0.8884849548339844,0.3573358654975891,0.9941259622573853
348,0.3059459924697876,0.8910226225852966,0.3602798879146576,0.9973844885826111
349,0.30056604743003845,0.881288468837738,0.35283929109573364,0.9809169173240662
350,0.30564942955970764,0.8487334251403809,0.3583184778690338,0.9504536390304565
351,0.3010703921318054,0.8555185198783875,0.3549674153327942,0.9624700546264648
352,0.30105647444725037,0.8922072649002075,0.3549593687057495,0.9974072575569153
353,0.30190402269363403,0.8906406164169312,0.35583025217056274,0.9955335259437561
354,0.29820966720581055,0.8820967674255371,0.35089147090911865,0.9830692410469055
355,0.30584976077079773,0.8656798601150513,0.3573443293571472,0.9603121280670166
356,0.30877819657325745,0.8790786862373352,0.3619553744792938,0.9817484021186829
357,0.303732305765152,0.8684752583503723,0.3575211465358734,0.9728729128837585
358,0.3051019310951233,0.8713669180870056,0.3569231629371643,0.9695795178413391
359,0.3020041882991791,0.9123015999794006,0.3560222387313843,1.012220859527588
360,0.31240805983543396,0.8810417652130127,0.3656659722328186,0.9856483936309814
