1,1.6408923864364624,0.24416576325893402,1.8377461433410645,0.2930736541748047
2,1.5823367834091187,0.2819371223449707,1.7871581315994263,0.3089313805103302
3,1.550392508506775,0.29680341482162476,1.7823817729949951,0.30938920378685
4,1.4448305368423462,0.3586955964565277,1.7470731735229492,0.3577643036842346
5,1.4281895160675049,0.417569637298584,1.7941855192184448,0.37299326062202454
6,1.4177932739257812,0.41430962085723877,1.795904278755188,0.37187373638153076
7,0.4742881655693054,0.5104163289070129,0.6969459652900696,0.6357038021087646
8,0.4578620195388794,0.5127941370010376,0.5865966081619263,0.6091500520706177
9,0.43360435962677,0.5247771739959717,0.5053930878639221,0.5926529169082642
10,0.44070136547088623,0.5057557821273804,0.502129077911377,0.5718313455581665
11,0.3790355622768402,0.44822385907173157,0.49580174684524536,0.5775579810142517
12,0.3871924877166748,0.46395817399024963,0.49894726276397705,0.5904491543769836
13,0.398015558719635,0.4802466630935669,0.5042378902435303,0.6067145466804504
14,0.3707813322544098,0.5045905113220215,0.46763288974761963,0.6282145380973816
15,0.38344037532806396,0.4616658389568329,0.4864228069782257,0.5973552465438843
16,0.35327064990997314,0.4912959039211273,0.45059239864349365,0.6207044720649719
17,0.39005184173583984,0.4787348210811615,0.48888692259788513,0.6147006154060364
18,0.40293994545936584,0.47804129123687744,0.5012205243110657,0.6111184358596802
19,0.39430251717567444,0.4759434163570404,0.48957666754722595,0.6076675057411194
20,0.32558080554008484,0.5301369428634644,0.4236726462841034,0.6800051927566528
21,0.37183326482772827,0.4896964728832245,0.46795955300331116,0.6287521719932556
22,0.3812151551246643,0.49020856618881226,0.4761674404144287,0.6357313394546509
23,0.4134500324726105,0.4474424123764038,0.501714825630188,0.5889854431152344
24,0.40207186341285706,0.5122858285903931,0.49589332938194275,0.6553456783294678
25,0.422937273979187,0.500105619430542,0.5156812071800232,0.6366819739341736
26,0.3711472749710083,0.4898756444454193,0.459089070558548,0.6297479271888733
27,0.375257283449173,0.508040189743042,0.46587201952934265,0.6444887518882751
28,0.3905923366546631,0.5061368942260742,0.47920915484428406,0.6431498527526855
29,0.36951613426208496,0.5140869617462158,0.4527752101421356,0.6451542973518372
30,0.3650846481323242,0.5036225318908691,0.44763216376304626,0.6384647488594055
31,0.35628238320350647,0.5178380012512207,0.43893009424209595,0.6501648426055908
32,0.3707386553287506,0.5076919794082642,0.451415479183197,0.6386118531227112
33,0.3928823173046112,0.5158867835998535,0.47607049345970154,0.6441588401794434
34,0.3872916102409363,0.5565547347068787,0.4672444760799408,0.6806057691574097
35,0.3449041545391083,0.531512439250946,0.42232051491737366,0.6638461351394653
36,0.3941407799720764,0.6018969416618347,0.47567036747932434,0.7313266396522522
37,0.40510112047195435,0.5315836668014526,0.48235973715782166,0.6597678661346436
38,0.3562917113304138,0.5677236914634705,0.4311521351337433,0.6877899169921875
39,0.359931617975235,0.553892970085144,0.4284971058368683,0.6678099036216736
40,0.38152173161506653,0.5682705044746399,0.45253345370292664,0.6820052862167358
41,0.3797699213027954,0.5530016422271729,0.4555915892124176,0.6782999038696289
42,0.4024753272533417,0.5372079014778137,0.47661492228507996,0.6563679575920105
43,0.3785659372806549,0.5558927059173584,0.44699424505233765,0.6696248054504395
44,0.38630160689353943,0.5692174434661865,0.4636138379573822,0.6980549097061157
45,0.3758932054042816,0.5679101347923279,0.44952505826950073,0.6940140724182129
46,0.4119507372379303,0.5566895604133606,0.4846337139606476,0.6764460206031799
47,0.36275091767311096,0.5986526012420654,0.43622103333473206,0.7236647605895996
48,0.3951987326145172,0.5562318563461304,0.4681839048862457,0.6747020483016968
49,0.39457690715789795,0.5956061482429504,0.4627009928226471,0.693737804889679
50,0.3481983542442322,0.5895820260047913,0.4220082461833954,0.7012345790863037
51,0.3619106113910675,0.545142650604248,0.4316639304161072,0.6598215103149414
52,0.362067312002182,0.597915530204773,0.43091490864753723,0.7121407389640808
53,0.3705209493637085,0.6051734089851379,0.443183034658432,0.7318921685218811
54,0.3751756548881531,0.566231369972229,0.43673092126846313,0.6637142300605774
55,0.40236082673072815,0.5453670620918274,0.4722699224948883,0.6628584265708923
56,0.35596776008605957,0.6094355583190918,0.42910996079444885,0.7296818494796753
57,0.3702923655509949,0.5808082818984985,0.44373947381973267,0.7054728269577026
58,0.3459177017211914,0.5457789301872253,0.4111011028289795,0.6565092206001282
59,0.364182710647583,0.5811730623245239,0.4233156740665436,0.6629555821418762
60,0.37852609157562256,0.6168320178985596,0.4468579590320587,0.723272979259491
61,0.370236337184906,0.6229299902915955,0.43608179688453674,0.7385449409484863
62,0.41620945930480957,0.5526153445243835,0.4706198275089264,0.6357870697975159
63,0.36061105132102966,0.6263781189918518,0.42172932624816895,0.7335119247436523
64,0.37503984570503235,0.633070707321167,0.4415322244167328,0.7417353391647339
65,0.3935391306877136,0.5907185673713684,0.4590565264225006,0.7002063989639282
66,0.37631750106811523,0.6405884027481079,0.44700518250465393,0.7547203302383423
67,0.3406115770339966,0.5955215692520142,0.40002813935279846,0.6938122510910034
68,0.3565712869167328,0.61566561460495,0.417831689119339,0.7133321762084961
69,0.3495689630508423,0.6162040829658508,0.4158514142036438,0.7292312979698181
70,0.33368757367134094,0.6550928354263306,0.39427492022514343,0.7558844685554504
71,0.36476752161979675,0.6354924440383911,0.42528486251831055,0.7355828285217285
72,0.3634445369243622,0.6372554898262024,0.4311090111732483,0.7462747097015381
73,0.3660234808921814,0.6586956977844238,0.430666983127594,0.7622516751289368
74,0.36603349447250366,0.573549211025238,0.42596739530563354,0.6753846406936646
75,0.35424914956092834,0.6261661648750305,0.418618381023407,0.7209631204605103
76,0.36932891607284546,0.6264657378196716,0.43413597345352173,0.7364438772201538
77,0.36046919226646423,0.6081281900405884,0.4233030676841736,0.7182498574256897
78,0.34728801250457764,0.639139711856842,0.40964755415916443,0.7366841435432434
79,0.3711187541484833,0.6597192287445068,0.4349082112312317,0.7612105011940002
80,0.3460950553417206,0.6086366176605225,0.4069758951663971,0.7075141072273254
81,0.3467615246772766,0.6140889525413513,0.4048972427845001,0.7144780158996582
82,0.3443915545940399,0.6288506388664246,0.4017094075679779,0.7247223854064941
83,0.3488891124725342,0.605491578578949,0.4086357355117798,0.709378719329834
84,0.3309851288795471,0.6535367965698242,0.39140671491622925,0.7566176056861877
85,0.3749563992023468,0.6282299757003784,0.4296623766422272,0.7085338234901428
86,0.3401547372341156,0.6110336780548096,0.39709609746932983,0.7169399857521057
87,0.36986592411994934,0.7005189061164856,0.43607112765312195,0.8141292333602905
88,0.3399277925491333,0.6508022546768188,0.3925904929637909,0.733616292476654
89,0.3633200228214264,0.6464207768440247,0.4176648259162903,0.7261409759521484
90,0.35648977756500244,0.5972532033920288,0.41391071677207947,0.6902440786361694
91,0.37453165650367737,0.6259331703186035,0.43083086609840393,0.7169602513313293
92,0.35072189569473267,0.6352486610412598,0.4077535569667816,0.7367536425590515
93,0.4096323549747467,0.6142107844352722,0.4637160003185272,0.7220656275749207
94,0.37341243028640747,0.676125168800354,0.42962899804115295,0.7741357088088989
95,0.3354679346084595,0.6452320218086243,0.38836076855659485,0.733185350894928
96,0.34873491525650024,0.7525514364242554,0.3999577462673187,0.8386081457138062
97,0.36168354749679565,0.6756546497344971,0.4069691598415375,0.7535102963447571
98,0.3620762228965759,0.6921116709709167,0.41423919796943665,0.7752291560173035
99,0.38840925693511963,0.6378044486045837,0.44166630506515503,0.7266558408737183
100,0.37564969062805176,0.6574741005897522,0.42672404646873474,0.7342254519462585
101,0.3698243498802185,0.6334429383277893,0.4234134554862976,0.7240194082260132
102,0.3940203785896301,0.7262799739837646,0.4467785954475403,0.8108086585998535
103,0.3518095910549164,0.6518258452415466,0.40074706077575684,0.7347717881202698
104,0.3384319841861725,0.6870870590209961,0.3927134573459625,0.7774110436439514
105,0.3633561432361603,0.6841875314712524,0.4209458827972412,0.7826817631721497
106,0.3368578255176544,0.6969269514083862,0.3924414813518524,0.7906407117843628
107,0.3407277762889862,0.685584306716919,0.39170321822166443,0.7739209532737732
108,0.3633062541484833,0.6245660781860352,0.41370540857315063,0.7174445986747742
109,0.3618428409099579,0.6516812443733215,0.4179932177066803,0.749491274356842
110,0.32580840587615967,0.6981077790260315,0.3729434311389923,0.7683785557746887
111,0.34507226943969727,0.6380033493041992,0.39517274498939514,0.722802460193634
112,0.35386762022972107,0.6976731419563293,0.41361698508262634,0.8160811066627502
113,0.3539416193962097,0.6616628170013428,0.401438444852829,0.7392268776893616
114,0.3601275086402893,0.6783829927444458,0.41036495566368103,0.76173996925354
115,0.38123974204063416,0.6722924709320068,0.4274304211139679,0.7537767887115479
116,0.34375715255737305,0.6861311793327332,0.39430686831474304,0.7710043787956238
117,0.3603565990924835,0.7235363125801086,0.39991387724876404,0.785790205001831
118,0.3543856143951416,0.6530119180679321,0.3981483280658722,0.7075565457344055
119,0.35588663816452026,0.663857638835907,0.4098129868507385,0.7484534978866577
120,0.34943485260009766,0.6955653429031372,0.3977607488632202,0.7675454020500183
121,0.35236141085624695,0.6667140126228333,0.3990371525287628,0.7342219948768616
122,0.3384464681148529,0.6656201481819153,0.38548317551612854,0.7349109053611755
123,0.3376089036464691,0.7164851427078247,0.386261910200119,0.789949357509613
124,0.350220650434494,0.6572132110595703,0.39510437846183777,0.7333517074584961
125,0.36341118812561035,0.7269157767295837,0.40966305136680603,0.804462194442749
126,0.35588860511779785,0.6861571669578552,0.4033571481704712,0.7673874497413635
127,0.3301709294319153,0.7062923908233643,0.37214356660842896,0.7762182950973511
128,0.34076544642448425,0.7122312188148499,0.3845176100730896,0.792051374912262
129,0.36169663071632385,0.6943751573562622,0.40798866748809814,0.7662295699119568
130,0.368704229593277,0.6818224191665649,0.4168146252632141,0.7774925827980042
131,0.3496314585208893,0.6433090567588806,0.3898484706878662,0.708124041557312
132,0.3388926386833191,0.6832913160324097,0.3811984062194824,0.7473966479301453
133,0.34930619597435,0.6724021434783936,0.38728246092796326,0.724467396736145
134,0.34427380561828613,0.6909860968589783,0.3893768787384033,0.772078812122345
135,0.3569883406162262,0.6994220614433289,0.39879152178764343,0.7614650726318359
136,0.34201905131340027,0.6597039699554443,0.37734466791152954,0.7145801186561584
137,0.36037856340408325,0.6773566007614136,0.3969669044017792,0.7285662889480591
138,0.36869826912879944,0.7086514234542847,0.4037747383117676,0.7673031687736511
139,0.3424171805381775,0.7513577342033386,0.3820151686668396,0.8176312446594238
140,0.3746863007545471,0.6894291639328003,0.4106595814228058,0.744872510433197
141,0.328931599855423,0.7059751152992249,0.36627453565597534,0.7676482200622559
142,0.3496563732624054,0.6886584758758545,0.3870140314102173,0.7464637756347656
143,0.3440665304660797,0.7238669395446777,0.38511133193969727,0.7955377697944641
144,0.34909582138061523,0.6702565550804138,0.3874993920326233,0.7355573773384094
145,0.3612838089466095,0.7281785607337952,0.4029094874858856,0.7938756942749023
146,0.3505546748638153,0.7297015190124512,0.3921089172363281,0.7877629995346069
147,0.36987438797950745,0.7237704992294312,0.40676775574684143,0.7724895477294922
148,0.3845454156398773,0.6711281538009644,0.4249010980129242,0.7291633486747742
149,0.4056970477104187,0.7067366242408752,0.452231764793396,0.7790597677230835
150,0.3283426761627197,0.6914975047111511,0.37103271484375,0.7527658939361572
151,0.3479502201080322,0.7527390122413635,0.3996855318546295,0.837774395942688
152,0.3201778829097748,0.7386858463287354,0.3583025634288788,0.792935848236084
153,0.32008010149002075,0.7423558831214905,0.3541339039802551,0.7919524908065796
154,0.32081708312034607,0.7537770867347717,0.3513825237751007,0.7970550060272217
155,0.3247740864753723,0.7590319514274597,0.35279059410095215,0.7935790419578552
156,0.32143276929855347,0.7519837617874146,0.3518276810646057,0.7951620221138
157,0.3304310441017151,0.7710554599761963,0.3562036454677582,0.8064497113227844
158,0.3162808120250702,0.8062224388122559,0.3392084538936615,0.82948899269104
159,0.30392560362815857,0.8202990293502808,0.3235255181789398,0.8391136527061462
160,0.33452290296554565,0.8220533132553101,0.35989412665367126,0.8590571880340576
161,0.32763680815696716,0.7781600952148438,0.34851300716400146,0.7988777160644531
162,0.3207215964794159,0.8005058765411377,0.34085509181022644,0.8211630582809448
163,0.31875142455101013,0.796975314617157,0.33802154660224915,0.8167685866355896
164,0.32321828603744507,0.7892024517059326,0.3438396155834198,0.8161683082580566
165,0.32890376448631287,0.8134422898292542,0.3483109772205353,0.8358888030052185
166,0.32184624671936035,0.8210424184799194,0.33659446239471436,0.8275307416915894
167,0.3298616409301758,0.8152774572372437,0.34635376930236816,0.8280864953994751
168,0.33646026253700256,0.8084213137626648,0.35596081614494324,0.8309973478317261
169,0.3230750262737274,0.8204435706138611,0.3382733464241028,0.8320448398590088
170,0.3305157721042633,0.8463184833526611,0.34559717774391174,0.8570867776870728
171,0.33134642243385315,0.8183246850967407,0.34803229570388794,0.8324342966079712
172,0.32348018884658813,0.8205456733703613,0.33617478609085083,0.825659990310669
173,0.3304036855697632,0.8557890057563782,0.3469603955745697,0.8724717497825623
174,0.34006765484809875,0.7912564873695374,0.3566666841506958,0.802040159702301
175,0.34015342593193054,0.8084107041358948,0.35858961939811707,0.8297503590583801
176,0.3282814025878906,0.8457062244415283,0.3390555679798126,0.8494083285331726
177,0.3291935324668884,0.8845412731170654,0.34142664074897766,0.8910308480262756
178,0.33443692326545715,0.8461301922798157,0.3457324206829071,0.842343807220459
179,0.3267083168029785,0.9198355078697205,0.33400753140449524,0.9158918261528015
180,0.3347695767879486,0.8627066612243652,0.3456510007381439,0.8671178817749023
181,0.3276556432247162,0.8565269112586975,0.3360769748687744,0.8536583185195923
182,0.34372520446777344,0.8703668117523193,0.35338860750198364,0.8667189478874207
183,0.34057947993278503,0.8698171973228455,0.3497898280620575,0.8649029731750488
184,0.33481577038764954,0.9233276844024658,0.3388977646827698,0.9104949235916138
185,0.3414216935634613,0.8757306933403015,0.34973597526550293,0.8705930113792419
186,0.34211844205856323,0.8605223894119263,0.3495335280895233,0.8515647053718567
187,0.3386017978191376,0.8679559826850891,0.3397858738899231,0.8408628702163696
188,0.3420473635196686,0.886117696762085,0.34444913268089294,0.8660647869110107
189,0.34289225935935974,0.8637084364891052,0.34484535455703735,0.8399918079376221
190,0.3417988717556,0.9103628993034363,0.34143686294555664,0.8807482719421387
191,0.3346044421195984,0.9151180982589722,0.3372828960418701,0.894538164138794
192,0.34564903378486633,0.8874793648719788,0.34741291403770447,0.862156093120575
193,0.3468175530433655,0.9131633639335632,0.34863027930259705,0.8899889588356018
194,0.3386687636375427,0.9127693772315979,0.33621230721473694,0.8762264847755432
195,0.3435788154602051,0.8988352417945862,0.34682583808898926,0.8789772987365723
196,0.34793293476104736,0.8899965882301331,0.34821653366088867,0.8591413497924805
197,0.3449190557003021,0.9226340055465698,0.3456040620803833,0.898219883441925
198,0.3474765419960022,0.89384925365448,0.34455403685569763,0.8590664267539978
199,0.3522069454193115,0.9011832475662231,0.3524136245250702,0.8747854828834534
200,0.34850233793258667,0.8905051946640015,0.3495573103427887,0.8680858612060547
201,0.35521137714385986,0.9080843925476074,0.3558981716632843,0.8861179351806641
202,0.35332849621772766,0.905168890953064,0.3516659736633301,0.8722921013832092
203,0.3519271910190582,0.9141654968261719,0.3489059805870056,0.8770690560340881
204,0.35213616490364075,0.9208083748817444,0.3494548499584198,0.886275589466095
205,0.3665394186973572,0.9060212969779968,0.3651716113090515,0.8766383528709412
206,0.3563616871833801,0.9267992973327637,0.353421151638031,0.8961515426635742
207,0.36042481660842896,0.9174647927284241,0.3549191951751709,0.8819474577903748
208,0.35480061173439026,0.9201458096504211,0.34818384051322937,0.8785588145256042
209,0.3466106653213501,0.9267635345458984,0.34176063537597656,0.8922703862190247
210,0.3574962317943573,0.905340313911438,0.3542160987854004,0.8742142915725708
211,0.3582019507884979,0.9189968109130859,0.35657134652137756,0.8951839804649353
212,0.3639601767063141,0.92937171459198,0.3596281111240387,0.8955684304237366
213,0.3544236421585083,0.9454682469367981,0.3475954532623291,0.9074099063873291
214,0.3624036908149719,0.9206364154815674,0.35646355152130127,0.8810144662857056
215,0.35453981161117554,0.9476494789123535,0.34740325808525085,0.9040078520774841
216,0.36767664551734924,0.938485860824585,0.3650936484336853,0.9066466689109802
217,0.361442893743515,0.9298190474510193,0.3529015779495239,0.8809099793434143
218,0.3634670376777649,0.9637303352355957,0.35525843501091003,0.9160892963409424
219,0.3637455105781555,0.9378243088722229,0.3599832355976105,0.9021971821784973
220,0.36956411600112915,0.9744043946266174,0.3636276125907898,0.9356403350830078
221,0.35948339104652405,0.9393466114997864,0.3524817228317261,0.8972004055976868
222,0.35636141896247864,0.9605770111083984,0.3491829037666321,0.9151191711425781
223,0.3632757365703583,0.9385432600975037,0.3547172248363495,0.8910650014877319
224,0.3595745265483856,0.9734002351760864,0.34672147035598755,0.9137991666793823
225,0.36573946475982666,0.9381481409072876,0.3582285940647125,0.8994717597961426
226,0.35755854845046997,0.9516031742095947,0.3468051552772522,0.899912416934967
227,0.363876610994339,0.9507469534873962,0.3567933440208435,0.9071241021156311
228,0.35660791397094727,0.962008535861969,0.3482351303100586,0.9146279692649841
229,0.36000946164131165,0.9112122058868408,0.3520045280456543,0.8620247840881348
230,0.3661557734012604,0.9376195073127747,0.35169655084609985,0.8754577040672302
231,0.36452755331993103,0.9122480154037476,0.3536468744277954,0.8601041436195374
232,0.3650062084197998,0.9430996179580688,0.355657160282135,0.8987738490104675
233,0.3665776550769806,0.9816486835479736,0.35345086455345154,0.9262098670005798
234,0.366799533367157,0.9468920826911926,0.35732725262641907,0.8971288204193115
235,0.36313846707344055,0.9539045095443726,0.35464075207710266,0.9107626676559448
236,0.36099645495414734,0.9457789063453674,0.3477347195148468,0.887311577796936
237,0.37353795766830444,0.9980911612510681,0.3609853684902191,0.9430994391441345
238,0.3676326870918274,0.9722874760627747,0.35999301075935364,0.9303733110427856
239,0.3721400797367096,0.9478020071983337,0.35902711749076843,0.8940118551254272
240,0.35878846049308777,0.9621126055717468,0.3437552750110626,0.9032956957817078
241,0.3697591722011566,0.9592844247817993,0.35529062151908875,0.9042735695838928
242,0.3565288484096527,0.9688557982444763,0.3433901369571686,0.9142387509346008
243,0.37112000584602356,0.9864373803138733,0.3565189242362976,0.9348755478858948
244,0.3663397431373596,0.9550661444664001,0.3522956967353821,0.8999271392822266
245,0.36522817611694336,0.9479928016662598,0.34926486015319824,0.8890689611434937
246,0.3704517185688019,0.9611086249351501,0.3589947819709778,0.9123831391334534
247,0.3713192641735077,0.9704610109329224,0.36030060052871704,0.925079345703125
248,0.3603956997394562,0.9631028175354004,0.34921175241470337,0.9170172810554504
249,0.36746126413345337,0.9499015808105469,0.3570981025695801,0.906611442565918
250,0.37158453464508057,0.9896854758262634,0.3558978736400604,0.9327652454376221
251,0.3745272159576416,0.9695889949798584,0.35951492190361023,0.9113345742225647
252,0.38322895765304565,0.959983229637146,0.36911407113075256,0.902240514755249
253,0.3748573958873749,0.993558406829834,0.35861894488334656,0.9351826310157776
254,0.37367308139801025,0.9862703680992126,0.35719814896583557,0.9235622882843018
255,0.37049365043640137,0.9597800970077515,0.3551047146320343,0.9000102877616882
256,0.37228354811668396,0.9836624264717102,0.35616570711135864,0.9214497804641724
257,0.37310677766799927,1.0138672590255737,0.35359659790992737,0.939351499080658
258,0.37215039134025574,0.980483889579773,0.3542901575565338,0.9072626233100891
259,0.37497133016586304,1.040017008781433,0.35743847489356995,0.9742321372032166
260,0.37360528111457825,1.0258135795593262,0.3594900965690613,0.9733604192733765
261,0.3692828416824341,0.9664071798324585,0.3579787015914917,0.9179309606552124
262,0.3684576749801636,0.972851574420929,0.35332372784614563,0.9143721461296082
263,0.3705950379371643,1.008398413658142,0.3551008999347687,0.9537817239761353
264,0.37786757946014404,1.0252454280853271,0.35849878191947937,0.9564110636711121
265,0.37958040833473206,1.025777816772461,0.36300158500671387,0.9648621678352356
266,0.3821915090084076,1.0271562337875366,0.36640095710754395,0.9700015187263489
267,0.3797430694103241,0.9919323921203613,0.36422809958457947,0.9381049871444702
268,0.3885320723056793,1.0078868865966797,0.37212228775024414,0.9522322416305542
269,0.3749890923500061,0.9733827710151672,0.35740241408348083,0.9126633405685425
270,0.38754627108573914,1.044826865196228,0.3707421123981476,0.990146815776825
271,0.3868779242038727,1.0102368593215942,0.3689323365688324,0.9506157040596008
272,0.3797701895236969,0.9722506403923035,0.3629337549209595,0.9127153158187866
273,0.36864376068115234,0.9609842300415039,0.35276177525520325,0.9053725004196167
274,0.3778515160083771,0.9865809082984924,0.3590764105319977,0.9202665686607361
275,0.37462958693504333,1.008640170097351,0.35596543550491333,0.9493919610977173
276,0.37717416882514954,1.00578773021698,0.36117056012153625,0.9457845687866211
277,0.3802585303783417,0.9964662790298462,0.36301881074905396,0.9349097609519958
278,0.3819137513637543,1.0151969194412231,0.3611311912536621,0.9443725943565369
279,0.37935104966163635,1.0173358917236328,0.3595883548259735,0.9506394267082214
280,0.38381725549697876,0.9971301555633545,0.36647555232048035,0.9391492009162903
281,0.3868725299835205,0.9994013905525208,0.3659990429878235,0.92631995677948
282,0.3731843829154968,0.975942075252533,0.35511186718940735,0.9150291681289673
283,0.37827596068382263,1.0523885488510132,0.3563400208950043,0.9827940464019775
284,0.3888484537601471,1.0144449472427368,0.3686239719390869,0.9451203346252441
285,0.3813619017601013,0.9896878004074097,0.3616545498371124,0.9262991547584534
286,0.37656113505363464,1.0246772766113281,0.3577701449394226,0.959987223148346
287,0.37332239747047424,0.9763359427452087,0.3553626239299774,0.9198111891746521
288,0.38022270798683167,1.0111998319625854,0.36361008882522583,0.9571636319160461
289,0.3941490650177002,1.0346698760986328,0.3765520751476288,0.9762229323387146
290,0.380487859249115,0.9933637976646423,0.3577265441417694,0.9202955365180969
291,0.393118292093277,1.0172789096832275,0.3746351897716522,0.95984947681427
292,0.3861888647079468,1.0045174360275269,0.36776629090309143,0.9414593577384949
293,0.3902658224105835,1.003017783164978,0.3709467649459839,0.933430552482605
294,0.3881206810474396,1.0468965768814087,0.3678688704967499,0.9818754196166992
295,0.38306209444999695,1.0617411136627197,0.3615894317626953,0.9923949241638184
296,0.38610225915908813,1.037980079650879,0.36498841643333435,0.9701087474822998
297,0.3934749364852905,0.9992037415504456,0.3735179901123047,0.9327070116996765
298,0.39552557468414307,1.0204012393951416,0.37116190791130066,0.9367292523384094
299,0.38622090220451355,1.0258769989013672,0.3660399317741394,0.9574259519577026
300,0.40390393137931824,1.0459469556808472,0.3847390413284302,0.9809276461601257
301,0.38671189546585083,1.018930196762085,0.36737698316574097,0.960344135761261
302,0.3845311105251312,1.0822584629058838,0.3613140881061554,1.0123374462127686
303,0.3919296860694885,1.0248397588729858,0.37037158012390137,0.959220826625824
304,0.3903270363807678,1.042671799659729,0.36709633469581604,0.973051905632019
305,0.3903292417526245,1.0482956171035767,0.3679252862930298,0.9801910519599915
306,0.38806402683258057,1.1214317083358765,0.372583270072937,1.0698976516723633
307,0.3893090486526489,1.076390027999878,0.36507806181907654,1.0032745599746704
308,0.3911191523075104,1.066609501838684,0.3675875663757324,0.9949414134025574
309,0.3872751295566559,1.0683187246322632,0.3627159893512726,0.9926725029945374
310,0.3879484534263611,1.064605474472046,0.3632042706012726,0.9896661043167114
311,0.3865610659122467,1.062909722328186,0.36452990770339966,0.9972556829452515
312,0.39192506670951843,1.0521526336669922,0.3704582750797272,0.9861266016960144
313,0.3892063498497009,1.0535911321640015,0.36692285537719727,0.9866072535514832
314,0.3905743658542633,1.0480889081954956,0.37037041783332825,0.9861214756965637
315,0.3906284272670746,1.0444873571395874,0.3672398328781128,0.9728739261627197
316,0.39294224977493286,1.04656982421875,0.36942705512046814,0.9732546806335449
317,0.3891894817352295,1.061369776725769,0.3642745912075043,0.9853588938713074
318,0.3921017050743103,1.067480206489563,0.36694854497909546,0.9922758936882019
319,0.39076146483421326,1.0750389099121094,0.3643762171268463,0.9979949593544006
320,0.3948723077774048,1.0845245122909546,0.3696846663951874,1.011610746383667
321,0.3951473832130432,1.090717077255249,0.3688301742076874,1.0129356384277344
322,0.39019566774368286,1.0642313957214355,0.36643701791763306,0.9942860007286072
323,0.3905731737613678,1.0583897829055786,0.36808523535728455,0.9900032877922058
324,0.3915456235408783,1.0902082920074463,0.36475634574890137,1.0089768171310425
325,0.3893909156322479,1.097873330116272,0.3645854890346527,1.0242775678634644
326,0.3915002942085266,1.0796006917953491,0.3674423396587372,1.0054466724395752
327,0.3947972357273102,1.0883225202560425,0.370061993598938,1.011478066444397
328,0.39240819215774536,1.088073968887329,0.3671663701534271,1.0116223096847534
329,0.3925175666809082,1.097519040107727,0.36542949080467224,1.016352653503418
330,0.39209967851638794,1.0609952211380005,0.36775830388069153,0.9864538908004761
331,0.39395779371261597,1.0417544841766357,0.3734080195426941,0.9786263704299927
332,0.39558008313179016,1.059893012046814,0.37212589383125305,0.9877820014953613
333,0.39142510294914246,1.106977939605713,0.36683768033981323,1.0344914197921753
334,0.3941192328929901,1.0793124437332153,0.3691466748714447,1.0037896633148193
335,0.39188793301582336,1.0511682033538818,0.3688102066516876,0.9808749556541443
336,0.3962255120277405,1.0961414575576782,0.3714999854564667,1.0220009088516235
337,0.3963543176651001,1.0714259147644043,0.3728013336658478,1.0009841918945312
338,0.39279162883758545,1.0749074220657349,0.3689504861831665,1.0021718740463257
339,0.3938244879245758,1.0803669691085815,0.3695240616798401,1.0071005821228027
340,0.3945128917694092,1.0728235244750977,0.36951324343681335,0.9963215589523315
341,0.3934048116207123,1.0870004892349243,0.3680317997932434,1.01055908203125
342,0.394534170627594,1.0868598222732544,0.36795487999916077,1.0051041841506958
343,0.39472153782844543,1.112815260887146,0.36686941981315613,1.0297709703445435
344,0.3979465067386627,1.0542097091674805,0.37606894969940186,0.9855083227157593
345,0.4008820950984955,1.059836506843567,0.37470051646232605,0.9800678491592407
346,0.3961292803287506,1.064920425415039,0.3709314465522766,0.9877908229827881
347,0.3980690538883209,1.0724045038223267,0.37231317162513733,0.9959656000137329
348,0.3866290748119354,1.1009610891342163,0.3594316244125366,1.0190484523773193
349,0.39234742522239685,1.0760377645492554,0.36808815598487854,1.0030628442764282
350,0.39608854055404663,1.0546841621398926,0.3715890944004059,0.9792153835296631
351,0.39675652980804443,1.0608631372451782,0.3724348843097687,0.9866570234298706
352,0.39658743143081665,1.067578673362732,0.3696132004261017,0.983679473400116
353,0.39868640899658203,1.099071979522705,0.37229523062705994,1.0202937126159668
354,0.3922470510005951,1.1267274618148804,0.3744068145751953,1.055978775024414
355,0.3849511444568634,1.1837079524993896,0.367036908864975,1.1277267932891846
356,0.3838163912296295,1.1300628185272217,0.3579629957675934,1.0331966876983643
357,0.4155054986476898,1.213405966758728,0.3937375843524933,1.1463526487350464
358,0.39021867513656616,1.09722101688385,0.3708484172821045,1.0303982496261597
359,0.3985912799835205,1.2143155336380005,0.37009790539741516,1.1270848512649536
360,0.3878113031387329,1.1232095956802368,0.3632645905017853,1.0372408628463745
