1,0.6898817420005798,0.3697816729545593,0.9272863864898682,0.5775961875915527
2,0.6899932622909546,0.3699047267436981,0.9271966814994812,0.5775760412216187
3,0.3154069483280182,0.2892492711544037,0.5382589101791382,0.6546037793159485
4,0.2915680408477783,0.26671725511550903,0.5279586911201477,0.6733762621879578
5,0.28049442172050476,0.25810471177101135,0.516605019569397,0.6796630024909973
6,0.3093038499355316,0.2680748999118805,0.5317010879516602,0.6764920353889465
7,0.27415385842323303,0.2470483034849167,0.511096179485321,0.6969242095947266
8,0.2942270338535309,0.27548906207084656,0.5507535338401794,0.7482827305793762
9,0.26820433139801025,0.2540358901023865,0.5101562142372131,0.7130249738693237
10,0.28649988770484924,0.25013938546180725,0.5170674920082092,0.7026660442352295
11,0.2748347520828247,0.24791327118873596,0.5013693571090698,0.6928699016571045
12,0.2693171203136444,0.24457451701164246,0.4874311685562134,0.6741242408752441
13,0.2696956396102905,0.25306951999664307,0.49249252676963806,0.6987993121147156
14,0.28184571862220764,0.24533067643642426,0.49683740735054016,0.6794068813323975
15,0.2652236223220825,0.2551592290401459,0.48231664299964905,0.69989413022995
16,0.2734246253967285,0.24913381040096283,0.49127793312072754,0.6991706490516663
17,0.2949123680591583,0.24791866540908813,0.5072681903839111,0.6904641389846802
18,0.2507559061050415,0.26356932520866394,0.46456024050712585,0.7055586576461792
19,0.27716928720474243,0.25640958547592163,0.4915558695793152,0.6949482560157776
20,0.262908935546875,0.2618483603000641,0.4825821816921234,0.7173399925231934
21,0.2563764154911041,0.2607243061065674,0.483439564704895,0.7291984558105469
22,0.2522428631782532,0.27480989694595337,0.47193261981010437,0.7205358147621155
23,0.2617819607257843,0.25723227858543396,0.47047507762908936,0.7031334042549133
24,0.2652418911457062,0.26001444458961487,0.4892609715461731,0.728918731212616
25,0.25552991032600403,0.2784785032272339,0.47276026010513306,0.731579601764679
26,0.28204473853111267,0.2621535360813141,0.494324654340744,0.7053504586219788
27,0.24870805442333221,0.27867797017097473,0.46897244453430176,0.7294591069221497
28,0.2942184507846832,0.274971067905426,0.5098286271095276,0.7187579274177551
29,0.28923583030700684,0.28012365102767944,0.4899241328239441,0.6998534798622131
30,0.2535942494869232,0.28232547640800476,0.47301793098449707,0.7339680194854736
31,0.2460409700870514,0.2796086072921753,0.4666801691055298,0.7314714789390564
32,0.2803937494754791,0.28203049302101135,0.4930206835269928,0.734417200088501
33,0.2693823575973511,0.2808769941329956,0.48721206188201904,0.7387316823005676
34,0.2748207747936249,0.27621737122535706,0.4733498692512512,0.683732807636261
35,0.2526707351207733,0.29423218965530396,0.4759702682495117,0.7627611756324768
36,0.29213547706604004,0.28822606801986694,0.503812313079834,0.7331501245498657
37,0.26482728123664856,0.2899026572704315,0.48481693863868713,0.7413116693496704
38,0.2504291534423828,0.27310749888420105,0.45446017384529114,0.7028080224990845
39,0.26156938076019287,0.29496118426322937,0.4969892203807831,0.7719693183898926
40,0.2704203724861145,0.2911401391029358,0.4873809218406677,0.7391135096549988
41,0.2577873468399048,0.3005259931087494,0.48753684759140015,0.7636858820915222
42,0.2470320612192154,0.267042875289917,0.45304813981056213,0.7157790660858154
43,0.2700927257537842,0.28971949219703674,0.4789625406265259,0.7390807867050171
44,0.24197499454021454,0.29295486211776733,0.4766002297401428,0.7872715592384338
45,0.26575395464897156,0.27469542622566223,0.49209195375442505,0.7491322159767151
46,0.28345635533332825,0.2648559808731079,0.4870670437812805,0.6967694163322449
47,0.24362459778785706,0.2782357931137085,0.4598045349121094,0.7317336201667786
48,0.2615925371646881,0.3259364664554596,0.49826163053512573,0.8233688473701477
49,0.23432309925556183,0.2993083596229553,0.4580078423023224,0.7681552767753601
50,0.24366697669029236,0.26239562034606934,0.4579031765460968,0.7231525182723999
51,0.24337446689605713,0.29045432806015015,0.4655856490135193,0.7586291432380676
52,0.2495880275964737,0.2913565933704376,0.4632563292980194,0.7460900545120239
53,0.27559614181518555,0.28697046637535095,0.5067790746688843,0.7612577676773071
54,0.27876758575439453,0.3033062219619751,0.5034198760986328,0.7732971906661987
55,0.25632986426353455,0.28720101714134216,0.4799896776676178,0.7644343972206116
56,0.24977435171604156,0.30876609683036804,0.4746156930923462,0.773200511932373
57,0.23572561144828796,0.2884535491466522,0.4616791903972626,0.7639569044113159
58,0.2691565454006195,0.2827562093734741,0.4800768196582794,0.7280514240264893
59,0.24063071608543396,0.3020613193511963,0.500619649887085,0.8427417874336243
60,0.25368499755859375,0.30027782917022705,0.4761529564857483,0.7598346471786499
61,0.2362762987613678,0.2945338487625122,0.4648684859275818,0.7796811461448669
62,0.2502734065055847,0.2893234193325043,0.4705160856246948,0.7396004796028137
63,0.22905951738357544,0.297561377286911,0.43451476097106934,0.7254064083099365
64,0.24040962755680084,0.29496121406555176,0.4569895267486572,0.7375554442405701
65,0.25589853525161743,0.29985272884368896,0.4558357000350952,0.7340646386146545
66,0.23769062757492065,0.305163711309433,0.4525825083255768,0.7554643750190735
67,0.24812228977680206,0.2916150689125061,0.4640916883945465,0.738692581653595
68,0.2246389240026474,0.2991613447666168,0.4367300271987915,0.7345224022865295
69,0.22463282942771912,0.31310397386550903,0.45018166303634644,0.7876279950141907
70,0.24922408163547516,0.3124050796031952,0.4907933473587036,0.8135696053504944
71,0.21210844814777374,0.37766674160957336,0.49218037724494934,0.9526455998420715
72,0.24364325404167175,0.29716601967811584,0.4577469825744629,0.7316458821296692
73,0.2678180932998657,0.3047924041748047,0.48902180790901184,0.7588624954223633
74,0.2294517159461975,0.29674869775772095,0.44778212904930115,0.7662821412086487
75,0.21031299233436584,0.2943767011165619,0.44194138050079346,0.7787684202194214
76,0.22734670341014862,0.29898691177368164,0.4456366002559662,0.7473718523979187
77,0.22489097714424133,0.31192129850387573,0.43986424803733826,0.756015956401825
78,0.21047013998031616,0.28574442863464355,0.42212191224098206,0.7567105293273926
79,0.22422561049461365,0.3080544173717499,0.43382102251052856,0.7592697143554688
80,0.2280377447605133,0.3080526888370514,0.44189026951789856,0.7625486254692078
81,0.2097998708486557,0.31081122159957886,0.4321785569190979,0.7866076231002808
82,0.21672706305980682,0.29128676652908325,0.42999523878097534,0.7499403953552246
83,0.22186961770057678,0.30671194195747375,0.43472740054130554,0.7487115263938904
84,0.24964424967765808,0.29285815358161926,0.45632824301719666,0.7346765398979187
85,0.22515185177326202,0.3175405263900757,0.4661734402179718,0.8226146101951599
86,0.21749268472194672,0.3160798251628876,0.44350042939186096,0.8067727088928223
87,0.23764711618423462,0.32566213607788086,0.46378234028816223,0.8084359169006348
88,0.23572131991386414,0.2948707342147827,0.4536849558353424,0.7542940378189087
89,0.20745868980884552,0.317870169878006,0.4319029450416565,0.7750610709190369
90,0.23837798833847046,0.31077536940574646,0.45873090624809265,0.7665286064147949
91,0.20725736021995544,0.30088329315185547,0.42549097537994385,0.7765756249427795
92,0.21092359721660614,0.32094806432724,0.4325421452522278,0.7940571308135986
93,0.20454798638820648,0.31540536880493164,0.4227958023548126,0.798494815826416
94,0.20012816786766052,0.3170619010925293,0.42914262413978577,0.80008864402771
95,0.22005558013916016,0.29841315746307373,0.4320940375328064,0.7637223601341248
96,0.20452000200748444,0.2942540943622589,0.4107169508934021,0.7319157123565674
97,0.21508897840976715,0.31636402010917664,0.4310516119003296,0.7863972783088684
98,0.2194771021604538,0.3012058734893799,0.4220525324344635,0.7431593537330627
99,0.21323059499263763,0.30233630537986755,0.4504490792751312,0.800259530544281
100,0.24562376737594604,0.30088987946510315,0.4479048252105713,0.747421383857727
101,0.2299501746892929,0.319992333650589,0.4689246118068695,0.8080652952194214
102,0.22938890755176544,0.305355429649353,0.4433387219905853,0.7597721815109253
103,0.2290000170469284,0.3105752468109131,0.46632999181747437,0.8075153827667236
104,0.22492210566997528,0.2911823093891144,0.4168871343135834,0.704725980758667
105,0.20171430706977844,0.3010280728340149,0.41313067078590393,0.7424128651618958
106,0.19728094339370728,0.2874172627925873,0.40271294116973877,0.7307297587394714
107,0.18479865789413452,0.30592504143714905,0.40558406710624695,0.7734385132789612
108,0.2070503830909729,0.3029385507106781,0.42474761605262756,0.7719755172729492
109,0.25209105014801025,0.31288331747055054,0.47365447878837585,0.7764829397201538
110,0.20021525025367737,0.3015558421611786,0.4181194305419922,0.7752693891525269
111,0.21267138421535492,0.3030817210674286,0.42718929052352905,0.7663156390190125
112,0.23434293270111084,0.29208067059516907,0.44057613611221313,0.7311972975730896
113,0.21843543648719788,0.31994420289993286,0.43784913420677185,0.7752354145050049
114,0.21095144748687744,0.3244737386703491,0.4436800479888916,0.7970933318138123
115,0.21519720554351807,0.29819953441619873,0.42836666107177734,0.760543704032898
116,0.2103123813867569,0.30105850100517273,0.4267602264881134,0.7618851661682129
117,0.22005608677864075,0.3223205804824829,0.43889012932777405,0.7879011034965515
118,0.19879193603992462,0.31382691860198975,0.42172548174858093,0.7911601066589355
119,0.20565563440322876,0.33344513177871704,0.43190109729766846,0.8278634548187256
120,0.21796469390392303,0.28298574686050415,0.4249190390110016,0.7304621338844299
121,0.20644694566726685,0.30444473028182983,0.423767626285553,0.7661540508270264
122,0.21184098720550537,0.3047129809856415,0.41014736890792847,0.7274584770202637
123,0.20511360466480255,0.32716330885887146,0.41441118717193604,0.7692332863807678
124,0.2160111963748932,0.3002767562866211,0.4172484576702118,0.7334391474723816
125,0.21630734205245972,0.3146197497844696,0.4430178105831146,0.7954143285751343
126,0.19860222935676575,0.30003002285957336,0.4147743582725525,0.761516809463501
127,0.24246643483638763,0.31465232372283936,0.46001121401786804,0.7580817937850952
128,0.22947052121162415,0.2977060377597809,0.4263502061367035,0.7257360219955444
129,0.20707391202449799,0.3440399169921875,0.4514146149158478,0.8493906259536743
130,0.21635761857032776,0.3275285065174103,0.4459880590438843,0.8110296130180359
131,0.21735696494579315,0.29755669832229614,0.4086701571941376,0.7157789468765259
132,0.2067297101020813,0.30611199140548706,0.41304975748062134,0.7387326955795288
133,0.1880202293395996,0.32268428802490234,0.40384671092033386,0.7918606996536255
134,0.22575893998146057,0.3166082203388214,0.4228409230709076,0.7399659156799316
135,0.21889324486255646,0.29830503463745117,0.41514426469802856,0.731039822101593
136,0.22541454434394836,0.319897323846817,0.45526066422462463,0.7928996682167053
137,0.20489870011806488,0.32207316160202026,0.4261603057384491,0.7963926196098328
138,0.2186487764120102,0.31145980954170227,0.43254947662353516,0.7843548059463501
139,0.2140030413866043,0.311330646276474,0.4268384277820587,0.7516217231750488
140,0.247215136885643,0.32671818137168884,0.46511223912239075,0.7707837224006653
141,0.21865075826644897,0.30059775710105896,0.4320414364337921,0.7426539659500122
142,0.22768263518810272,0.3133874237537384,0.43647700548171997,0.7654699683189392
143,0.21250098943710327,0.3000142276287079,0.4146203100681305,0.7417981028556824
144,0.1993153989315033,0.31806236505508423,0.4096921682357788,0.7529921531677246
145,0.22478799521923065,0.3115038275718689,0.4373825490474701,0.7616559863090515
146,0.23148025572299957,0.29959815740585327,0.427711546421051,0.7299313545227051
147,0.2300412654876709,0.30395272374153137,0.43444421887397766,0.7346575260162354
148,0.21666795015335083,0.3043428063392639,0.4070243835449219,0.7106752991676331
149,0.2215065062046051,0.3210230767726898,0.44611793756484985,0.7917028665542603
150,0.19704672694206238,0.30629393458366394,0.39757445454597473,0.7617203593254089
151,0.1967121660709381,0.30890271067619324,0.399339497089386,0.7560547590255737
152,0.175857275724411,0.31068676710128784,0.3523002564907074,0.7186843752861023
153,0.15996722877025604,0.3274194002151489,0.3304811418056488,0.7325731515884399
154,0.1668011099100113,0.3225742280483246,0.3370912969112396,0.7333564162254333
155,0.16656075417995453,0.34177204966545105,0.339071124792099,0.7558724880218506
156,0.16661013662815094,0.33235347270965576,0.3331012427806854,0.7317116260528564
157,0.16240710020065308,0.3438849151134491,0.3273797035217285,0.7433781027793884
158,0.16893942654132843,0.35657310485839844,0.34144678711891174,0.7650097012519836
159,0.15894459187984467,0.3713915944099426,0.32762694358825684,0.7810317277908325
160,0.16428081691265106,0.36105892062187195,0.3289482593536377,0.755220890045166
161,0.15875308215618134,0.3612561821937561,0.32193273305892944,0.7473078370094299
162,0.16033650934696198,0.3697822093963623,0.32446080446243286,0.7676802277565002
163,0.16171084344387054,0.37944817543029785,0.32619038224220276,0.7703312635421753
164,0.1638128012418747,0.3743076026439667,0.3261953294277191,0.7627773880958557
165,0.17332477867603302,0.3674367368221283,0.33822882175445557,0.7722793221473694
166,0.1616523116827011,0.37498196959495544,0.32017022371292114,0.7577321529388428
167,0.15859177708625793,0.3874567449092865,0.32513874769210815,0.7865272164344788
168,0.15183888375759125,0.399524062871933,0.3146323561668396,0.7816088795661926
169,0.16468210518360138,0.3853398263454437,0.32570117712020874,0.7777453064918518
170,0.16677996516227722,0.37604421377182007,0.31864434480667114,0.7376222014427185
171,0.1667890101671219,0.39813897013664246,0.32307010889053345,0.7624817490577698
172,0.16223685443401337,0.4026634395122528,0.3253234624862671,0.7877946496009827
173,0.16883975267410278,0.3942059874534607,0.3194049596786499,0.7552934885025024
174,0.175457164645195,0.3954697847366333,0.3270409405231476,0.7519075870513916
175,0.16449230909347534,0.40571776032447815,0.31902578473091125,0.7677664756774902
176,0.16449767351150513,0.39832648634910583,0.3138502836227417,0.7535192370414734
177,0.168021559715271,0.4063788652420044,0.31685560941696167,0.7578156590461731
178,0.15479345619678497,0.4196057617664337,0.30649521946907043,0.7765362858772278
179,0.18902261555194855,0.3993801474571228,0.3383832573890686,0.7383557558059692
180,0.16859085857868195,0.41754528880119324,0.313009649515152,0.7503401637077332
181,0.1765134632587433,0.40284666419029236,0.3169436454772949,0.7293276190757751
182,0.17696204781532288,0.42556998133659363,0.32313427329063416,0.7578760385513306
183,0.16862407326698303,0.42462158203125,0.3137688636779785,0.7628571391105652
184,0.16649961471557617,0.43564486503601074,0.3094308376312256,0.7583249807357788
185,0.16998274624347687,0.4230278432369232,0.317607045173645,0.7633113265037537
186,0.17299678921699524,0.42760196328163147,0.3138936460018158,0.7480233311653137
187,0.1761704385280609,0.43074971437454224,0.31707581877708435,0.750002384185791
188,0.16499239206314087,0.4340455234050751,0.3106171190738678,0.7700263261795044
189,0.1793663054704666,0.42452213168144226,0.32291942834854126,0.7600465416908264
190,0.16504299640655518,0.44518592953681946,0.30949434638023376,0.7729293704032898
191,0.17177504301071167,0.43755999207496643,0.30659666657447815,0.7448709607124329
192,0.1732860505580902,0.43899378180503845,0.3139006197452545,0.7578304409980774
193,0.17322658002376556,0.456107497215271,0.3291362524032593,0.8157049417495728
194,0.17231404781341553,0.43060243129730225,0.3088188171386719,0.7470055222511292
195,0.17532755434513092,0.4617583453655243,0.3158248960971832,0.7783878445625305
196,0.174919992685318,0.4488977789878845,0.3160226345062256,0.7623504996299744
197,0.1655869334936142,0.4507853090763092,0.3021456003189087,0.7570781111717224
198,0.16887548565864563,0.4603515565395355,0.31219905614852905,0.7840161919593811
199,0.18517112731933594,0.4401552081108093,0.32329365611076355,0.7655768990516663
200,0.17058120667934418,0.44569873809814453,0.3091813027858734,0.7634198069572449
201,0.17451806366443634,0.4510043263435364,0.30787962675094604,0.748767614364624
202,0.16678935289382935,0.45233091711997986,0.30266115069389343,0.7594848871231079
203,0.17368173599243164,0.45296338200569153,0.3128002882003784,0.7559881806373596
204,0.18049319088459015,0.4591800272464752,0.31753164529800415,0.7625051736831665
205,0.17026394605636597,0.45127594470977783,0.3078055679798126,0.7593931555747986
206,0.17432676255702972,0.45924249291419983,0.3063417673110962,0.7541413307189941
207,0.1722005009651184,0.4582887291908264,0.306118369102478,0.7547249794006348
208,0.17777040600776672,0.4519605040550232,0.3131392002105713,0.7606562376022339
209,0.17811165750026703,0.4630502164363861,0.3116043210029602,0.7637580633163452
210,0.18232756853103638,0.46111977100372314,0.3181723654270172,0.7659627199172974
211,0.18017031252384186,0.4518698453903198,0.3116689920425415,0.7418411374092102
212,0.16614970564842224,0.4553699493408203,0.3010135293006897,0.7622475028038025
213,0.1678474396467209,0.46091851592063904,0.30449631810188293,0.7752273678779602
214,0.16823652386665344,0.46522071957588196,0.30206575989723206,0.7689355611801147
215,0.1606886386871338,0.47948309779167175,0.29894059896469116,0.7871667742729187
216,0.17321982979774475,0.4672555923461914,0.30552569031715393,0.764741063117981
217,0.18273019790649414,0.46255815029144287,0.315271258354187,0.7655268907546997
218,0.1802213490009308,0.4727851152420044,0.3119869828224182,0.7649937868118286
219,0.18422521650791168,0.46628955006599426,0.3161415457725525,0.7587116956710815
220,0.18036717176437378,0.4701145589351654,0.3101121187210083,0.7553843855857849
221,0.17447736859321594,0.4940892457962036,0.31688567996025085,0.8203020691871643
222,0.1693265736103058,0.4556877613067627,0.2982424795627594,0.7459162473678589
223,0.18391066789627075,0.474444717168808,0.3161594569683075,0.7676298022270203
224,0.17820926010608673,0.4687536656856537,0.30379244685173035,0.7423269748687744
225,0.17923182249069214,0.48250532150268555,0.3047313988208771,0.7570929527282715
226,0.1864427924156189,0.4726366102695465,0.31249144673347473,0.7494677305221558
227,0.17556965351104736,0.47654440999031067,0.3077962100505829,0.7760146260261536
228,0.17467127740383148,0.4874489903450012,0.3027072846889496,0.7664212584495544
229,0.17970851063728333,0.47187086939811707,0.30401888489723206,0.7470413446426392
230,0.1736307293176651,0.48779407143592834,0.306081086397171,0.781696081161499
231,0.17891822755336761,0.4903087317943573,0.30425629019737244,0.7664894461631775
232,0.18284198641777039,0.4681709110736847,0.3120252192020416,0.754798948764801
233,0.1734538972377777,0.4858747124671936,0.3005214035511017,0.7674846649169922
234,0.17426210641860962,0.49295398592948914,0.29739218950271606,0.7602778673171997
235,0.1798100620508194,0.483167827129364,0.3079850375652313,0.7680039405822754
236,0.1696314811706543,0.4790210425853729,0.29431435465812683,0.7556077837944031
237,0.18080434203147888,0.47845181822776794,0.30851295590400696,0.7588502764701843
238,0.1740742325782776,0.4871036112308502,0.30107495188713074,0.7664003968238831
239,0.18346039950847626,0.4782465696334839,0.30991896986961365,0.7629995346069336
240,0.1829744428396225,0.48631951212882996,0.3098197281360626,0.7615087628364563
241,0.18514114618301392,0.4868660569190979,0.3067803978919983,0.7546836137771606
242,0.1741487681865692,0.48632848262786865,0.3018575608730316,0.7744683027267456
243,0.17786608636379242,0.4941774308681488,0.30039212107658386,0.7614995241165161
244,0.16737966239452362,0.4926284849643707,0.29538026452064514,0.777594268321991
245,0.16814947128295898,0.5071509480476379,0.296224981546402,0.7820588946342468
246,0.19419296085834503,0.5114805698394775,0.32231229543685913,0.7860642671585083
247,0.17347027361392975,0.513073742389679,0.30092447996139526,0.7902846932411194
248,0.17805466055870056,0.5077125430107117,0.30587267875671387,0.7967721223831177
249,0.16496030986309052,0.5177971720695496,0.2925231158733368,0.7942501306533813
250,0.18085291981697083,0.5123607516288757,0.31162893772125244,0.7999990582466125
251,0.169050395488739,0.5007114410400391,0.2961811125278473,0.7792616486549377
252,0.19177311658859253,0.49277928471565247,0.31420600414276123,0.75275057554245
253,0.1853710263967514,0.5259461998939514,0.31305044889450073,0.8081153035163879
254,0.1693388819694519,0.4872206747531891,0.28818589448928833,0.7449266910552979
255,0.17169050872325897,0.4969198405742645,0.2918410897254944,0.7530611753463745
256,0.18671640753746033,0.49523088335990906,0.30654314160346985,0.7452268600463867
257,0.17784997820854187,0.5034471154212952,0.30230042338371277,0.7731083631515503
258,0.17880967259407043,0.5097586512565613,0.30368295311927795,0.7840467095375061
259,0.18992236256599426,0.49833184480667114,0.31522852182388306,0.7760624885559082
260,0.1860216110944748,0.5116800665855408,0.31078892946243286,0.7857362031936646
261,0.18910542130470276,0.500653088092804,0.3100660443305969,0.7612422108650208
262,0.18968498706817627,0.49526530504226685,0.3055073618888855,0.7443416118621826
263,0.17275404930114746,0.5125212669372559,0.29367706179618835,0.776404619216919
264,0.18348664045333862,0.5145310163497925,0.30891501903533936,0.7901766896247864
265,0.16896547377109528,0.4999842643737793,0.2889024019241333,0.7579682469367981
266,0.17080865800380707,0.5088942050933838,0.2943500280380249,0.7851004004478455
267,0.17810191214084625,0.5006269812583923,0.29636305570602417,0.7571783661842346
268,0.1838883012533188,0.5135619044303894,0.3082750141620636,0.7867193818092346
269,0.17021939158439636,0.5273786783218384,0.2936509847640991,0.7862953543663025
270,0.1720329076051712,0.5012152194976807,0.2929474115371704,0.7671965956687927
271,0.17523491382598877,0.5009440183639526,0.2937127947807312,0.7578940391540527
272,0.19288785755634308,0.485271155834198,0.3083432912826538,0.7336857914924622
273,0.17765052616596222,0.5025944709777832,0.2970154285430908,0.761397123336792
274,0.17789709568023682,0.5069226026535034,0.29760056734085083,0.7723606824874878
275,0.17589470744132996,0.5134257674217224,0.2904928922653198,0.7604227066040039
276,0.1810055524110794,0.5196179151535034,0.29760295152664185,0.7627331018447876
277,0.18069694936275482,0.5081101655960083,0.295870304107666,0.7555181384086609
278,0.18873004615306854,0.5050655603408813,0.3032340705394745,0.7583298683166504
279,0.1846253126859665,0.507053017616272,0.3016415238380432,0.750713586807251
280,0.1701696813106537,0.5282208323478699,0.2916325032711029,0.786206066608429
281,0.18849320709705353,0.5160017609596252,0.3058072030544281,0.7659793496131897
282,0.18478083610534668,0.5062308311462402,0.3045285940170288,0.7589594721794128
283,0.17808137834072113,0.5247023701667786,0.2939346432685852,0.7643628716468811
284,0.18326278030872345,0.5241098403930664,0.3062860071659088,0.7898361682891846
285,0.17173247039318085,0.5056766867637634,0.2886098325252533,0.7669561505317688
286,0.18109013140201569,0.5147889256477356,0.2937307059764862,0.7620875239372253
287,0.1894690841436386,0.5137932896614075,0.30905503034591675,0.7749075889587402
288,0.19480907917022705,0.5203365683555603,0.31275153160095215,0.7712119221687317
289,0.17548801004886627,0.5388913154602051,0.29016613960266113,0.7802989482879639
290,0.18028554320335388,0.5139856338500977,0.29442068934440613,0.7549915313720703
291,0.18477696180343628,0.5236579179763794,0.30004867911338806,0.7650915384292603
292,0.17800863087177277,0.5280439257621765,0.2937690019607544,0.7714085578918457
293,0.17397263646125793,0.5274524092674255,0.28442439436912537,0.7525038719177246
294,0.1854720562696457,0.5369542241096497,0.3025203347206116,0.7837620377540588
295,0.18283680081367493,0.5245813131332397,0.2988284230232239,0.7764173746109009
296,0.19084620475769043,0.5200962424278259,0.3143824338912964,0.7872454524040222
297,0.19010432064533234,0.5379498600959778,0.3040485978126526,0.7744879126548767
298,0.17669500410556793,0.5078123211860657,0.2841367721557617,0.7328341603279114
299,0.1800820678472519,0.5391955375671387,0.29849764704704285,0.7957491874694824
300,0.17205125093460083,0.5181385278701782,0.2890784740447998,0.7741157412528992
301,0.1733257919549942,0.5206882953643799,0.2858530282974243,0.764054000377655
302,0.17999525368213654,0.5284575819969177,0.2907400131225586,0.7635893821716309
303,0.17823193967342377,0.5397250652313232,0.29019618034362793,0.7782276272773743
304,0.16786135733127594,0.5555634498596191,0.2790420353412628,0.7885839343070984
305,0.17950274050235748,0.5439170002937317,0.2886770963668823,0.7720128297805786
306,0.17074286937713623,0.5570029616355896,0.28040194511413574,0.7816001772880554
307,0.18007628619670868,0.5436638593673706,0.28877055644989014,0.7712869644165039
308,0.17353951930999756,0.5499637126922607,0.285798043012619,0.7834484577178955
309,0.18099839985370636,0.547475278377533,0.29192182421684265,0.7775784134864807
310,0.17643103003501892,0.5458887219429016,0.28527185320854187,0.7757906913757324
311,0.17459094524383545,0.5546960830688477,0.28250792622566223,0.7786398530006409
312,0.18273118138313293,0.5426657795906067,0.29173222184181213,0.7725850343704224
313,0.18401794135570526,0.5403252840042114,0.2911073565483093,0.7613463401794434
314,0.18361636996269226,0.5451197028160095,0.2901308238506317,0.7658393979072571
315,0.17565973103046417,0.5654012560844421,0.28888940811157227,0.8014113306999207
316,0.17122679948806763,0.5661014914512634,0.28130772709846497,0.7957021594047546
317,0.1794264167547226,0.5500562191009521,0.28729861974716187,0.7748981714248657
318,0.18156105279922485,0.5495330095291138,0.2904936969280243,0.7753359079360962
319,0.17597214877605438,0.5693844556808472,0.2860034108161926,0.7948382496833801
320,0.18752552568912506,0.5537814497947693,0.2940536439418793,0.7722989916801453
321,0.17026296257972717,0.5730140805244446,0.27913615107536316,0.7926453351974487
322,0.17874141037464142,0.5591846704483032,0.28798559308052063,0.7854974865913391
323,0.18744608759880066,0.5450451374053955,0.2971850335597992,0.7744420170783997
324,0.1792157143354416,0.5567825436592102,0.2875547707080841,0.7829998731613159
325,0.17270852625370026,0.5594700574874878,0.28205564618110657,0.7872341871261597
326,0.1778443306684494,0.5616372227668762,0.28492850065231323,0.7789241075515747
327,0.17510093748569489,0.5655462741851807,0.28303003311157227,0.7858089208602905
328,0.17085345089435577,0.5754259824752808,0.2815597355365753,0.7995135188102722
329,0.17760002613067627,0.5527738332748413,0.2867097854614258,0.7811802625656128
330,0.17102152109146118,0.5793800950050354,0.28213077783584595,0.8087484240531921
331,0.17942926287651062,0.5648688077926636,0.28823012113571167,0.7904350757598877
332,0.1800413727760315,0.5624917149543762,0.28567609190940857,0.7781362533569336
333,0.1803022176027298,0.5621118545532227,0.2886875867843628,0.78229159116745
334,0.17794165015220642,0.5571132302284241,0.28863292932510376,0.7900376319885254
335,0.18291470408439636,0.5599033832550049,0.29103222489356995,0.7850839495658875
336,0.18338680267333984,0.5604392886161804,0.29410839080810547,0.7916377782821655
337,0.17787902057170868,0.571555495262146,0.2864820063114166,0.7939234375953674
338,0.1729843020439148,0.5725616812705994,0.2831067442893982,0.8024652600288391
339,0.17895649373531342,0.5614843368530273,0.28697076439857483,0.7851552367210388
340,0.18200892210006714,0.5638622641563416,0.29206588864326477,0.7923478484153748
341,0.17261594533920288,0.5741751194000244,0.2796989381313324,0.790618896484375
342,0.17520824074745178,0.5763127207756042,0.2881302237510681,0.8140386939048767
343,0.18303242325782776,0.5663248896598816,0.29428741335868835,0.7975438237190247
344,0.18481089174747467,0.5666381120681763,0.29287129640579224,0.7931753396987915
345,0.18446753919124603,0.5622815489768982,0.29215800762176514,0.7859887480735779
346,0.1787234991788864,0.5665577054023743,0.2857697904109955,0.7888056039810181
347,0.17391058802604675,0.5723226070404053,0.2833325266838074,0.8009506464004517
348,0.1785506159067154,0.5729719996452332,0.28553733229637146,0.7915427088737488
349,0.1741178333759308,0.5734093189239502,0.28395187854766846,0.8035644888877869
350,0.18174928426742554,0.5682933926582336,0.2893984317779541,0.7883750200271606
351,0.18327312171459198,0.5637388825416565,0.2885674238204956,0.7789674997329712
352,0.1859787255525589,0.5609840154647827,0.29170122742652893,0.7807141542434692
353,0.16465049982070923,0.5963345766067505,0.27721625566482544,0.8312087655067444
354,0.17759989202022552,0.5687200427055359,0.28682243824005127,0.7948589324951172
355,0.17318987846374512,0.5730350613594055,0.28183627128601074,0.7976831793785095
356,0.17039182782173157,0.5855889916419983,0.27928104996681213,0.8088231086730957
357,0.17900890111923218,0.5653579831123352,0.28832632303237915,0.7907723188400269
358,0.18252122402191162,0.5718521475791931,0.2898137867450714,0.7893652319908142
359,0.1812039017677307,0.568536102771759,0.2887924611568451,0.7890179753303528
360,0.17968393862247467,0.5776912569999695,0.28722503781318665,0.7981131076812744
