epoch,L_x,L_u,lambda_u,L_reg,L_total
6,1.427659429288937,0.001499962025925263,3.121261961722488,0.004111926328963444,1.4352348931668477
6,1.4176123670331089,0.0016334557206471696,3.1212885985748215,0.004211364476554396,1.4255762330993054
7,1.3039314136412985,0.001462434497937461,4.683725845410628,0.005337057368051495,1.3149769106060987
7,1.292842320505395,0.001439736544221909,4.683734939759036,0.00556251698016492,1.3040127069117076
8,1.2643613909344071,0.0013961627401549424,6.246207524271844,0.0059418745482458,1.2779390890042759
8,1.2575210519044797,0.0013846140563460946,6.246216707021793,0.006286339027035901,1.2713663657410093
9,1.2198764163892246,0.0013445447603392061,7.808707524271844,0.006194773563003005,1.235533620113308
9,1.234560310985278,0.0013729002040915996,7.808707524271844,0.006370891925982805,1.2505897023145436
10,1.2264895834101057,0.0013501923928292722,9.371207524271844,0.00668784007045793,1.244776642872292
10,1.2007733758078938,0.0013019534775149527,9.371216707021793,0.006934515034811476,1.2188892550676267
11,1.2006162630155068,0.0013170164263385548,10.933716707021793,0.007201612392580249,1.2211868659058727
11,1.1939372863376978,0.0013003757711275556,10.933716707021793,0.006480953430071401,1.2136227849320695
12,1.1915086571145173,0.0012861562712547698,12.496225845410628,0.0065700818457222285,1.213146192872006
12,1.1879091654422778,0.0012979430675445853,12.496225845410628,0.00700286967350296,1.210128337720742
13,1.1773035284984543,0.0012461852867167488,14.058734939759034,0.007044177707172482,1.200891720674124
13,1.1896858199495048,0.0013111898258546645,14.058725845410628,0.0070479030913227925,1.214127172594485
14,1.1711570513334206,0.0012573318308743042,15.62125299760192,0.007010544826694244,1.1968372245486691
14,1.1778422482311726,0.0012840920539579552,15.621243990384615,0.007100197801964196,1.2039956497744873
15,1.1681463942288213,0.0012644882262105113,17.18376196172249,0.006989919688022344,1.1958838531560305
15,1.1840762215248053,0.0012853045667778106,17.183725845410628,0.006688793345044057,1.2118358781948182
16,1.168983465490433,0.0012583831483145612,18.746243990384613,0.006816038887336617,1.1984107265105615
16,1.164064830598923,0.0012506764407869643,18.746243990384613,0.007067862635337336,1.193602862696235
17,1.1626180947686617,0.0012600304833260733,20.308743990384613,0.007307783099419724,1.194537147306479
17,1.1558391231183822,0.001240454653200756,20.308743990384613,0.007245811601303733,1.187304454210859
18,1.1501963251500393,0.0012376146075288974,21.87125299760192,0.00726070346554174,1.1835663032760437
18,1.1535492937245437,0.0012400965874738384,21.87126196172249,0.007363896950094573,1.1870706708807695
19,1.1802679038105102,0.001273203894085712,23.433743990384613,0.006905805643047922,1.216007081218637
19,1.153354169805366,0.0012331688737339643,23.433734939759038,0.0073410278556486925,1.188635113153113
20,1.1610972656366916,0.0012436777746748144,24.996243990384613,0.0070774509770741975,1.1982908569849455
20,1.1521992400395784,0.0012358184526975956,24.99625299760192,0.006962028092802983,1.18908022919433
21,1.1418837576961973,0.001233706166329972,25.0,0.007321564538591501,1.1800479759154707
21,1.1526189629848187,0.0012340451178086088,25.0,0.00727368346269941,1.1907437685877085
22,1.1516341985844307,0.0012421372617517847,25.0,0.0072147400147444625,1.189902368924029
22,1.1366484215582051,0.0012286041914159208,25.0,0.007271076818019296,1.174634600751066
23,1.1598904552654579,0.0012695161052621328,25.0,0.007262155012890266,1.1988905166777282
23,1.1419947244800055,0.001224159990950004,25.0,0.007273700364189258,1.1798724229805744
24,1.1424777169640248,0.001218834357272359,25.0,0.007102504297878253,1.1800510772288992
24,1.1468187800149598,0.0012485424254248898,25.0,0.007057843029690666,1.1850901807894547
25,1.138707439580032,0.0012181780268170795,25.0,0.007335075078382821,1.1764969601870723
25,1.1499325262842703,0.0012369520992389044,25.0,0.007209636472563128,1.1880659649697998
26,1.1378103044044459,0.001242322566931283,25.0,0.007066389165916725,1.1759347564866098
26,1.1498729087751833,0.001230282065647317,25.0,0.007278914169164942,1.187908873855353
27,1.1485502457504637,0.0011966592392997826,25.0,0.007374044447306223,1.185840774951369
27,1.141158318320436,0.0012150926772184973,25.0,0.007130377691434719,1.1786660126683821
28,1.1263010924954495,0.0011931506225786772,25.0,0.007453249933251696,1.1635831069889115
28,1.1391135802943644,0.0012133217346072822,25.0,0.0072756858991472415,1.1767223107157279
29,1.156090900762064,0.0012323337717279304,25.0,0.0068137956201928425,1.193713040363194
29,1.132629549317953,0.0012223204907946708,25.0,0.007299677754583006,1.1704872378892306
30,1.137883056579024,0.0012279463663578043,25.0,0.007109250177063368,1.1756909680708745
30,1.1335421436599322,0.0012158461445887084,25.0,0.007498894203897743,1.1714371922470275
31,1.1418135613916023,0.0012182128836671514,25.0,0.007134937655635214,1.1794038175395802
31,1.1376297834108202,0.0012424627552925648,25.0,0.007322169224479251,1.1760135217250394
32,1.1296441909506452,0.0012155367925956318,25.0,0.007296702329837661,1.1673293116567232
32,1.1288934255901135,0.001223095074063724,25.0,0.007205466258018746,1.166676270619534
33,1.1425361994065737,0.0012246104037783522,25.0,0.007312575982923677,1.1804640353011173
33,1.137533160786216,0.0012160119636414142,25.0,0.007034584992372681,1.1749680454914386
34,1.1460127615701043,0.0012216651019654715,25.0,0.007388228948421439,1.183942619968997
34,1.1326524047828692,0.001211905543054778,25.0,0.007611988777321555,1.1705620348882333
35,1.1404839689936934,0.0012192811185280173,25.0,0.007336093533369735,1.1783020882800435
35,1.1313154266781784,0.0012101658433898571,25.0,0.0069439412032267405,1.1685135124973134
36,1.1259481357788415,0.0012255116909862382,25.0,0.0075297299194591995,1.164115660941686
36,1.13790099020505,0.0012250441806679836,25.0,0.007171256279323899,1.1756983497546794
37,1.1105342819645074,0.0011820664692560932,25.0,0.008073175738734955,1.148159120784422
37,1.134774948727517,0.0012285493056489421,25.0,0.007229023129634914,1.172717703666006
38,1.1246916012900867,0.0012060566102076572,25.0,0.007754170895625423,1.1625971868277736
38,1.1263607867311634,0.0012012512876922888,25.0,0.0073817324937147455,1.1637738030492975
39,1.138900972241692,0.001239183536053432,25.0,0.007057786164849961,1.1769383476792479
39,1.1187242832448747,0.0012131758083579252,25.0,0.007670328941124217,1.1567240075212746
40,1.1194647317595905,0.0012320718742383318,25.0,0.007813912821370813,1.158080442632131
40,1.1091352785318092,0.0012099303764126232,25.0,0.007875949531486124,1.1472594874897641
41,1.1193936462882612,0.0011920738574848857,25.0,0.007788107350772376,1.1569835968154798
41,1.1338074672478196,0.0012236573598080878,25.0,0.007432368678443116,1.1718312699641134
42,1.1290476777051623,0.0012085352768496562,25.0,0.007318744047112656,1.1665798034964565
42,1.1346113366740092,0.0012072555315431341,25.0,0.00758881468625207,1.1723815391461054
43,1.109048311647616,0.0011707858033350148,25.0,0.0076949465891756295,1.1460129022598267
43,1.12247468524002,0.0012182586499279295,25.0,0.007812235706026831,1.1607433876209852
44,1.1240695978751023,0.00120012739955383,25.0,0.007940193481685407,1.1620129764650426
44,1.1228845510676255,0.0011971916591910854,25.0,0.007403925037887259,1.1602182641518712
45,1.120649503100486,0.0011905398393060923,25.0,0.00739293662177044,1.1578059373866945
45,1.1198478789924147,0.0011954822693951428,25.0,0.007326611065321403,1.1570615482559021
46,1.1257664874231617,0.0011908681611730529,25.0,0.007415560216960766,1.1629537548825393
46,1.118386452848261,0.001191572143663385,25.0,0.007412186188792641,1.1555879455434077
47,1.10371424247035,0.0011822427534336354,25.0,0.007995933756049125,1.1412662429203517
47,1.1214501738975042,0.0012181443001114739,25.0,0.007927122760924171,1.1598309070796557
48,1.1088656261206813,0.001192224423515802,25.0,0.007624354622879346,1.146295593329594
48,1.117068565918498,0.0012186051317257807,25.0,0.007921816563371872,1.1554555105820796
49,1.119626385886133,0.0011988548767607008,25.0,0.0072592977491768886,1.156857056338251
49,1.1143379776026134,0.0011946054003664852,25.0,0.007892406188237439,1.1520955156651047
50,1.1180246864494525,0.0011998630787048747,25.0,0.007480272811583497,1.1555015377735978
50,1.1245057133330936,0.0011978366216066736,25.0,0.007810117844392174,1.1622617500778598
51,1.104853458239131,0.0011757696064135603,25.0,0.00817428127156223,1.1424219780846645
51,1.1076781310158867,0.0011916673161686223,25.0,0.007645477366306972,1.145115295998521
52,1.1066159553932802,0.0011796800100242354,25.0,0.0075634675129410325,1.1436714227690081
52,1.1161056404893324,0.0012004193177486732,25.0,0.007849196518875818,1.153965322812019
53,1.118730130224001,0.00120469783938634,25.0,0.007708333707081952,1.1565559108342442
53,1.107595784567421,0.0011938935150459036,25.0,0.00745892886912588,1.1449020527712201
54,1.109125648307345,0.0011861780500689607,25.0,0.008052633537106252,1.1468327323548264
54,1.1147073009888904,0.0012002392784788384,25.0,0.007931562512443006,1.1526448450786033
55,1.111552190496808,0.0011950416679610497,25.0,0.007690571352750772,1.1491188033705666
55,1.0990878285396666,0.0011645915847371465,25.0,0.007389704052114948,1.1355923228320621
56,1.1135223184963399,0.001197274244748287,25.0,0.0074400186559812195,1.150894191356149
56,1.1088409219917499,0.0012046768431413616,25.0,0.00780129857176389,1.1467591395788785
57,1.1076239139766284,0.0011839120545166684,25.0,0.007850086788240118,1.1450718003980869
57,1.1081182959540647,0.00119387227244484,25.0,0.00792861647897251,1.1458937208521622
58,1.1065743131683095,0.0011896745925257983,25.0,0.007604904266669991,1.143921084506415
58,1.1113172289278868,0.001197613723943461,25.0,0.007740708276555746,1.1489982792227673
59,1.1138363470610115,0.0011906836016980491,25.0,0.007558242246444139,1.151161679504595
59,1.113050905634745,0.0012170904195544755,25.0,0.007679240522365704,1.1511574079521554
60,1.1068422453540363,0.0011822310013559526,25.0,0.007840234929980915,1.1442382569518386
60,1.107153653955916,0.0011918604515691212,25.0,0.007854308959756171,1.1448044705619083
61,1.099083921078566,0.0011739142916747647,25.0,0.008017641009300556,1.1364494212202922
61,1.110126479286567,0.0012015395984359236,25.0,0.00777296441316,1.1479379331297408
62,1.089278462813014,0.0011593258651416926,25.0,0.007808483277802311,1.1260700938247499
62,1.1075540836500382,0.00121090024633851,25.0,0.007588188000565711,1.1454147777580135
63,1.1016392776106878,0.00117578316073718,25.0,0.007954615438334768,1.138988471970069
63,1.1068973378056572,0.001186245526990942,25.0,0.008034256047990528,1.1445877312194734
64,1.1003057692102145,0.0011780398631377283,25.0,0.007848629961345959,1.1376053969729203
64,1.087009185111608,0.0011578759038626373,25.0,0.008037578159507569,1.1239936586496084
65,1.0960530233269374,0.0011799059187140991,25.0,0.007740413459453527,1.1332910867465709
65,1.099883944509132,0.0011979970264579414,25.0,0.00775599564563786,1.1375898664647883
66,1.1081080097330815,0.001194767748842876,25.0,0.008162479286759415,1.1461396824800227
66,1.1044428842408316,0.0011722866484584907,25.0,0.007550001180996853,1.1413000509852456
67,1.1005036959738743,0.0011848342763796458,25.0,0.007909121406054447,1.1380336712913106
67,1.1033194822540193,0.0011612498706771888,25.0,0.007682964221227055,1.1400336955901846
68,1.1122529495275761,0.0011964684700967664,25.0,0.007491449367045536,1.1496561128271825
68,1.1074136802128383,0.0011760334493287484,25.0,0.0074802522281450885,1.144294769849096
69,1.0956353214368866,0.0011796922447732494,25.0,0.008020120282416816,1.1331477484634618
69,1.0976394580233664,0.0011903623511898332,25.0,0.007980509958828666,1.1353790276107334
70,1.0982246753139542,0.0011725512087047277,25.0,0.008258174420256604,1.1357966339958028
70,1.103233978258966,0.0011955313413011617,25.0,0.007475974759796017,1.1405982360919507
71,1.0968388634068624,0.0011867373752812412,25.0,0.008178522270948936,1.1346858226117633
71,1.0940205895815374,0.0011662880946056327,25.0,0.007801207593755534,1.1309790035136276
72,1.102926980100927,0.001185369780883082,25.0,0.007692377132895801,1.140253603032657
72,1.0973034648317623,0.0011633676156012293,25.0,0.008067426665502461,1.13445508147362
73,1.1016490477891194,0.0011857266580807932,25.0,0.008015874475573323,1.1393080893016996
73,1.0919223385096166,0.0011699268146921483,25.0,0.007839522034714448,1.1290100295105527
74,1.0827095044510706,0.0011514695103479816,25.0,0.007612404455098191,1.1191086507978893
74,1.0941762242998396,0.0011869192625107688,25.0,0.008063850041833662,1.1319130546989895
75,1.102544398960613,0.0011912294754958047,25.0,0.007660903019409272,1.1399860402657873
75,1.0880637523367536,0.001161012923617443,25.0,0.0077588680994248,1.1248479459783156
76,1.0914632915031341,0.001172773210592346,25.0,0.008201595277725054,1.1289842161394301
76,1.084627891781791,0.0011706470851097388,25.0,0.008224963580051477,1.1221190335357958
77,1.0832122638112023,0.0011525671937436398,25.0,0.007614140912690865,1.1196405814517112
77,1.0878978460317565,0.0011745858264649066,25.0,0.007968963534914933,1.1252314520024118
78,1.0913296125280603,0.0011765083986347775,25.0,0.007794772068507563,1.1285370899775815
78,1.089698336716199,0.0011864083411082013,25.0,0.008183098520398993,1.1275416477483327
79,1.0933301570869627,0.001174356354126108,25.0,0.008383840898473171,1.1310729059435072
79,1.100078268665687,0.0011976646420713691,25.0,0.007835497514529239,1.1378553802756535
80,1.0970356768085843,0.0011855929536977784,25.0,0.007744456963458409,1.134419956661406
80,1.0830197440522709,0.0011862993984523287,25.0,0.008153483615274671,1.1208307114229248
81,1.0879281702360275,0.0011750964056378172,25.0,0.007570984676093539,1.1248765653243782
81,1.0940808982439427,0.0011946240932206114,25.0,0.007890273561825652,1.1318367745256082
82,1.081967852991919,0.001158607486084766,25.0,0.008018802962019187,1.1189518450694893
82,1.0900018901836277,0.0011838931992518408,25.0,0.00802800282526257,1.127627226207715
83,1.1025488213801893,0.0011846617118880206,25.0,0.007628063107741169,1.1397934248781545
83,1.096935649287133,0.0011969733488513157,25.0,0.007983136643278634,1.1348431202627363
84,1.0836453572946971,0.0011820177534991889,25.0,0.008006472324481265,1.1212022744101386
84,1.0853373413994198,0.0011797459389310374,25.0,0.0075052098847836965,1.122336198460488
85,1.0794471898724518,0.0011583798489065492,25.0,0.007815778243848766,1.1162224639906169
85,1.080956124178265,0.0011630191224313792,25.0,0.008145807027263313,1.1181774085347578
86,1.087685585446709,0.0011642237749413063,25.0,0.00778471304141339,1.1245758959629757
86,1.0871381989547184,0.0011686973856523677,25.0,0.007585616193578712,1.123941247236161
87,1.1001227820146111,0.001195070518563986,25.0,0.007784966514346294,1.1377845098598554
87,1.0807261360543114,0.0011662388583534352,25.0,0.007863289725944578,1.1177454003265925
88,1.091657932184088,0.0011793628896060102,25.0,0.00806619210839006,1.129208194105189
88,1.0861732383569083,0.0011851141308960949,25.0,0.008141268691646733,1.1239423614172708
89,1.0926605269065095,0.0011705522624706084,25.0,0.007602773359567458,1.1295271075536406
89,1.0849071052812396,0.0011729871853493109,25.0,0.007963741295749232,1.1221955306473232
90,1.0750379468489946,0.0011522956423101356,25.0,0.00821612450307533,1.1120614590109958
90,1.071720004648041,0.0011670204183510382,25.0,0.008270373658084636,1.1091658900582593
91,1.088703055750756,0.0011819922706871736,25.0,0.007710740104362014,1.1259636045921417
91,1.0807975352806236,0.0011701277989381812,25.0,0.008143193737508147,1.1181939234312508
92,1.085109447664748,0.0011754484273724453,25.0,0.007957251625789023,1.122452912154232
92,1.0864359776273833,0.001179958457657334,25.0,0.00785542451965496,1.1237903612894773
93,1.074769826663707,0.0011536180083962216,25.0,0.008290285396840878,1.1119005645943143
93,1.0940037502024793,0.0011867951736635437,25.0,0.008158216330162772,1.1318318441261255
94,1.0794256710778558,0.001146945352557722,25.0,0.00795999021538331,1.1160592978068924
94,1.0873188438869659,0.001183723182059891,25.0,0.0081224240445798,1.1250343490214574
95,1.0830618741973204,0.0011751708626827149,25.0,0.007705211108450407,1.120146355367219
95,1.077731802560496,0.0011607306710283971,25.0,0.008609623480565917,1.1153596951202913
96,1.0877304571015494,0.001180906577099536,25.0,0.008291682518375594,1.1255448046184722
96,1.0921540361315651,0.0011786281795664367,25.0,0.008070272764164358,1.1296900081179306
97,1.0910253055852737,0.0011935880141756476,25.0,0.008239002309638071,1.1291040119966624
97,1.0858208329410144,0.0011681057972586792,25.0,0.008166455469252031,1.1231899328334234
98,1.0825352394210979,0.0011621196895975593,25.0,0.008094378182473359,1.1196826061940706
98,1.0892485778956187,0.0011870487590342582,25.0,0.007850522256921977,1.1267753222158976
99,1.0771976679634312,0.0011510262744873984,25.0,0.008190966040922457,1.1141642868660409
99,1.069785587418647,0.0011439291220518672,25.0,0.008156578662982654,1.1065403926230613
100,1.0799917143015634,0.001161434112041856,25.0,0.00848403289648039,1.1175116026685352
100,1.070289399207494,0.001162926789398782,25.0,0.007963077762859325,1.1073256454399327
101,1.0745172477957754,0.0011566718279150694,25.0,0.00821238730518665,1.111646431571231
101,1.076064345879214,0.001167821306721418,25.0,0.008124556470595833,1.113384434509845
102,1.0816208656496786,0.0011509571031162917,25.0,0.008428423864559012,1.1188232117197576
102,1.081116457141581,0.0011724840950115495,25.0,0.007954023473541297,1.1183825824941909
103,1.0663571139176686,0.0011381910790251347,25.0,0.007931588744256823,1.102743481454395
103,1.0719141821445883,0.0011637911219555476,25.0,0.008531115456264208,1.1095400714362151
104,1.0799043845562708,0.00117437630313881,25.0,0.007912469618133314,1.1171762582801636
104,1.080421703243028,0.001173061383293546,25.0,0.0081890238013323,1.1179372614209577
105,1.0902375561850413,0.0011839210752874524,25.0,0.008499976695470866,1.1283355623483657
105,1.0853150355277887,0.0011915134329203905,25.0,0.007772754083637529,1.1228756280239858
106,1.0801260797750383,0.00116747385708593,25.0,0.008364998752118222,1.1176779243208113
106,1.0728215175015585,0.0011572120508173524,25.0,0.008014157565499079,1.1097659739710035
107,1.0838307114649839,0.0011704367937491389,25.0,0.008209677851115156,1.1213013116367638
107,1.0808158204669045,0.0011800539151105719,25.0,0.008172655095612364,1.1184898270737558
108,1.074696957994075,0.0011560880398887787,25.0,0.008154332153831741,1.1117534873741013
108,1.0819775679799992,0.001180335047748162,25.0,0.008401917113071231,1.1198878604074083
109,1.075793098293796,0.001166196597163812,25.0,0.008334870964204247,1.1132828839354412
109,1.0715975891666005,0.0011431188299790723,25.0,0.00861199329399245,1.108787551628439
110,1.0877965749584297,0.0011760655199089076,25.0,0.007693423249431379,1.1248916374815898
110,1.0651865005493164,0.0011556040025122152,25.0,0.008483400035073006,1.1025600006892569
111,1.0806522073485223,0.0011609422838378413,25.0,0.008077025837143285,1.1177527886105263
111,1.0727623581886292,0.0011541660236876591,25.0,0.008063392428725603,1.1096799001807258
112,1.0782788258550287,0.001170129562584869,25.0,0.007898928790857613,1.1154309906189346
112,1.0853262342388135,0.0011724032853954519,25.0,0.00809548671973029,1.1227318022160087
113,1.0793039211914652,0.0011612687568967452,25.0,0.008232581137036461,1.1165682206551233
113,1.085546867052714,0.0011842114912551118,25.0,0.008660713531121257,1.123812869049254
114,1.0842154803730193,0.0011695684852644002,25.0,0.007866126370971047,1.1213208251056217
114,1.0752364501817209,0.0011662572013676573,25.0,0.00832261966879871,1.1127154974359799
115,1.0742894687822886,0.0011659651511720204,25.0,0.00838105024304241,1.1118196512971605
115,1.078816316099394,0.0011731372138629446,25.0,0.008190518258959941,1.116335265977042
116,1.0684336312026705,0.0011486349349610304,25.0,0.008527510308366348,1.1056770146459411
116,1.0692058625255394,0.0011647173067663745,25.0,0.00846466584951308,1.106788463268189
117,1.080401707022742,0.0011853097742401187,25.0,0.008256091186410007,1.1182905465435584
117,1.0746615672737432,0.0011651592421109804,25.0,0.008194451282014247,1.111985001472983
118,1.0728663174878983,0.0011333257708992322,25.0,0.008196452077079032,1.109395912644409
118,1.06755456887628,0.001160963885723934,25.0,0.008004939583442096,1.1045836114685212
119,1.0663454908700216,0.0011520808792002278,25.0,0.008201089152689314,1.1033486024254844
119,1.0675711664415541,0.0011525255422817455,25.0,0.0077591997299653786,1.104143502740633
120,1.0591914323191745,0.0011279080337551677,25.0,0.00860333059015164,1.0959924618025574
120,1.0836246083556758,0.0011693059317949691,25.0,0.008147856068600993,1.1210051150683542
121,1.0652419607554162,0.0011513524929233382,25.0,0.007963108930492862,1.1019888821811903
121,1.0733364583191713,0.0011562131907624277,25.0,0.008178500432115031,1.1104202904689933
122,1.0715464883616992,0.0011618813088889943,25.0,0.00818288895728377,1.108776410136904
122,1.0665509578017962,0.0011549285361460145,25.0,0.007971334695771692,1.1033955044689632
123,1.083834770441619,0.0011477061482250963,25.0,0.008170017256482942,1.1206974397032536
123,1.0627776915118807,0.0011455725643567608,25.0,0.008220244853735147,1.0996372472672236
124,1.075760971172161,0.0011461438150178218,25.0,0.008315244181990906,1.1127298140977797
124,1.0761755083349143,0.001150677267366892,25.0,0.008045865472786642,1.1129883076119593
125,1.0690091242392858,0.0011442061783912192,25.0,0.008916377391488779,1.1065306554238001
125,1.0649702976548474,0.001146170882936213,25.0,0.008467682116308788,1.102092255818306
126,1.0579649153344706,0.0011361990647441365,25.0,0.008216058633526932,1.0945859520282428
126,1.0685000617826919,0.0011577669319153636,25.0,0.008496894356252675,1.105941131392454
127,1.0827438029504957,0.0011494006896446947,25.0,0.008618228939095779,1.1200970499288467
127,1.0667284856239954,0.001157732463200643,25.0,0.008073349564801902,1.103745145882879
128,1.0788079925236247,0.0011603907348693436,25.0,0.00815684897825122,1.115974611185846
128,1.0595897008975348,0.0011545412674119385,25.0,0.00862277581112548,1.0970760077238082
129,1.0789783133008468,0.0011518757664946116,25.0,0.008345947759248034,1.1161211532015372
129,1.0624579975554043,0.0011443839662303515,25.0,0.008115868806958446,1.099183465621817
130,1.080723282850184,0.0011653500909517603,25.0,0.008505004873031406,1.1183620377739458
130,1.0762113742885135,0.0011610026341042526,25.0,0.008535582921467721,1.1137720251367205
131,1.0708153962243534,0.0011480457356406583,25.0,0.008360365326417254,1.1078769033400444
131,1.062602307904078,0.0011311423482407645,25.0,0.008735373919285533,1.099616240010975
132,1.0938447831362275,0.0011831027936912639,25.0,0.008006628494899977,1.1314289787885978
132,1.0653872534632682,0.0011559029220647755,25.0,0.00823969974936474,1.1025245253528868
133,1.0701067238622368,0.0011363230132960197,25.0,0.00827456922468981,1.1067893712017773
133,1.0741931098557653,0.0011747388579394845,25.0,0.008803575812462008,1.1123651548510507
134,1.0646384677716665,0.001141063908844011,25.0,0.008742379190378069,1.101907441871507
134,1.0571697784716048,0.001126880786476232,25.0,0.008101634649701435,1.0934434326414257
135,1.0768578960782005,0.00116866758332998,25.0,0.007954564055849222,1.1140291543233962
135,1.0684027022221974,0.0011504771207579265,25.0,0.008160127652148512,1.1053247554646035
136,1.0848417940593902,0.0011785526692013567,25.0,0.008050834202939379,1.1223564475774765
136,1.0649919006575315,0.0011462794346242674,25.0,0.00836548520718876,1.102014372297817
137,1.055175365291695,0.001124810231581326,25.0,0.008140373510483325,1.0914359943600562
137,1.0719139575958252,0.001153701699606361,25.0,0.008105990829179614,1.1088624920687213
138,1.0642768409359766,0.0011511050440390946,25.0,0.008083045750307782,1.1011375142814428
138,1.0564865239319348,0.0011347469706032868,25.0,0.008312651344818905,1.093167850800923
139,1.080031180608301,0.001170035399941201,25.0,0.008062963147211883,1.11734502743089
139,1.0660957460448748,0.0011601577424571459,25.0,0.007966025741306308,1.103065714700205
140,1.06027481821476,0.0011426336586478683,25.0,0.00842685708875428,1.0972675144389907
140,1.060304635918905,0.0011480109435130096,25.0,0.007934171706438065,1.096939081958807
141,1.0722347693561942,0.001159509987985799,25.0,0.008561999204908431,1.1097845178786048
141,1.0694331598253544,0.0011645044855338757,25.0,0.00852172216068679,1.1070674928237028
142,1.056295859275691,0.001138428195004712,25.0,0.008847340306537027,1.0936039043435575
142,1.0555271429856996,0.0011359022515759563,25.0,0.008696425582819802,1.0926211244136874
143,1.0565061452411415,0.001142928441914546,25.0,0.008767181546195033,1.0938465406945652
143,1.0655410791177886,0.0011494231280115967,25.0,0.008545829484711503,1.1028224899305552
144,1.0588328422106927,0.0011347391595759799,25.0,0.008176300991569909,1.0953776189380473
144,1.0736279435225733,0.0011672027719609724,25.0,0.008117624496567702,1.1109256401764243
145,1.0626523554042617,0.0011201426621319029,25.0,0.008429007196712851,1.099084926160026
145,1.0681909349574863,0.001152812163342757,25.0,0.008026947690531505,1.1050381900574924
146,1.0715243359829516,0.0011567464587526357,25.0,0.007975221037463974,1.1084182203238737
146,1.068227902019392,0.0011472023066493844,25.0,0.008340352217085005,1.1052483059731346
147,1.0613359323569707,0.0011424627272866754,25.0,0.00805135280714326,1.0979488514718556
147,1.0708021895156652,0.0011622250611563897,25.0,0.008448866655568977,1.1083066822228274
148,1.0614854608465543,0.0011400940312728542,25.0,0.008280781259751412,1.0982685945662636
148,1.0688405321499514,0.001149287210354878,25.0,0.008198351411241816,1.1057710636964604
149,1.0667090403212505,0.0011450347196528658,25.0,0.008880054437159396,1.1042149631824176
149,1.0603042567651983,0.0011306860407905971,25.0,0.008391303146562553,1.0969627106924194
150,1.0715092825946084,0.001175853322117735,25.0,0.0084815071023983,1.1093871187401043
150,1.0668726370906603,0.0011648075325904534,25.0,0.007737435314211455,1.1037302607595212
151,0.9985397361802941,0.0009896471826005683,25.0,0.00787503979137862,1.0311559547013172
151,0.9938075873036283,0.00103919992546635,25.0,0.008150485038398953,1.0279380741425195
152,0.9689645453725221,0.0009729837302589693,25.0,0.008298585274836645,1.0015877246997267
152,0.9642361648521334,0.0009752464347397074,25.0,0.00869036451166601,0.9973076903876269
153,0.9535408259139342,0.0009540651167866171,25.0,0.009423266254255876,0.9868157225496629
153,0.945346042619032,0.0009449268491966102,25.0,0.009058648184873164,0.978027861959794
154,0.9517075137493196,0.0009519648994742718,25.0,0.008924701958326316,0.984431340311055
154,0.9435943971661961,0.0009408933122176677,25.0,0.009089851628112442,0.9762065784370197
155,0.9443017012776344,0.0009493477754715716,25.0,0.00911250844173693,0.9771479042203214
155,0.9368573624483296,0.0009513724658981472,25.0,0.009352114379510914,0.9699937840442703
156,0.941758619157921,0.0009484559672905412,25.0,0.009532028801538086,0.975002045222851
156,0.9339082389719346,0.0009370506723644212,25.0,0.009469850319163765,0.966804355242673
157,0.9344601165240919,0.0009284394544121884,25.0,0.009271298295778918,0.9669424000200532
157,0.9315975407059763,0.0009351951066577291,25.0,0.009833127477735352,0.964810547554437
158,0.9269163835916161,0.0009120775151264333,25.0,0.009485775287298074,0.9592040991279441
158,0.9244535994221906,0.0009192268127679908,25.0,0.009558173715784062,0.95699244275899
159,0.9177114140119911,0.0008990337075818627,25.0,0.010230685438318047,0.9504179439634225
159,0.9312486503745468,0.0009189593033390142,25.0,0.009984784775977614,0.9642074142403446
160,0.925163242241817,0.0009161210300611327,25.0,0.009895023776968588,0.9579612910049582
160,0.9186557051867456,0.0008993581545294374,25.0,0.009461974930694322,0.9506016338737006
161,0.919940534743548,0.0009123802784379393,25.0,0.009554855667536673,0.9523048948767034
161,0.911487131333742,0.0008963020631906618,25.0,0.009608266663037468,0.9435029513523226
162,0.914718360336938,0.0008816625715033817,25.0,0.009818334088266,0.9465782566986263
162,0.9102388718089119,0.0008936526475812851,25.0,0.01026187188088004,0.9428420561677678
163,0.9121505558071985,0.0008900660449413766,25.0,0.00973394621148339,0.9441361526415555
163,0.9160059652786344,0.0008951467733497053,25.0,0.009915708372286527,0.9483003429981249
164,0.9096957933707316,0.0008974366335580518,25.0,0.010352329456245209,0.9424840357041191
164,0.9231393658305219,0.0009109972271658218,25.0,0.009866540208437089,0.9557808350064995
165,0.9180590010638539,0.0009134646302481144,25.0,0.01012147110734196,0.9510170881586276
165,0.9089009601657636,0.0008835451173802531,25.0,0.010609793762902721,0.9415993822094436
166,0.9100361203630858,0.0008945913670954798,25.0,0.010152945953118124,0.9425538509246616
166,0.9112293299383525,0.0009044346719474773,25.0,0.009899905398575288,0.9437401020415215
167,0.9070406417562583,0.0008803363146220125,25.0,0.01006024514181348,0.939109295119192
167,0.9059201837560841,0.000876395909820692,25.0,0.009990452850785838,0.9378205360235455
168,0.9007769654565883,0.0008681086175920002,25.0,0.010496859249406468,0.9329765424410873
168,0.8991186190570626,0.000864776620784422,25.0,0.010154885827415736,0.9308929206611954
169,0.904238866380999,0.0008814447629387886,25.0,0.010146539996130062,0.9364215217043306
169,0.9151558731203882,0.0009154156006129555,25.0,0.010251106738948445,0.9482923721041635
170,0.9043946621991764,0.0008940515267185619,25.0,0.010352673910984718,0.9370986251073463
170,0.9019023946651789,0.0008672451211202664,25.0,0.010315094679533112,0.9338986161295498
171,0.9030122829374866,0.000876164637013963,25.0,0.010820257103192472,0.9357366550748594
171,0.9022264921010654,0.0008776156144313488,25.0,0.010391811183632011,0.9345586946077435
172,0.8918391063670131,0.000868363777469576,25.0,0.01071144540078294,0.9242596489803814
172,0.8941592706419598,0.0008626589074890808,25.0,0.010883839594235068,0.9266095810404448
173,0.902538895189205,0.0008826133632631515,25.0,0.010491224510103429,0.9350954553234243
173,0.8973788796882807,0.0008688775772928415,25.0,0.010677748157301948,0.9297785660325786
174,0.8994411193963253,0.000871057599950647,25.0,0.010374067708337572,0.9315916282452625
174,0.903481290056989,0.0008805800279309878,25.0,0.010538083940770451,0.9360338737080981
175,0.8975008719853151,0.0008693539249375093,25.0,0.010265696156230346,0.9295004157819481
175,0.892550351742272,0.0008595310410383488,25.0,0.010182267019555635,0.9242208949594855
176,0.8937947279381975,0.0008662355263776224,25.0,0.010155472916955668,0.9256060922117991
176,0.8936412803359799,0.0008598242081158484,25.0,0.011205881925751313,0.9263427679911083
177,0.8928492622119244,0.00085737787608153,25.0,0.010753447465733494,0.9250371582179426
177,0.8919040736479636,0.0008599081420025404,25.0,0.010970718910622396,0.9243724949154265
178,0.897678503484437,0.0008768731768765119,25.0,0.010025608608942036,0.9296259425736807
178,0.9051508962552308,0.0008731273872713235,25.0,0.009751978804116379,0.9367310614574761
179,0.8963913622991744,0.000861917374122916,25.0,0.010649913878533946,0.9285892089069029
179,0.8913524538486988,0.0008539577732638767,25.0,0.010602189391300013,0.9233035887037957
180,0.8918563313000686,0.0008531892818378693,25.0,0.011386901829478555,0.9245729650650825
180,0.8949242619089869,0.0008624810588411501,25.0,0.01056074476388385,0.9270470334794416
181,0.891234275483307,0.0008639849153266447,25.0,0.01071698216196054,0.9235508789271464
181,0.8798967169853913,0.0008389958417795312,25.0,0.011489317692178008,0.912360929873162
182,0.9018849783288293,0.0008688033418675628,25.0,0.010772715163111062,0.9343777750477646
182,0.8911157817273707,0.0008527637224403994,25.0,0.011056818438711249,0.9234916939463093
183,0.896093249598861,0.0008526791331408727,25.0,0.010704604262976727,0.9281148313086628
183,0.8961306650599677,0.0008639873366771452,25.0,0.011209828796468693,0.9289401786310689
184,0.8878593570563621,0.0008383898162456677,25.0,0.0106938757389862,0.9195129794257504
184,0.8948206966851419,0.0008564320034909199,25.0,0.010697141814529722,0.9269286401066191
185,0.8966804280147685,0.0008656587037865706,25.0,0.010488557850177854,0.9288104526646488
185,0.8858285087805527,0.0008449143769994535,25.0,0.010965491055091951,0.9179168607527282
186,0.8902048897215259,0.0008452475742037497,25.0,0.01042166809466752,0.9217577473128037
186,0.8924506136448511,0.0008606158740095857,25.0,0.01080803829842271,0.924774046197082
187,0.8812506976244333,0.0008340194152240991,25.0,0.010874886599766624,0.9129760692586432
187,0.8907999984728985,0.0008553399463289467,25.0,0.010831267210396575,0.923014765644407
188,0.8815200488606255,0.0008346458603174801,25.0,0.011285194186037862,0.9136713886316562
188,0.8902573844630679,0.0008446705938517148,25.0,0.01094885620436173,0.9223230068500226
189,0.8922397491537329,0.0008481934514398185,25.0,0.010617752003186058,0.9240623358246329
189,0.8874860780876737,0.0008462868485028509,25.0,0.011279728629647993,0.9199229768542356
190,0.881477539772754,0.0008283368935824821,25.0,0.011043573012749181,0.91322953418974
190,0.8852149558621784,0.000845737612825212,25.0,0.011274004920905585,0.9176324012667634
191,0.8855508186096369,0.0008390524063521974,25.0,0.01067958206024974,0.9172067086363948
191,0.8808126518359551,0.0008377640346721323,25.0,0.011186816665020473,0.9129435697218755
192,0.8869335722784664,0.0008502874076014471,25.0,0.011141784746892924,0.9193325434313264
192,0.8874241471983666,0.000838335343605438,25.0,0.01067073290875225,0.9190532629573068
193,0.880181043993595,0.0008505928419126999,25.0,0.010904633832911332,0.9123504994220512
193,0.880114404268043,0.0008330467370945181,25.0,0.011010308535011528,0.9119508839623872
194,0.8867180371007254,0.0008352229028512442,25.0,0.011135196746976743,0.9187338094378626
194,0.8850188257389291,0.000845761064996369,25.0,0.010766012578401282,0.9169288633867752
195,0.8855848105840904,0.0008459603334749984,25.0,0.011128050084550714,0.9178618686143742
195,0.8830018449661343,0.0008408998981521595,25.0,0.011249369024948845,0.9152737128873204
196,0.8849232378394105,0.000836444111015691,25.0,0.01115421550510841,0.9169885542503623
196,0.8776898009139438,0.0008350397253728493,25.0,0.010802182577398801,0.9093679755233055
197,0.8765588071457175,0.0008205351561205029,25.0,0.011193568708894904,0.908265752224035
197,0.8745995813330939,0.0008246237119364682,25.0,0.01113228486406855,0.90634745809921
198,0.8753682456737341,0.0008257890919827163,25.0,0.011229845838144768,0.9072428196668625
198,0.8811410897692968,0.0008442366465947829,25.0,0.010826468475834402,0.9130734752777011
199,0.8855646538873051,0.0008457705043499943,25.0,0.011040804465301335,0.9177497204653052
199,0.8839613559634186,0.0008396387071454313,25.0,0.011533129380658529,0.916485454315363
200,0.8873404405837835,0.0008510053516866444,25.0,0.011133833847896651,0.9197494091682656
200,0.8803345683009125,0.0008373249590201954,25.0,0.01102828365035875,0.9122959744791652
201,0.8903364685732265,0.0008450967081359501,25.0,0.01093036098578988,0.922394248358039
201,0.8787367264198702,0.0008307677299748067,25.0,0.010964983335674501,0.9104709040980007
202,0.882341418917789,0.0008434120725723914,25.0,0.011103244894725639,0.9145299673773521
202,0.8770824982676395,0.0008370754980078769,25.0,0.011542023346369524,0.9095514099958331
203,0.8717373525680497,0.0008303966348500771,25.0,0.011130167200056792,0.9036274359669796
203,0.8712635377118754,0.0008112913640256603,25.0,0.011006019225474013,0.9025518404883007
204,0.8830859859322393,0.00084699622438652,25.0,0.011288833149795442,0.9155497246703436
204,0.8771847819173059,0.0008237430432589378,25.0,0.011034118463176973,0.9088124752737755
205,0.8817778971999191,0.0008400026628636581,25.0,0.011721776283974217,0.914499740475832
205,0.8790770378223686,0.0008277229468275923,25.0,0.011178931000447551,0.9109490435483844
206,0.8817430722159009,0.0008311921350934088,25.0,0.010566446381122913,0.9130893237369005
206,0.8680874394816022,0.0008126509797198936,25.0,0.01125200579137823,0.899655715046927
207,0.8788696607878042,0.0008271635723229887,25.0,0.0111871367634469,0.9107358867345854
207,0.8707750630933185,0.0008214452653022775,25.0,0.01149315151580891,0.9028043464865796
208,0.8717772001443908,0.0008122212916469137,25.0,0.011656131065818805,0.9037388608899227
208,0.8717901761448661,0.0008249486300777536,25.0,0.010971672944507974,0.9033855631600979
209,0.8799247491498327,0.0008301023681523539,25.0,0.010951462096729597,0.9116287687490153
209,0.8733841984771019,0.0008226189538660503,25.0,0.010956858958355908,0.9049065314060034
210,0.8775301985962446,0.0008290953222164061,25.0,0.010674659355521894,0.9089322393716768
210,0.8701868577752002,0.0008184638586393449,25.0,0.011239989167404209,0.9018884451583374
211,0.8769273159115814,0.0008313555918162862,25.0,0.011205397939396112,0.9089166032713513
211,0.8708083683668181,0.0008164378197127304,25.0,0.011381580554988495,0.9026008966357209
212,0.8696439221847889,0.0008182892513252946,25.0,0.010982715273492557,0.9010838698509127
212,0.870430648534797,0.0008273941939520693,25.0,0.011159806982830686,0.9022753116003303
213,0.8767273374768191,0.000831116163909576,25.0,0.011365578819586095,0.9088708187258521
213,0.8707643708607437,0.0008136563629302004,25.0,0.011490385397607482,0.9025961656443204
214,0.8720516312841473,0.0008201410287541171,25.0,0.011390351686570491,0.903945508246632
214,0.8754661736793297,0.0008298693730382162,25.0,0.010749693337264795,0.9069626006969186
215,0.879106841341802,0.0008301942115565849,25.0,0.011118896293136228,0.9109805910880494
215,0.8778300103060035,0.0008217974799769107,25.0,0.011149451342346363,0.909524399180745
216,0.8652617297288713,0.0008074808851605078,25.0,0.01112216158031017,0.8965709142369627
216,0.8743114744507989,0.0008147405988068407,25.0,0.011462424187054641,0.9061424113983332
217,0.8759589485668527,0.0008314330707287433,25.0,0.011383018268946464,0.9081277921277243
217,0.8758135438658471,0.0008226082092394705,25.0,0.01127120370131939,0.907649953975234
218,0.8700573474861855,0.0008090033253105249,25.0,0.011596489166516032,0.9018789223460264
218,0.8790870521848551,0.0008273298272668825,25.0,0.010907743993731704,0.9106780416451031
219,0.8730279092445727,0.0008257914941529409,25.0,0.011473812219598211,0.9051465103078608
219,0.877968609609626,0.0008148816032991518,25.0,0.01124618930057158,0.9095868388765649
220,0.864728509757469,0.0008136889644535994,25.0,0.011764041006050814,0.8968347766006629
220,0.8672399645338479,0.0008058629906655283,25.0,0.011180019630075987,0.8985665589916734
221,0.8703851603023414,0.0008158824886878728,25.0,0.011388257217729625,0.9021704763934673
221,0.873082844605302,0.000817749575817668,25.0,0.011610530378413657,0.9051371151775882
222,0.8663389629526648,0.0008072197179538532,25.0,0.010639462003639948,0.897158917376724
222,0.8690926826055532,0.0008156323855961057,25.0,0.011433568229929062,0.9009170616585804
223,0.8807374026686852,0.0008302249785595338,25.0,0.011046264999656313,0.9125392908563194
223,0.8707826238497227,0.0008249058039872983,25.0,0.011316143414934799,0.9027214122205766
224,0.874265873307695,0.0008173609488582122,25.0,0.011629368264980079,0.9063292656033333
224,0.8730740498085863,0.00081206830921383,25.0,0.011408173206873809,0.9047839308282892
225,0.8740217115237375,0.0008217226673042393,25.0,0.011364530344124183,0.9059293073042363
225,0.8782592336982142,0.0008307501263543748,25.0,0.011036048156021296,0.9100640358061912
226,0.8703989170128674,0.000809014137478312,25.0,0.010918402741825222,0.9015426725633183
226,0.8645888152780776,0.000810240398068197,25.0,0.011584333335362773,0.8964291589027767
227,0.8631257892623025,0.0008098621217408617,25.0,0.011158685829261375,0.8945310272086248
227,0.8740749569337495,0.0008244480645465568,25.0,0.010892098458384417,0.9055782591107273
228,0.8836396437509983,0.0008222014288266196,25.0,0.011114375321129704,0.9153090550838656
228,0.8721562663391406,0.0008129849648759474,25.0,0.011192854073032598,0.9036737455707692
229,0.8696652612110854,0.0008154936645178906,25.0,0.011544547320328427,0.9015971501714393
229,0.8726803090622143,0.0008141284952617602,25.0,0.011137809762687977,0.9041713303313731
230,0.8715979490783541,0.0008045875398415679,25.0,0.011758852614470156,0.9034714886871126
230,0.8649350874938434,0.000804938481966133,25.0,0.011538192026939441,0.8965967428933164
231,0.8769223426583195,0.0008153526033836648,25.0,0.012243527631121937,0.9095496857525854
231,0.871921438213844,0.0008046761857199304,25.0,0.011352217535265741,0.9033905592705976
232,0.8760947489683146,0.0008205516480804548,25.0,0.011005936623194412,0.9076144753365395
232,0.8697007979566702,0.0008058384429013006,25.0,0.011604623057665584,0.9014513842467642
233,0.8674013896773973,0.0008079741538619501,25.0,0.01142627539398395,0.8990270202231795
233,0.8743873076759745,0.0008141060650206588,25.0,0.011341266092582845,0.9060812240894323
234,0.8651719564904746,0.000801417619032351,25.0,0.011526938263119443,0.8967343356520836
234,0.8596278280365495,0.000797066687623967,25.0,0.011673905124743048,0.8912284031268339
235,0.8694513022484747,0.0008126049397190225,25.0,0.011791841785494766,0.9015582667149413
235,0.8661683705870901,0.000808080040923754,25.0,0.010919517154098767,0.8972898922912482
236,0.8701415870278175,0.0008175061577947253,25.0,0.01130320331818595,0.9018824463515713
236,0.8731571039716495,0.0008140589962937608,25.0,0.010918623948223422,0.9044272015930052
237,0.8635141092359052,0.0008044857694524321,25.0,0.0117908146695867,0.8954170698217893
237,0.8692153011839794,0.0008153467823137051,25.0,0.011476511987609024,0.9010754837514077
238,0.867668817256277,0.0008174914296696464,25.0,0.011781435908766987,0.89988753745838
238,0.8642593671301955,0.000807422309818952,25.0,0.011801717535207985,0.8962466400073466
239,0.8678340799155755,0.0008117397326064186,25.0,0.01136845369442969,0.8994960272533434
239,0.8693533293608999,0.0008093157620817474,25.0,0.011254477512367985,0.9008407002950213
240,0.8651163698349088,0.0007962324937658056,25.0,0.01133436104714905,0.8963565437810327
240,0.8623117631659983,0.0007909639894688425,25.0,0.011872930354989736,0.8939587953748946
241,0.8712446558226565,0.0008137915000844025,25.0,0.011449312150538866,0.9030387544023465
241,0.8737878052651744,0.0008269330473859004,25.0,0.011608680601074013,0.9060698119780857
242,0.8605289515237521,0.0007988344811782535,25.0,0.011853657048649378,0.8923534707375856
242,0.8720448708589559,0.0008074023520529137,25.0,0.011533462371149914,0.9037633919937151
243,0.8683340995466626,0.0008120057589710494,25.0,0.012168942970113523,0.9008031879527939
243,0.8646577999790971,0.0008007786723567938,25.0,0.011705795719489247,0.896383061555588
244,0.8643647306479877,0.0007962851300014489,25.0,0.011703777053499304,0.8959756342828136
244,0.8654942294007941,0.0008026071138201355,25.0,0.01176060213958045,0.8973200088172391
245,0.869273717331499,0.0008135490158825071,25.0,0.011310566714781136,0.9009230084319679
245,0.8613646142444036,0.0007937925464030423,25.0,0.01150099104951004,0.8927104182005482
246,0.8676975027867647,0.0008143114300891476,25.0,0.011349107976138523,0.8994043946542762
246,0.865334526118305,0.0007933212526175474,25.0,0.011633673377757616,0.8968012299802568
247,0.8713354836207254,0.0008009084185497325,25.0,0.011752425713503514,0.903110618381102
247,0.8608257058593962,0.0007940631347891111,25.0,0.011494452804779738,0.8921717395661054
248,0.8711999383651547,0.0008072969824381828,25.0,0.012253220041640344,0.903635581334432
248,0.8643545364559112,0.0007973522781607805,25.0,0.011470949817492072,0.8957592950066392
249,0.8735509234722014,0.0008144561851690081,25.0,0.01153749199066725,0.9054498204754459
249,0.8690448259865796,0.0008003437439280484,25.0,0.011346918915579509,0.9004003383495189
250,0.8700892420278655,0.0008015926770423431,25.0,0.011460819255228637,0.9015898796281329
250,0.876082344702391,0.0008156184801775659,25.0,0.011499710848853165,0.9079725149750986
251,0.8757374024501553,0.0008173264356493612,25.0,0.011659730883332452,0.9078302964982059
251,0.867073661889191,0.0008075810845319345,25.0,0.01108009434042119,0.8983432857526673
252,0.8654211333228482,0.0008038472184731896,25.0,0.011877053000649472,0.8973943684250116
252,0.8652858427829213,0.000797425486881467,25.0,0.011828444553733183,0.8970499253935285
253,0.86594216166823,0.0008045398614100392,25.0,0.011530424308687172,0.8975860829016676
253,0.8689241336865557,0.0008172979051542589,25.0,0.01169316813239776,0.9010497479941006
254,0.870838542641313,0.0008014211628472333,25.0,0.011553508036067124,0.90242758034556
254,0.87139849530326,0.0008062109829417615,25.0,0.011581170933722105,0.9031349385364188
255,0.8642882801316403,0.0007979924237386311,25.0,0.011629789445713093,0.8958678797439292
255,0.868350102669663,0.000804042465140945,25.0,0.011637150666232358,0.9000883123113049
256,0.8678157741410865,0.0007948153500668317,25.0,0.0117685425432649,0.8994546983804967
256,0.8639835896729319,0.0007976218640342941,25.0,0.011527376209010577,0.8954515115668377
257,0.86415286300083,0.0008067000252830676,25.0,0.011635501578523501,0.8959558687552258
257,0.8635127826559322,0.0007972490307616277,25.0,0.011530671719271966,0.8949746800655568
258,0.8564430628040874,0.000788800888602526,25.0,0.011418278067139909,0.8875813628719361
258,0.8729815140918449,0.0008055266365840065,25.0,0.011434793831776242,0.9045544738570849
259,0.8634545350516284,0.0007951810463661483,25.0,0.01128815115899434,0.894622214552429
259,0.8619176741965391,0.0007900557298617732,25.0,0.011712467791059882,0.8933815324885978
260,0.8657210389221156,0.0008047341928061171,25.0,0.011865090261886103,0.897704484148158
260,0.8668797393501909,0.0007942892752234238,25.0,0.011417883076959427,0.8981548533257511
261,0.8698674941918364,0.0008046024872951589,25.0,0.011445763757499797,0.9014283200656926
261,0.8625906683780529,0.0007875979775201779,25.0,0.011497226378263871,0.8937778446685385
262,0.8691298812627792,0.0008114967675754559,25.0,0.011592658931342023,0.901009956581725
262,0.8618941894146027,0.0007949292868134864,25.0,0.011506680611529629,0.8932741033948131
263,0.868426213523856,0.0008087551751251104,25.0,0.01170670486236405,0.9003518000245094
263,0.8595735450723657,0.000794265383370253,25.0,0.011872536114188497,0.8913027139173614
264,0.8682159490331456,0.0008100372322385536,25.0,0.01160357798734266,0.9000704583056547
264,0.8686931322294252,0.0008083787547884977,25.0,0.011639948087071793,0.9005425479263067
265,0.8641852441899203,0.0007918587934236038,25.0,0.011558153978613619,0.8955398669673337
265,0.8679388355877664,0.000804444449891485,25.0,0.012170604303483505,0.9002205513555694
266,0.8720789219218271,0.0008077486397639775,25.0,0.011486332912614604,0.9037589702617239
266,0.8629353888056897,0.000794227841955338,25.0,0.011944663786885535,0.8947357492590392
267,0.8608968478661997,0.000785134914234799,25.0,0.011620775853602768,0.8921459973962219
267,0.8713159112742653,0.0008114275782039234,25.0,0.011450088995237214,0.903051688094382
268,0.8648054357618093,0.0007979916992587312,25.0,0.011552157665223436,0.8963073871477887
268,0.8663658141675923,0.0008007767898258559,25.0,0.01142818184409946,0.8978134155687358
269,0.8714144993874547,0.000801051973197749,25.0,0.01151590271181842,0.9029567026926794
269,0.8613409922906646,0.0007949392562228173,25.0,0.011470856543854569,0.8926853306453537
270,0.8610026645301668,0.0008133831802802484,25.0,0.011413863349675753,0.8927511049227582
270,0.8709832784478311,0.000808276234474087,25.0,0.011701435628411774,0.9028916175442713
271,0.8550537770820988,0.0007801872080327248,25.0,0.011378682278316572,0.8859371422893472
271,0.862871799480032,0.0008013111696696056,25.0,0.01170267319388653,0.8946072520619189
272,0.8599892130328549,0.000794571930378475,25.0,0.011879822722726708,0.8917333316747789
272,0.8690294623374939,0.0008029300780199938,25.0,0.011831329283908147,0.9009340413742595
273,0.8741860777415611,0.0008150039684214453,25.0,0.011640135257578179,0.9062013116975626
273,0.862760319477982,0.0007883758957581853,25.0,0.011522873465394325,0.8939925898556356
274,0.8688572714174235,0.0008096003352033289,25.0,0.012063019426056632,0.9011603003298795
274,0.8518050963541975,0.0007895126849756774,25.0,0.011446827601132638,0.8829897400681619
275,0.8652772906201857,0.0008053633706637171,25.0,0.01126103582296141,0.8966724088208543
275,0.8718715268704627,0.0008146244367876703,25.0,0.011417308731728958,0.9036544457905822
276,0.8633340671658516,0.0007964914192160466,25.0,0.01160834309713984,0.8948546940529788
276,0.8661235471107668,0.0007952252112468274,25.0,0.012052865078410361,0.8980570418317103
277,0.8660320521226932,0.0007942624378833257,25.0,0.012179293318094545,0.8980679068086329
277,0.8696131890007309,0.0008073984807293741,25.0,0.011603609057074502,0.9014017623236218
278,0.8643698727505075,0.0007907407682944688,25.0,0.01149519252605926,0.895633582715635
278,0.8688017345328254,0.0007938623379479865,25.0,0.011437964083102057,0.9000862578046239
279,0.8628051688434345,0.0007981374065604655,25.0,0.011633654831592467,0.894392258575827
279,0.8620802883610681,0.0007907800306754696,25.0,0.011563283294823055,0.8934130723139754
280,0.8716161101712365,0.0008133923410793968,25.0,0.01155130299642751,0.9035022225033053
280,0.8680447742652673,0.0007992251488481225,25.0,0.011751847589005637,0.8997772499815696
281,0.8721648204243846,0.0008074553002357048,25.0,0.0113206886561346,0.9036718920149185
281,0.8615973367597218,0.000794857675423878,25.0,0.011381521286373888,0.8928503007800491
282,0.8666403867631256,0.0007951636487141136,25.0,0.011684917548013202,0.8982043961454484
282,0.8562873283884039,0.0007844679047661042,25.0,0.012155692398125582,0.8880547178840196
283,0.8696817482453846,0.0008070669812782115,25.0,0.011512141752725694,0.9013705646606296
283,0.8603681716852871,0.0007920414194746715,25.0,0.01161631831348665,0.8917855249403805
284,0.8675303592692897,0.0007995470623847627,25.0,0.01110962734022124,0.8986286636588204
284,0.8586191010530221,0.000792239259399622,25.0,0.011877200040346824,0.8903022801490634
285,0.8722890831581714,0.0008178675642283311,25.0,0.011670405004823078,0.9044061781490097
285,0.8720080414765427,0.0008055403666365375,25.0,0.01139553888554644,0.9035420887189429
286,0.8679416269339897,0.0008003242473932914,25.0,0.011176601307751197,0.8991263349437051
286,0.8652086445145464,0.0007987171525778744,25.0,0.01166927094052935,0.8968458445463114
287,0.8617988981082864,0.0007913469179779695,25.0,0.011571533068171411,0.8931541062943104
287,0.8702555597516736,0.0008134948090458176,25.0,0.01164967450420813,0.9022426041527103
288,0.8673280831985606,0.0007956916227139313,25.0,0.011324172054996013,0.8985445459500196
288,0.8589495591148217,0.0007891805993280681,25.0,0.01207684971742745,0.8907559216022491
289,0.8624329242089604,0.0007905553765640665,25.0,0.011298905503688762,0.8934957148296453
289,0.8690238709950833,0.0007940858338236826,25.0,0.011681537702034376,0.9005575529697586
290,0.8668814737169076,0.0007966541326978495,25.0,0.011691820657194762,0.8984896452542541
290,0.8614510855278297,0.000791952853040247,25.0,0.011934166603160304,0.8931840723574024
291,0.8729439602162491,0.00080033772100488,25.0,0.011416681812039423,0.9043690876790063
291,0.8662357509273855,0.0007956406890614147,25.0,0.011523947244462736,0.8976507144216577
292,0.8600292425370382,0.0008007918788519672,25.0,0.011734685332806862,0.8917837245497362
292,0.864213150037629,0.0008043410418928584,25.0,0.011487463877405154,0.8958091408909056
293,0.8725363384355849,0.00080469489424526,25.0,0.011185432365379246,0.9038391431264459
293,0.8663815206247995,0.0008027584574765507,25.0,0.011458871915170765,0.8979093545303609
294,0.867714274149844,0.0008007016776795833,25.0,0.011392372144670086,0.8991241873549534
294,0.868420953769882,0.0008010984314137782,25.0,0.011430366134688293,0.8998787826396026
295,0.8574291613580999,0.0007862716961752055,25.0,0.011768210310957827,0.8888541645871574
295,0.8654384392789,0.000791046881750355,25.0,0.011581947194094023,0.8967965561853546
296,0.8651965887524514,0.0008027156456747343,25.0,0.01158608852694237,0.896850567009928
296,0.8696140434945704,0.0008041857394341952,25.0,0.01165324226925128,0.9013719293041538
297,0.8545516838790638,0.0007857455761162736,25.0,0.011686747148417918,0.8858820694148127
297,0.8668437059151383,0.0007956577364116581,25.0,0.011478353972497286,0.8982135052631414
298,0.8623265824334451,0.0007942203409401442,25.0,0.012019160470880103,0.8942012519814401
298,0.8524462421000968,0.0007704226998813927,25.0,0.011696108536231256,0.8834029206915761
299,0.8667520169022452,0.0008066984661572503,25.0,0.010949739289424849,0.8978692180978233
299,0.8599154028275823,0.0007911573043380762,25.0,0.012147953588081047,0.89184228996757
300,0.8588783486335437,0.0007894600386471611,25.0,0.012334731294005662,0.8909495788138128
300,0.8613395646180071,0.0007965284041166693,25.0,0.012193115536708548,0.8934458890632999
301,0.8485018008713359,0.0007482551304568638,25.0,0.01132735041965995,0.8785355283812067
301,0.8462437080180673,0.0007531793779707256,25.0,0.01162505489731031,0.8766982483808768
302,0.8334120332368802,0.000726875379424425,25.0,0.011872733848526489,0.8634566512586889
302,0.8369313552803586,0.0007353928829712673,25.0,0.012354394026298515,0.8676705722445428
303,0.8277449053099194,0.000718297195869797,25.0,0.012465394814509477,0.8581677278112319
303,0.8318712860689979,0.0007248614925402378,25.0,0.012571255863035488,0.8625640799624815
304,0.8321056606174891,0.000730625736472298,25.0,0.012071027056965762,0.8624423304551193
304,0.8302578391984758,0.000720229856567737,25.0,0.01220418959769999,0.8604677777229776
305,0.8251503277182854,0.0007154024162412541,25.0,0.01254160295070663,0.8555769889376731
305,0.8252675122394297,0.0007189489872768569,25.0,0.012272169072004615,0.8555134064743756
306,0.8287113531907767,0.0007234462439074497,25.0,0.012267924237062867,0.8590654328844013
306,0.8253422515772232,0.000717610668536979,25.0,0.011988243767798085,0.8552707610587325
307,0.8185432185752287,0.0007030970276350599,25.0,0.012288757777336219,0.8484094021777357
307,0.8193855810798618,0.0006984790626660046,25.0,0.012524822456912756,0.8493723799807921
308,0.824749394528585,0.0007165999827237302,25.0,0.012471191614638265,0.8551355856395484
308,0.8227748225247337,0.0007063620561797293,25.0,0.012521949493461752,0.852955822099439
309,0.8216556016760115,0.0007096073064535284,25.0,0.012652051914698394,0.852047835638011
309,0.8220917510242991,0.0007119359537006267,25.0,0.012612758166700877,0.852502907946809
310,0.8148602929319025,0.0007026829458297258,25.0,0.0121810360129828,0.8446084003525574
310,0.8134271187264704,0.0006931505841028276,25.0,0.012614542506549154,0.8433704251642866
311,0.8237051135122638,0.0007074280672824423,25.0,0.01210075988989177,0.8534915762465215
311,0.8220661940530596,0.0007115240550522561,25.0,0.012244992853974705,0.8520992886249242
312,0.8126703383052597,0.0007025166041302166,25.0,0.012924555740717101,0.843157811679686
312,0.8150333600424179,0.000700051721281428,25.0,0.01203323639585157,0.8445678911500936
313,0.8196001657162197,0.0007084589874666017,25.0,0.012568522102197345,0.8498801613101783
313,0.823100034964828,0.0007050302419443152,25.0,0.012545124107679271,0.8532709140700501
314,0.8175618169489414,0.0007034563400979448,25.0,0.012268132514021344,0.8474163601635235
314,0.8197521255555935,0.0006963189241775327,25.0,0.012470825702730592,0.8496309247633601
315,0.8202729907927833,0.0007038122771046227,25.0,0.012079308097687385,0.8499476067876706
315,0.8210382043764718,0.0006981555009317234,25.0,0.011967485102740984,0.8504595780620399
316,0.8226563839659129,0.0007097945330416091,25.0,0.012217515338573596,0.8526187607928182
316,0.8240726031276976,0.0007048799500663014,25.0,0.012679499204595322,0.8543741010628452
317,0.8190838703520028,0.0007025727667765398,25.0,0.012408690662585698,0.8490568807576601
317,0.8128347785726155,0.0006877996834411983,25.0,0.012397673862338858,0.842427444926035
318,0.8160083022734309,0.0006969489469948412,25.0,0.01311610627803289,0.8465481312390564
318,0.8180529678941599,0.0006971861362563743,25.0,0.012912113043666747,0.8483947331718155
319,0.8207723305627325,0.0007084528334179622,25.0,0.013218294535000006,0.8517019447223143
319,0.8150877268429992,0.000695024640608566,25.0,0.012806495718548276,0.8452698393589354
320,0.8177384898651555,0.0007050628835369249,25.0,0.012649656373977351,0.8480147194229153
320,0.813813998503718,0.000690169686088731,25.0,0.012716298688452596,0.8437845413046126
321,0.8166854437999858,0.0006965927677643087,25.0,0.01274194584419525,0.8468422089245248
321,0.8123265363052316,0.0006965162631200344,25.0,0.012942334539719425,0.8426817760869482
322,0.8172339142470106,0.0006932056036004291,25.0,0.012464582856086365,0.8470286364918769
322,0.8137931741137427,0.0006975123280560916,25.0,0.012835273096783142,0.844066254880632
323,0.8108834702753855,0.0006800068835382388,25.0,0.013130928546740882,0.841014570094146
323,0.8171106514974775,0.0007093554710085862,25.0,0.012548206600427249,0.8473927450235116
324,0.8124908054673369,0.0006910844224878301,25.0,0.012497397503701596,0.8422653143042504
324,0.8105899521577716,0.0006880579747777974,25.0,0.012963808595480325,0.8407552108753636
325,0.8104461332391646,0.0006892207617291806,25.0,0.012773871720245852,0.840450525352641
325,0.8116643891323522,0.0006877316723936065,25.0,0.012860343110797106,0.8417180243870953
326,0.8086720214980304,0.0006859117440218493,25.0,0.012781087130062953,0.8386009017534675
326,0.8056626978564758,0.0006828791666620004,25.0,0.013104397370146617,0.8358390764193502
327,0.8129368740333971,0.0006848373032601413,25.0,0.012463339515176643,0.8425211463183784
327,0.8117482787467041,0.0006765747533177669,25.0,0.013408256073075822,0.8420709020546348
328,0.813992582760562,0.000690092632941435,25.0,0.013202901676890826,0.8444477995603795
328,0.7992878892129893,0.0006798374018345273,25.0,0.013374344052695272,0.8296581671915209
329,0.812882984069974,0.0006888354759124016,25.0,0.013316462803137323,0.843420334005466
329,0.8114767975537386,0.0006814780768914972,25.0,0.012224700465350999,0.8407384511642588
330,0.8131806375523363,0.0006968774303135744,25.0,0.012556132485156591,0.8431587038221866
330,0.8076035049303024,0.0006921982183665581,25.0,0.013048609035244473,0.837957068899212
331,0.813929381877115,0.0006909658218245721,25.0,0.013057794563599172,0.8442613229189955
331,0.8103784101802262,0.0006809068090534704,25.0,0.012333952302358373,0.8397350333304108
332,0.8033768977909661,0.0006820520124098127,25.0,0.012975649931306754,0.8334038476470437
332,0.8108100058300115,0.000681555155042546,25.0,0.012362937126781869,0.8402118218275471
333,0.8079140715593554,0.0006776275927527307,25.0,0.01293025018354796,0.8377850120392463
333,0.7985377363327194,0.0006692912633062715,25.0,0.0129963339878543,0.8282663540669457
334,0.8081790525423187,0.0006801165848315476,25.0,0.013099554187874148,0.8382815212080165
334,0.8085727898821269,0.0006836779502750908,25.0,0.012667138086455523,0.8383318774969969
335,0.8011447027428872,0.0006789960446274155,25.0,0.013142836952310994,0.8312624425177761
335,0.805997763095772,0.0006773746862801063,25.0,0.013115364493582802,0.8360474945215925
336,0.8153289101553294,0.0006827687015947854,25.0,0.012837360453346689,0.8452354887754207
336,0.8042299664185725,0.0006765463159851919,25.0,0.013201672610704191,0.8343452953714146
337,0.8049129050130381,0.0006742235691868431,25.0,0.012858817402239002,0.8346273107561724
337,0.8014378317784492,0.0006753511969802641,25.0,0.012794901736244112,0.8311165127963447
338,0.8066680812670507,0.0006808286511452705,25.0,0.01274717054555653,0.8364359682757089
338,0.8095348040997018,0.0006826731520558398,25.0,0.013021933899409466,0.8396235673449607
339,0.7950299044954859,0.0006597465824925418,25.0,0.01390701414711825,0.8254305850413325
339,0.8067337113494961,0.0006676420856626945,25.0,0.012358452705343794,0.8357832170936857
340,0.8058491454526403,0.0006799728831395402,25.0,0.012813746836681702,0.8356622143650716
340,0.8002347632313436,0.0006757931345624755,25.0,0.01340486643207851,0.830534458366883
341,0.8089839072756073,0.0006812422656089576,25.0,0.012939837501506917,0.8389548012345823
341,0.815136078323558,0.0006893168402285644,25.0,0.01256904175492137,0.8449380395731805
342,0.80769328136367,0.0006894489917831547,25.0,0.012555352675106901,0.8374848576395947
342,0.8065343247274879,0.0006890815562597104,25.0,0.01306720484772968,0.8368285685158217
343,0.7973784777501439,0.0006722394491526498,25.0,0.012954893148252548,0.8271393571522164
343,0.8121353067784607,0.0006822435509017722,25.0,0.012985983633868586,0.8421773788697725
344,0.8005917060595462,0.0006775560121337762,25.0,0.013004875826858001,0.8305354809375614
344,0.8019700358013082,0.0006724725098711574,25.0,0.013510439968097946,0.8322922887482764
345,0.7988681064329302,0.0006713341892598515,25.0,0.013465292491534978,0.8291167539069063
345,0.8087276090237615,0.0006777443263346897,25.0,0.012640918364670928,0.8383121376224808
346,0.8098303713506694,0.0006816265679279926,25.0,0.012884205640089326,0.8397552404062302
346,0.8006950349785714,0.0006628845020573195,25.0,0.012680989757877093,0.829948134496636
347,0.8025594052211241,0.0006782062524175766,25.0,0.01336390008949879,0.8328784620238782
347,0.8017542382861395,0.0006656233897738107,25.0,0.01292081343980106,0.8313156356024136
348,0.8085825106012904,0.000683862980817849,25.0,0.013096014000088252,0.838775100250993
348,0.8065701499409268,0.0006765025517218757,25.0,0.012907412689282423,0.8363901274859492
349,0.8100858531014749,0.000693850728499544,25.0,0.01264865881834377,0.8400807805342156
349,0.802215267962176,0.0006783284907907842,25.0,0.013445197611049196,0.8326186754549348
350,0.8062104470597679,0.0006734654974468229,25.0,0.01278500967631095,0.8358320945542624
350,0.7977976994481428,0.000662269861589016,25.0,0.012995108087734249,0.8273495530008443
351,0.8033846486660955,0.0006735219019305179,25.0,0.012961831739641227,0.8331845277451477
351,0.8085456135366585,0.0006847382794934439,25.0,0.012899208658506049,0.8385632791089681
352,0.8091534724411733,0.0006872960529807691,25.0,0.013382190656708447,0.8397180655536696
352,0.8071613158970452,0.0006801247338368611,25.0,0.013287509589372139,0.8374519437620326
353,0.8088413105275284,0.0006887620547114211,25.0,0.013025618242702122,0.8390859799764999
353,0.8043096403464434,0.0006757821218377059,25.0,0.013072716254487152,0.8342769095721476
354,0.8009356852904753,0.0006663000462199002,25.0,0.012728000287177346,0.830321186546916
354,0.802625350533677,0.0006710228924039971,25.0,0.013021636174617476,0.8324225599303257
355,0.8082513320528607,0.0006750694781019703,25.0,0.012892041379568656,0.8380201092768487
355,0.7956018508444207,0.0006598831596945608,25.0,0.012474887274683176,0.8245738172090632
356,0.8012242040513019,0.0006679435660082613,25.0,0.013781416875161833,0.8317042080552143
356,0.8042938424313041,0.0006702755953825948,25.0,0.013056471287842849,0.8341072038951702
357,0.8046642318195889,0.0006682761242036766,25.0,0.013362610935261494,0.8347337448294113
357,0.7975711563029961,0.0006669765554496741,25.0,0.013119325996752975,0.8273648956906713
358,0.7947685750885318,0.0006609325621217408,25.0,0.013260248848441429,0.8245521363292501
358,0.8037302928350815,0.0006819406823438213,25.0,0.013152816457626589,0.8339316251646839
359,0.8039579635817239,0.0006728618256274533,25.0,0.01275560830119679,0.8335351194437877
359,0.813055407918353,0.0006859312704067965,25.0,0.012345907111667252,0.8425495954226127
360,0.7970369774805206,0.0006660779741802145,25.0,0.013383470796151882,0.8270723970464966
360,0.8015210683915687,0.000667519916385879,25.0,0.013209057937959085,0.8314181236554513
