epoch,L_x,L_u,lambda_u,L_reg,L_total
6,1.6734429021676382,0.0010606964077548278,49.79166666666668,0.0027853626292198897,1.7164532095193863
6,1.5920439584196107,0.001720051255658238,49.79338842975207,0.0031901544002308087,1.6579326785300388
7,1.442053383969246,0.001478736907663154,74.822695035461,0.003988287331543017,1.5381891773947587
7,1.4439432064112085,0.0015364666426907817,74.81751824817518,0.0038880764712396,1.5433806441996218
8,1.4058281775418815,0.0014092506589095846,99.83766233766235,0.0044926846892778555,1.5333170472801505
8,1.4146327419786264,0.0014994317640254385,99.83443708609272,0.004524999135482242,1.5502614702609991
9,1.3669521572454921,0.001391114266559997,124.8427672955975,0.004980123887400863,1.5283165926453453
9,1.333860358994478,0.0013240619446150959,124.84076433121021,0.005258381607716868,1.4879334337392431
10,1.3426167723498768,0.001416955604269523,149.84177215189877,0.00581943642796029,1.542823989934559
10,1.3369735222828538,0.0014172533959521665,149.84177215189877,0.005117941282312327,1.5364226502708243
11,1.2851977626214157,0.0013708627402839076,174.8310810810811,0.005963302230009356,1.5137972316226445
11,1.282446133295695,0.0013891203371652712,174.83333333333334,0.006200736851120989,1.513794998327891
12,1.2352000302916406,0.001273786340880789,199.8322147651007,0.006639805686466346,1.480437959600615
12,1.2668780092424994,0.0013559179430539976,199.8322147651007,0.006881048623159928,1.527516657474057
13,1.2205362629890442,0.001297930513586228,224.83333333333334,0.006970569786305229,1.5028231132030487
13,1.2394098206361135,0.0012963277210171025,224.83333333333334,0.006955208231229335,1.5219145953655242
14,1.2384599208831788,0.0013029293601478761,249.83333333333334,0.006908621424809098,1.554754336675008
14,1.2346013367176056,0.0013036255030116687,249.83333333333334,0.00801758090655009,1.5521435538927715
15,1.2275581959883373,0.001288510235802581,274.83333333333337,0.007203170855840047,1.5726962518692016
15,1.210576456785202,0.0012746957037597895,274.83333333333337,0.007523024057348569,1.5523368887106577
16,1.2075190019607545,0.0012512866330022614,299.8333333333333,0.007701907819136977,1.574741621017456
16,1.2141194331645966,0.0012755735078826547,299.8333333333333,0.007587513425387442,1.5884891939163208
17,1.194002202351888,0.0012467025643369803,324.8333333333333,0.00803639431639264,1.5916500322024028
17,1.1997233931223552,0.0012554159677044179,324.8333333333333,0.007510271086357534,1.599387199083964
18,1.1916286273797354,0.001245209321884128,349.8333333333333,0.008948538137289385,1.6209039835135142
18,1.2138666129112243,0.0012703886709641665,349.8333333333333,0.0075707582524046305,1.6501209052403767
19,1.1940116357803345,0.0012202376845137526,374.8333333333333,0.008116811973353228,1.6441164517402649
19,1.1852265167236329,0.0012374291229449834,374.8333333333333,0.008216612807785472,1.6417642692724863
20,1.1749388666947682,0.001197606689723519,399.8333333333333,0.008165898978089293,1.6474659132957459
20,1.1948905046412488,0.0012247722884270035,399.83443708609275,0.0077533466719855735,1.6770005624815327
21,1.1962694895267487,0.001269450457378601,400.0,0.00875855982924501,1.7128082311153412
21,1.2170433698111023,0.001305293132988921,400.0,0.008410408818440525,1.7475710286209916
22,1.185781392830097,0.001186636457912044,400.0,0.0075641644945898595,1.6680001407269611
22,1.1931888555848835,0.0012338596557279345,400.0,0.0077834722666156216,1.6945161949719814
23,1.1806249164587614,0.0012168578868300118,400.0,0.008307982387255556,1.6756760521440317
23,1.1967190381706945,0.0012455549247606058,400.0,0.00813379755323839,1.7030748057839096
24,1.1744892849827444,0.0012063537367746013,400.0,0.008394308044383956,1.6654250898108578
24,1.1647602694713517,0.0011924708993343747,400.0,0.008607538622057695,1.650356164041734
25,1.1476248640887785,0.0011831753833654232,400.0,0.00903187162051631,1.6299268871743158
25,1.1779675460019647,0.0012239120358644385,400.0,0.009248881778118527,1.6767812402832587
26,1.1753782624045745,0.0012099384665581712,400.0,0.008589342282776604,1.6679429925040694
26,1.1285866356843355,0.001139088149108486,400.0,0.009068114297550839,1.5932900056933725
27,1.158373315083353,0.0012007106285493233,400.0,0.008393286748813759,1.6470508469562781
27,1.1468352959645505,0.0011995891953312748,400.0,0.008721903287219685,1.6353928884923064
28,1.1544551590555592,0.001185159120436047,400.0,0.008691456502818159,1.6372102624491642
28,1.1800281500184773,0.001248274907270841,400.0,0.008899081331856597,1.6882371890623837
29,1.1787461340427399,0.0012318799741287397,400.0,0.008365574317347062,1.6798636976041292
29,1.1684602376641027,0.001184013443968154,400.0,0.008698344634636151,1.6507639608635807
30,1.1426135662354922,0.001185626341075955,400.0,0.009706106067537084,1.6265702059394436
30,1.1427566728844547,0.0011769513150874451,400.0,0.009527531255110605,1.6230647287621403
31,1.1407227273050107,0.001172005690980433,400.0,0.009292029345248776,1.618817025893613
31,1.1609749359800325,0.0011909207901979076,400.0,0.0092038587768815,1.6465471106649234
32,1.1642626963163678,0.001229114557454044,400.0,0.009071092375578653,1.6649796209837262
32,1.142548864250941,0.0011581885705498473,400.0,0.008821451777456612,1.6146457515015507
33,1.1513259387330006,0.0011592736101240582,400.0,0.008967219453648125,1.6240026111665524
33,1.146128647374791,0.0011850890910888201,400.0,0.008392873520821038,1.6285571507270762
34,1.1381652304216434,0.0011473068344026902,400.0,0.008495008010772596,1.6055829728904523
34,1.1358441623630902,0.001168813529063559,400.0,0.008682344592984347,1.6120519199908174
35,1.1343574092576378,0.0011550350739669643,400.0,0.008302365478716399,1.6046737973627292
35,1.1172542905336933,0.0010982023027042345,400.0,0.009517807737115379,1.5660530144446774
36,1.134310470992013,0.0011586549316186727,400.0,0.009011949447755652,1.6067843860701512
36,1.1344403346118175,0.0011675451950347786,400.0,0.009150462583516185,1.610608872222273
37,1.127232308842634,0.0011627048986970056,400.0,0.009371519741283632,1.6016857867178165
37,1.1246970817446709,0.0011562581388907826,400.0,0.010145039536598089,1.5973453784459515
38,1.1474605304630179,0.0011976432291895005,400.0,0.009529997910201354,1.6360478197273456
38,1.123346402456886,0.0011704764851617113,400.0,0.009340630501116576,1.6008776253775547
39,1.1476068598659415,0.0011878665628548908,400.0,0.008771875396824294,1.6315253569107306
39,1.1428211825458627,0.0011973241841922956,400.0,0.009166382121436886,1.6309172315032858
40,1.13811748788545,0.0011455291645880176,400.0,0.010142485991022304,1.6064716377540638
40,1.1302404364472942,0.0011634560976649243,400.0,0.009590639593386041,1.605213509186318
41,1.1237255307404619,0.0011596647790084764,400.0,0.010069677316718489,1.597661121111167
41,1.1341452010368045,0.0011707536966576683,400.0,0.00938165242673437,1.611828344432931
42,1.1228982194473869,0.0011180802233100526,400.0,0.008658366921161743,1.578788673407153
42,1.1134527082505978,0.0011215714064172445,400.0,0.009329860867613829,1.5714111335967715
43,1.1347775823975865,0.0011799597142319392,400.0,0.009305498668446058,1.616066969146854
43,1.1075977345830517,0.0011313012513901892,400.0,0.010329845805627931,1.5704480844892954
44,1.1434035222781331,0.0011937518247577827,400.0,0.009084540293674524,1.6299887915190898
44,1.1208940015027398,0.0011264091554039624,400.0,0.008481949096006391,1.5799396061583568
45,1.1241024775724662,0.0011659713745757472,400.0,0.008904092534641294,1.599395112771737
45,1.1201429755279892,0.0011493899290048592,400.0,0.009751296547045442,1.5896502372465635
46,1.122655112100275,0.0011590396070938656,400.0,0.009870208119728455,1.5961411591423185
46,1.1163411379644745,0.001145947979813699,400.0,0.008896708494591477,1.5836170311821134
47,1.1187267374051244,0.0011382901454788609,400.0,0.009128951804565364,1.583171743703516
47,1.1167735775050365,0.0011512730408484411,400.0,0.008742678041974278,1.5860254744950093
48,1.1269817732666667,0.0011667575624749972,400.0,0.008986677779926379,1.6026714742183685
48,1.1248808322768462,0.0011796976083898794,400.0,0.009525721647629612,1.6062856014621885
49,1.1220153887805187,0.0011555767703516483,400.0,0.010815284603986106,1.5950613762987287
49,1.1299075366635072,0.0011866297212882752,400.0,0.009478390919914665,1.6140378141089489
50,1.118156997388915,0.0011292166131361707,400.0,0.009978117479477078,1.5798217564036972
50,1.1164983503128354,0.001148615255500006,400.0,0.009742788538508313,1.5856872385269718
51,1.102348309206335,0.0011215258156497792,400.0,0.009549393261917621,1.5605080304177184
51,1.1197487547209388,0.001164468879180372,400.0,0.00969996600944892,1.5952362767175625
52,1.1092007842503095,0.0011636761308564975,400.0,0.009234134063406504,1.5839053733568442
52,1.0939464110292887,0.0011336740060773752,400.0,0.009500899624790213,1.5569169129195966
53,1.1240247754674209,0.001169625399167049,400.0,0.009618820881434275,1.6014937570220547
53,1.1219676421358695,0.001133535944878008,400.0,0.009868904656054927,1.5852509261735903
54,1.1099889823480655,0.001150571536288082,400.0,0.009896939594335364,1.580114538340192
54,1.1116367021417306,0.0011678053679787766,400.0,0.009769035971973067,1.5885278796838
55,1.117408032480039,0.0011342387320167433,400.0,0.009497509748478862,1.5806010404699726
55,1.1154563251663656,0.0011445492803913487,400.0,0.009055148552969293,1.5823311852473838
56,1.0965559588451135,0.0010964832227297226,400.0,0.010026791745698765,1.5451760425379402
56,1.1224572007952174,0.0011823070252670303,400.0,0.00951477175493256,1.604894781424329
57,1.1109901518603555,0.0011379281157822489,400.0,0.010118073208586258,1.5762794695648492
57,1.124482426378462,0.0011508543471565312,400.0,0.00920991414817038,1.5940340846971748
58,1.1012287509986778,0.0011264983042648512,400.0,0.00947237955071519,1.56130044483671
58,1.1211396190855238,0.001159864059517014,400.0,0.009471726748374066,1.594556960405088
59,1.1031986385389092,0.001137013024775299,400.0,0.010422122462354357,1.5684259639066809
59,1.1104971298984452,0.0011432653057519833,400.0,0.00979349551131961,1.5775967435119977
60,1.1108858850267198,0.0011556909871942005,400.0,0.009452598711195725,1.582614875696843
60,1.1078321657149621,0.001146206534102413,400.0,0.009997213773697226,1.5763119922743902
61,1.1042668527247859,0.0011542735345892949,400.0,0.010092405329939295,1.5760686791021061
61,1.1171947106037265,0.0011416168587078384,400.0,0.010045173765141881,1.5838866331218895
62,1.1000235857916814,0.0011345816957246927,400.0,0.008282790706170346,1.562139054918601
62,1.1095352539050034,0.0011550827848563713,400.0,0.00942132275344597,1.5809896919462416
63,1.0957271413865433,0.0011297574411739833,400.0,0.010003707383826277,1.557633820312475
63,1.089358044995202,0.0011240539479212457,400.0,0.01036056275996897,1.549340186555401
64,1.0839774269683689,0.00111511817241538,400.0,0.01015824440324959,1.5401829411001766
64,1.1062357289339202,0.0011414987334884168,400.0,0.009796890005578889,1.5726321078593435
65,1.0962988442065669,0.0011518975532251513,400.0,0.009292568907969527,1.5663504300553814
65,1.1101940944303874,0.0011531213495128612,400.0,0.009278574215820411,1.580721215874541
66,1.102086830372904,0.0011365121392931886,400.0,0.009507030059942623,1.5661987054581736
66,1.1302763476870419,0.0011918691720804381,400.0,0.009617397458189063,1.6166414252293655
67,1.0984581845258576,0.0011005930481189435,400.0,0.009944512135976183,1.5486399126208685
67,1.0959700548570919,0.0011145318649082255,400.0,0.010232779005651964,1.5520155757081275
68,1.093085490410624,0.0011392233176522103,400.0,0.009968117171642827,1.5587429341927073
68,1.1061413463424234,0.001167534724040736,400.0,0.009662232933919025,1.582817471105289
69,1.111237888242684,0.001160263159963625,400.0,0.010915432668601474,1.5862585839882395
69,1.0961981123568965,0.001131544243453034,400.0,0.009890427917935977,1.5587062434433332
70,1.1064292219729206,0.0011380747557173368,400.0,0.00974660167117524,1.571405722424875
70,1.107249765614279,0.0011475691440579134,400.0,0.010005229607747954,1.5762826551019755
71,1.108711391103034,0.001154030295807162,400.0,0.009998872860949607,1.580322378601124
71,1.0900991878478357,0.0011072117807510997,400.0,0.009910504333674908,1.5428944054771871
72,1.1012388939171835,0.0011579532880454744,400.0,0.00979240810242938,1.5742126181234721
72,1.1162202338893692,0.0011629497074119915,400.0,0.00943199783267284,1.5908321165419244
73,1.0810864192324798,0.0010789673073918788,400.0,0.010888081288884407,1.5235614288936963
73,1.0957181685930724,0.0011288583444585636,400.0,0.009764386080931147,1.5570258935550592
74,1.1113135183786418,0.001163234864097004,400.0,0.010677212974746022,1.5872846845682564
74,1.130383612283694,0.001191268276706265,400.0,0.010049197424105764,1.6169401247516957
75,1.0911615653471514,0.0011297300986736988,400.0,0.009799392706436384,1.5528529948228365
75,1.0914973798510317,0.0011168359716456117,400.0,0.010154214519825946,1.5483859789061856
76,1.1046856862384002,0.00113253514475171,400.0,0.010059287006567632,1.567759026180614
76,1.0931167819283225,0.0011148704368017868,400.0,0.01028110875518291,1.5493460684627682
77,1.0989771961391746,0.0011263430502580164,400.0,0.009773364980015662,1.559287774485427
77,1.1106767487990392,0.0011551522055652911,400.0,0.010194967974086182,1.5829325972439408
78,1.1023558633668082,0.0011296477216044924,400.0,0.009320835368223972,1.5635357909388357
78,1.0941637239672921,0.0011398698571410224,400.0,0.010266022532936427,1.5603776910862366
79,1.0761222088491762,0.0010911662448288317,400.0,0.009891912581507938,1.522480615160682
79,1.1026635541544332,0.0011295958092532956,400.0,0.009882015529899047,1.5643838965273522
80,1.0804987960047536,0.001094301171863887,400.0,0.009686301311163546,1.5279055659647112
80,1.0917828848548965,0.0011495652683140114,400.0,0.010182648477162801,1.5617916397019929
81,1.098598751541856,0.0011343363210991292,400.0,0.010354027257137629,1.562687311079595
81,1.094767294533841,0.001131195900810568,400.0,0.01065083468248221,1.5578964848022956
82,1.1008023584817912,0.0011420284767178577,400.0,0.010293904486317913,1.56790765384575
82,1.1007885878382166,0.0011469038403851704,400.0,0.009607828070038285,1.569157947512234
83,1.1021154046832742,0.0011406760940981377,400.0,0.009739994023043614,1.5681258343256914
83,1.092551200608023,0.001111715478104314,400.0,0.010888709032335898,1.5481260991563983
84,1.0893336561593143,0.0011197537657738263,400.0,0.009701454597706724,1.546936618817317
84,1.0645561229873013,0.0010825453759639753,400.0,0.010300304795095286,1.5078745840431809
85,1.0749783930066343,0.001098971248849283,400.0,0.010293288720324152,1.5248601846880727
85,1.0984861483047534,0.001168492395663634,400.0,0.010829879249167907,1.5767129857044715
86,1.0891668932004408,0.001115918048361147,400.0,0.01069893228652125,1.5462330506219493
86,1.082720997658643,0.0011223990055535885,400.0,0.01076844061101944,1.5424490369759596
87,1.0917354191278483,0.001138805503036234,400.0,0.011148724015560243,1.558406352609783
87,1.0909144100430723,0.0011459005499173973,400.0,0.009852708518420432,1.5591273307800293
88,1.0884470597103044,0.0011217280726822383,400.0,0.009765968518936402,1.5469042604619807
88,1.0705755008505535,0.0010909327209848523,400.0,0.009672688507753146,1.5166212784779536
89,1.0812730682747704,0.001131927472835576,400.0,0.010671970868398521,1.5447160284240524
89,1.0932423967819709,0.0011516423066684903,400.0,0.01111623774246349,1.5650155586855752
90,1.0864377675892471,0.0011190078321424034,400.0,0.01131023331575531,1.545351125977256
90,1.0845632853059026,0.0011233117935238648,400.0,0.010556016536127148,1.5444440179831023
91,1.0713088585958852,0.001121109360209122,400.0,0.010125926768334655,1.5298785323446447
91,1.0751998409048302,0.0010998762398277857,400.0,0.011243353364989161,1.5263936848609478
92,1.0794852778509065,0.0011142905383497816,400.0,0.009998443064751563,1.5351999405916634
92,1.0898652889511802,0.0011385163880412938,400.0,0.009673767739773862,1.5549456090122074
93,1.0786899068912903,0.0011128354142004224,400.0,0.010708632364917498,1.5345327052977178
93,1.097371196979052,0.0011558858974452747,400.0,0.01003374313246217,1.5697592934230706
94,1.0897827160048794,0.0011243495574998126,400.0,0.010435648371356649,1.5499581891994971
94,1.0884702019877248,0.0011394290244448688,400.0,0.011014166569288868,1.555255975816157
95,1.0912030045088235,0.0011299690392318896,400.0,0.010110019391717075,1.5533006419609119
95,1.0796389935852646,0.0011255611686713316,400.0,0.010791371538690836,1.5406548315054411
96,1.0756358736521239,0.0011188617082352012,400.0,0.01083937178474742,1.5340199280868878
96,1.0792490336802099,0.0011304429195165126,400.0,0.010741552032602878,1.5421677502718838
97,1.0803223790286423,0.001122857429247422,400.0,0.01009976152518111,1.5395651119095939
97,1.0708395525232537,0.0011050284962251468,400.0,0.010649466063137856,1.5235004072839564
98,1.0922097826932933,0.0011508875171572285,400.0,0.009778686233663134,1.5623434743323883
98,1.090605483039633,0.0011369542588401198,400.0,0.009700261770033991,1.5550874440700977
99,1.0831231401338206,0.0011180403138519954,400.0,0.009921606602872928,1.5402608838948337
99,1.064657541451516,0.0010715090845826432,400.0,0.010610742437012204,1.5038719204339115
100,1.0573216386429676,0.0010807797386063046,400.0,0.011347807904511883,1.5009813347420136
100,1.0892810542862137,0.0011445826320915012,400.0,0.011056529231030832,1.5581706324955085
101,1.0810245194218375,0.0011070457904360728,400.0,0.010369627803031887,1.534212463861936
101,1.0876092426962667,0.0011101673659944132,400.0,0.010561886857348409,1.542238070593252
102,1.0907274403355338,0.0011502067003226779,400.0,0.010789790148423477,1.5615999060017722
102,1.0648828524273712,0.0010817443832714267,400.0,0.010424690777677801,1.5080052954810006
103,1.0929253811573054,0.0011510005146688359,400.0,0.011024918581068806,1.5643505067020267
103,1.0681907650712248,0.0010973128623196057,400.0,0.010818253263722283,1.5179341590249693
104,1.107223260712314,0.001168695334027606,400.0,0.011248622960471487,1.585950012330885
104,1.0882726257497615,0.0011226102800861411,400.0,0.010042571170896582,1.5473593105743457
105,1.0842075053747597,0.0011130206102834919,400.0,0.010539928172993195,1.5399556744408298
105,1.0798428890767036,0.0011154558579891001,400.0,0.010765166197262414,1.5367903933896647
106,1.0711657478437795,0.001109139155350813,400.0,0.009903516670289849,1.5247249156236649
106,1.0779227200266603,0.0011071397893829271,400.0,0.01068352040979866,1.5314621515088267
107,1.056966221951819,0.0010753972331128483,400.0,0.011015427921741427,1.4981405425381351
107,1.061143073168668,0.0010912120786371533,400.0,0.010220200334397423,1.507848107969606
108,1.0816672877831892,0.0011320125939802254,400.0,0.010887291049584746,1.5453596219613954
108,1.065438271342934,0.001086401458215059,400.0,0.010958391042160136,1.5109572453158242
109,1.0823068777462104,0.001119450229736402,400.0,0.010454734289934013,1.5405417049860026
109,1.0816781218949851,0.001111020038490994,400.0,0.010581285172662177,1.5366674177832418
110,1.064012843293029,0.001099965300572758,400.0,0.010570033733104053,1.514569001538413
110,1.0633867073368717,0.0011014214734994358,400.0,0.010541446928793637,1.5144967401956584
111,1.0797813089637014,0.0011483164834517792,400.0,0.01019340466599089,1.5493013131154048
111,1.061769309175479,0.0010884194398622404,400.0,0.010155494314279746,1.5072925826171777
112,1.0771750949032894,0.001137101351867079,400.0,0.010228946557050788,1.542244582207172
112,1.0812801966419467,0.0011250396095089275,400.0,0.011599900228176991,1.5428959417652774
113,1.0686556619982566,0.001118467934241879,400.0,0.010943425646532447,1.5269862597988497
113,1.047104077185354,0.0010244188469744498,400.0,0.012005359174743775,1.468876975582492
114,1.0708514259707542,0.0010993895817533014,400.0,0.010184093994358856,1.5207913556406576
114,1.0631313595079606,0.001094785921515957,400.0,0.010740189569731873,1.511785924819208
115,1.073427378362225,0.0010839584088253398,400.0,0.010614140265651287,1.5176248727306243
115,1.0886192178571379,0.0011382876738887764,400.0,0.010659957619069458,1.5545942396312564
116,1.0748507593359267,0.001114329181622121,400.0,0.00977446954370803,1.5303568917435486
116,1.0573631882667542,0.0010830042115788185,400.0,0.009975098255240629,1.5005399719361336
117,1.0632319404232886,0.0010985502730979915,400.0,0.011181661741988314,1.5138337139160403
117,1.0649140502175978,0.0011045318697729418,400.0,0.011272438363202157,1.5179992398908062
118,1.085660760248861,0.0011116563211075001,400.0,0.010750066116452217,1.5410733538289223
118,1.0728000494741625,0.0011030890511333823,400.0,0.01014870704422074,1.52418437234817
119,1.0748107640973983,0.0010978621458860053,400.0,0.010478497047217624,1.5244341211934243
119,1.0655738421024814,0.0011002893799975995,400.0,0.010428609599870058,1.516118206516389
120,1.0710677808330904,0.001102044737725068,400.0,0.010176580336185232,1.522062256259303
120,1.0803023876682405,0.0010890789763746602,400.0,0.010963621539544435,1.5268976023120264
121,1.0864243461239722,0.0011241511267144233,400.0,0.010772446008218873,1.5468572405076797
121,1.086830384116019,0.0011223846276651227,400.0,0.011172782398399807,1.5469570136839343
122,1.0769836014316927,0.0011066296949021278,400.0,0.011827247142190895,1.5314627259008347
122,1.0581666634928795,0.0011005696112988516,400.0,0.01125475445822362,1.5096492578906398
123,1.0601909126004865,0.00109158152932181,400.0,0.010562297521579651,1.5073858249572016
123,1.0614579831400226,0.0010900444649685655,400.0,0.011140017465297733,1.5086157856449005
124,1.0856639412141615,0.001134891333358903,400.0,0.010857436346310761,1.5504779111954474
124,1.0588344993129852,0.0010734682333760806,400.0,0.010236090737124604,1.4984578794048677
125,1.0620834442877,0.0011185888694824591,400.0,0.010221516881738939,1.519740512294154
125,1.0608144629386163,0.0010870869520248005,400.0,0.010178212689295892,1.5058274569049959
126,1.0842076259274636,0.0011553649140912438,400.0,0.010223805755677242,1.5565773933164535
126,1.0622632849601008,0.0011151034277000075,400.0,0.01062656550578052,1.5189312250383438
127,1.0618584534814282,0.0010816877283486388,400.0,0.011689959730832807,1.506223504774032
127,1.0636128937044451,0.0010990588187855938,400.0,0.010216922367051724,1.5134533389922111
128,1.0798018151713955,0.0011247982160233322,400.0,0.010331923490570438,1.5400530269069057
128,1.066188754573945,0.001090649020249745,400.0,0.010074804029277256,1.5125231696713355
129,1.0750415736629118,0.001104326039409986,400.0,0.010129194424277352,1.5269011812825357
129,1.0648020032913454,0.001087972591161698,400.0,0.010465424235970263,1.5104564655211663
130,1.0808981549355292,0.0011247753077411964,400.0,0.010417356469758577,1.5412256383126781
130,1.0518734635845308,0.0010955866985774088,400.0,0.01068305999280945,1.5007912024374932
131,1.0462862014770509,0.0010838391700564252,400.0,0.01088636607051857,1.49070823923234
131,1.084669820723995,0.0011349454691122857,400.0,0.010448373027987057,1.5490963747424464
132,1.0804429565706561,0.0011402638531440208,400.0,0.011596571176402991,1.548145068076349
132,1.068452174817362,0.001102249251937704,400.0,0.01101878096740092,1.5203706612510066
133,1.0568665335255285,0.0010785397241688183,400.0,0.011144739559160606,1.4994271639854677
133,1.0536873117569954,0.001065153090072976,400.0,0.01056592363804098,1.49031447556711
134,1.0428453999180947,0.0010377208388695914,400.0,0.011164666847100541,1.4690984091451091
134,1.071064991720261,0.0011028417292231274,400.0,0.011080944835538826,1.5232826255982923
135,1.0373797174422972,0.001048960671534822,400.0,0.010727791719499134,1.4676917787521115
135,1.0642214298248291,0.001106653194085905,400.0,0.011239002407678673,1.5181217139767063
136,1.044336736779059,0.001055675512930799,400.0,0.011234084344018371,1.4778410280904462
136,1.0609548161106725,0.0010778189090365963,400.0,0.01105281661204513,1.5031351993160864
137,1.0530162194082815,0.0010761959205997447,400.0,0.010226826003241924,1.4937214159196424
137,1.067250629009739,0.001111098199767331,400.0,0.010333444379390247,1.522023352115385
138,1.0599295343122175,0.0010789479906370323,400.0,0.011602940239132413,1.5031116689405133
138,1.0801943436745673,0.0011172621672402227,400.0,0.010286885542013954,1.5373860955238343
139,1.0712151035185784,0.0011114275381494795,400.0,0.010560289121443226,1.5263464104744695
139,1.0711348360584627,0.0011161736195771804,400.0,0.010065960703838256,1.5276702384794911
140,1.0759117572538315,0.0011149246014669659,400.0,0.010180583510607962,1.5320621775042627
140,1.0392954572554558,0.001067387708838308,400.0,0.011268366171768116,1.4775189092082361
141,1.0531777316524136,0.0010691025322528496,400.0,0.010917335880860206,1.4917360767241448
141,1.0603524311896293,0.0011127487686838234,400.0,0.011639708857382497,1.5170916484248254
142,1.0706592498287077,0.0011135217736497702,400.0,0.010705416718678128,1.526773379695031
142,1.0574024438858032,0.0010687272073776131,400.0,0.010930174441948052,1.495823497156943
143,1.053620820660745,0.0010913193043726947,400.0,0.010924035487996956,1.5010725801990878
143,1.0681018310208474,0.0011238841306147797,400.0,0.009704360413935877,1.5273598390240823
144,1.0542472779750824,0.0011061140089183145,400.0,0.010867812893083018,1.507560694602228
144,1.0726491289754068,0.001116543460164159,400.0,0.011489036496007635,1.5307555483233544
145,1.050997244927191,0.0010758487421328262,400.0,0.010117336350583261,1.4914540763824218
145,1.0736839686670612,0.0011168453397394549,400.0,0.010894782865239728,1.531316888332367
146,1.048100031191303,0.0010772366557390458,400.0,0.01137023916948707,1.490364933398462
146,1.04493705918712,0.0010675159252000852,400.0,0.01225099210897761,1.4841944202300041
147,1.047790281041976,0.0010720539538587833,400.0,0.010892448826662956,1.487504308069906
147,1.0658645683719266,0.0011169013336315872,400.0,0.010600464176687021,1.5232255697250365
148,1.0492397781341307,0.0011064026318866038,400.0,0.01058198443103221,1.502382815653278
148,1.064563460503855,0.0011096534696632937,400.0,0.011057715532520124,1.5194825660797857
149,1.0631362482424704,0.0010975670084477432,400.0,0.010523942411847172,1.5126870055352488
149,1.0613906498878234,0.0010936485995884024,400.0,0.011302891193378356,1.510152978666367
150,1.087617140816104,0.0011406057677607261,400.0,0.010805707620156388,1.554665158640954
150,1.0529217231658197,0.001090785085820713,400.0,0.011386308879140885,1.5006220713738472
151,0.9997130317072714,0.000973328620649784,400.0,0.010410669031402756,1.399455149712101
151,1.012563475678044,0.0009761821914223894,400.0,0.010759777997830702,1.413796123381584
152,0.9775088390996379,0.0009395844219515341,400.0,0.010114346210274005,1.3634569494955002
152,0.9818625630870942,0.0009493455167807218,400.0,0.010242695739913371,1.3718434699120061
153,0.9710572119682066,0.0009315632359733084,400.0,0.010268005100829947,1.353950507794657
153,0.974386082541558,0.0009365165024064481,400.0,0.010678226665984239,1.3596709043748918
154,0.959284472080969,0.0009128527392843558,400.0,0.010702906882450465,1.3351284780809956
154,0.961016054691807,0.000906417110273915,400.0,0.011094727135834193,1.3346776247024537
155,0.9503640413284302,0.0008928326837297889,400.0,0.011742899122257386,1.3192400140147056
155,0.9430013944705328,0.0008756464437912934,400.0,0.011711594132252801,1.30497157229827
156,0.9689402364385433,0.000912834781327267,400.0,0.011212213982780201,1.3452863570971367
156,0.9610112508138021,0.0009030670346244454,400.0,0.01111280677231172,1.3333508679882073
157,0.9661707778130808,0.0009265719267028955,400.0,0.01068535054463052,1.3474848951062848
157,0.9588416809072862,0.0009102921959800789,400.0,0.011301734045935938,1.3342602955989349
158,0.9459463610098913,0.0008912324364922451,400.0,0.01175520263122729,1.314194537890263
158,0.9496513798068731,0.0008867069136146874,400.0,0.011548177389881741,1.3158823263186674
159,0.9491968139623984,0.0008938736324265706,400.0,0.010555894205119843,1.317302161302322
159,0.9472420620612609,0.0008694632089874432,400.0,0.011723428337763134,1.3067507778222744
160,0.9290730983783038,0.000856726984122174,400.0,0.012325051251070526,1.2840889373268836
160,0.9371814156572024,0.0008793618027807381,400.0,0.012340011218419442,1.301266151169936
161,0.9508579875796269,0.0009026303380848661,400.0,0.011106179376395468,1.323016304618273
161,0.9444190794840838,0.0009014499845738427,400.0,0.012172480245144704,1.3171715453649178
162,0.9329407461560689,0.0008698807275019741,400.0,0.012456837789310763,1.2933498724148824
162,0.939396797464444,0.0008837892922038475,400.0,0.011920438948063513,1.3048329532910616
163,0.9582097262908251,0.0009204692370332897,400.0,0.011118022065299252,1.3375154305727055
163,0.9424390085996726,0.000885821023798482,400.0,0.011664411160521783,1.3084318248125224
164,0.9377716183662415,0.0008712189722782335,400.0,0.012163208191617368,1.2984224122304182
164,0.9253438042524533,0.0008580939214973627,400.0,0.012243102710598554,1.28082447212476
165,0.9389178722332685,0.0008738833704018572,400.0,0.012718499357549425,1.3011897183381593
165,0.9334713621781423,0.0008479796255041714,400.0,0.011880617561893394,1.2845438294685805
166,0.9365058995974369,0.000859132661179711,400.0,0.01232900543926427,1.2924879693832152
166,0.9320060937450483,0.0008488660805596737,400.0,0.012433511758736597,1.2839860434715564
167,0.9319613266449708,0.0008355325457486265,400.0,0.012447933878343647,1.2786222807107828
167,0.9288288733133903,0.0008713130199071318,400.0,0.01298731068173089,1.290341391777381
168,0.9414983941958501,0.0008934983037388286,400.0,0.011576798311673487,1.3104745088479457
168,0.9321538775395124,0.0008728770173127906,400.0,0.012662935643815078,1.2939676153354156
169,0.9340209445128074,0.0008737743988510771,400.0,0.012449160704795176,1.2959798627938979
169,0.9348732355313424,0.0008528416434180541,400.0,0.012078461783508269,1.2880883583655725
170,0.9262365866930057,0.0008823971535233655,400.0,0.01273231953382492,1.291927763666862
170,0.9328747074573468,0.0008621993997038748,400.0,0.012550658028489217,1.2903051234972782
171,0.936700131266545,0.0008708131831670657,400.0,0.012293450294050556,1.2973188501902115
171,0.9381790050329306,0.0008666893560215472,400.0,0.012141379565060234,1.2969961269543722
172,0.9173040795020568,0.0008304444420970797,400.0,0.01254620062163434,1.2620280606624408
172,0.9312665932453595,0.0008753560679719951,400.0,0.011925650972467011,1.2933346663530056
173,0.9309239765772452,0.000864658119471875,400.0,0.012122949552483475,1.288910176509466
173,0.9374116311470667,0.0008781804883769021,400.0,0.012403401656625554,1.3010872220381713
174,0.9205450234122765,0.0008567184654216712,400.0,0.012448236502957745,1.275680643816789
174,0.936904353973193,0.0008921964925740702,400.0,0.012322951863424327,1.3061059025617747
175,0.9109632682341796,0.0008092802833207549,400.0,0.013386484557906022,1.248061872063539
175,0.9152878664242916,0.0008468591557361949,400.0,0.012928874930366874,1.2669604011835196
176,0.902119137537785,0.0008187336326302149,400.0,0.013299147628295498,1.2429117388450182
176,0.9248665223519007,0.0008451791815250778,400.0,0.012722201717014495,1.275660393329767
177,0.9225720094564633,0.0008515271551098125,400.0,0.012827302323272213,1.2760101717251997
177,0.9245659483548923,0.0008529462594686685,400.0,0.013329581265003445,1.279074028516427
178,0.9276199541412867,0.0008541617643435856,400.0,0.012456246929314848,1.2817408992693975
178,0.9228095515416219,0.0008396064087066454,400.0,0.012690259800411953,1.2713423738112817
179,0.9214660429801697,0.0008506321600856235,400.0,0.012772438585017927,1.2744913483277345
179,0.9182821825528756,0.000851487279597234,400.0,0.012112522578368394,1.2709896127000833
180,0.9178613611520865,0.0008215397203737387,400.0,0.011812815930730162,1.258290065977818
180,0.9209264656290029,0.000855970187657453,400.0,0.01204789442440065,1.2753624365879939
181,0.9039469922964389,0.0008011874891123555,400.0,0.01376462407493725,1.2381866111969337
181,0.9314126949279736,0.0008540404736637496,400.0,0.012006835976185707,1.2850357248232915
182,0.9164603625734647,0.000833517406602205,400.0,0.012808786482753184,1.2626761136910853
182,0.9114433454397397,0.0008206014455749821,400.0,0.013602467861253386,1.2532863930249825
183,0.9074427729997879,0.0008173426527859052,400.0,0.013138912236079192,1.2475187486180892
183,0.9251470248668622,0.0008648213305815051,400.0,0.012179772166583018,1.2832553264422295
184,0.9083349890051744,0.0008312066387682138,400.0,0.013633022813174205,1.2544506633510957
184,0.918613073344414,0.0008298160036457165,400.0,0.013061862077731162,1.2636013367237189
185,0.9188154110541711,0.0008621144508465361,400.0,0.011703436185295383,1.2753646301153378
185,0.9147003197517151,0.0008321820893727888,400.0,0.013340328136482874,1.260913489338679
186,0.8942826459041009,0.0007683449583008694,400.0,0.013525132958490688,1.2151457623411448
186,0.9094442281967554,0.0008389384827471356,400.0,0.012971124614779957,1.2579907450156333
187,0.8998208859792123,0.0008092646175310409,400.0,0.013039220843870098,1.2365659528817885
187,0.9128225495417913,0.0008325715019824342,400.0,0.012947581266650023,1.2587987257119937
188,0.9130153850867198,0.0008221549327665856,400.0,0.013162503496576577,1.2550398657719295
188,0.9091095611070975,0.0008220655801825416,400.0,0.012578785073203154,1.2505145756862102
189,0.9091408520172803,0.0008128573843770517,400.0,0.012622695443077156,1.2469064998321044
189,0.9168084905697749,0.0008366542455265657,400.0,0.012988717265379352,1.2644589031353974
190,0.9174768699285312,0.0008263186847706003,400.0,0.013340226396954117,1.2613445665591803
190,0.905682198703289,0.0008141153856017925,400.0,0.012402776076506155,1.243731129819002
191,0.9151335790371283,0.000816892999678086,400.0,0.012858285252243662,1.2547490612054482
191,0.9189549795328043,0.0008382651643702188,400.0,0.01397404858830552,1.268235099239227
192,0.9054762954131151,0.0007997989118732035,400.0,0.01408050615244951,1.2394763647745817
192,0.8997854714592298,0.0008021718406384118,400.0,0.013779302448547708,1.2344335065438197
193,0.9228855111660101,0.0008520636137034624,400.0,0.012540441098957298,1.2762513970717406
193,0.9084276216916549,0.0008300617794772664,400.0,0.012588348338165535,1.2530406810916388
194,0.9024725965200326,0.000810506481334764,400.0,0.013421454556429615,1.240096648152058
194,0.9119611416871731,0.0008308577742308187,400.0,0.01324953091963648,1.257553782600623
195,0.9054008661172329,0.00080917973658264,400.0,0.013734940069321638,1.2428076954988332
195,0.8968276333732482,0.0007987318836407772,400.0,0.013366789082423426,1.2296871747343967
196,0.9153876896852102,0.0008344119717852058,400.0,0.013614377675530238,1.2627668606165128
196,0.9082110100067579,0.0008230745244453339,400.0,0.013124601145346578,1.250565419594447
197,0.8966414534892791,0.0007984200773278597,400.0,0.01306393505850186,1.2290734197848883
197,0.9253773540258408,0.0008645027139722608,400.0,0.013297454039088618,1.284475897749265
198,0.9124776923503631,0.00084242477197012,400.0,0.01308147681471056,1.2625290759098835
198,0.899903308504667,0.0008164912829577075,400.0,0.014316157512486173,1.240815974963017
199,0.9109357071992679,0.0008268278006886622,400.0,0.01407815293611911,1.255744979931758
199,0.8968326848668929,0.0007964204844775407,400.0,0.014087677888500575,1.2294885588762088
200,0.9132451699712337,0.0008045715466067075,400.0,0.013476558498297937,1.248550343971986
200,0.903636831503648,0.0008030591830808986,400.0,0.012879446875721885,1.2377399502274318
201,0.8972604056963553,0.0008082170465618569,400.0,0.013907174505173968,1.2344543983538945
201,0.8966222554445267,0.0008036787043331573,400.0,0.013417329292935438,1.2315110644468894
202,0.9141275810125546,0.000832130239779452,400.0,0.013148787855290068,1.2601284648363407
202,0.8912374373429861,0.0007947934190712821,400.0,0.012820502996850664,1.22197530991756
203,0.8918355443538764,0.0007884799931791629,400.0,0.01320941782801245,1.2204369637064445
203,0.9110021254955194,0.0008209237096777472,400.0,0.013140834285877645,1.2525124431420596
204,0.8968319392357117,0.0007906618624334582,400.0,0.014689768283950308,1.2277864485214918
204,0.9001090066173137,0.0008215695013813018,400.0,0.013429299044685487,1.2421661065174983
205,0.9045798870233389,0.000816361480153715,400.0,0.013330772916117731,1.2444552500278523
205,0.920379577538906,0.0008280782968564054,400.0,0.013400628034455271,1.2650115249248652
206,0.8956665587730896,0.000812716887128026,400.0,0.01358173234322562,1.2343350520882852
206,0.8937347451081643,0.0007840063118260915,400.0,0.014463455153581424,1.221800726193648
207,0.9084408764655774,0.0008156330878615009,400.0,0.013600510446569668,1.2482946209418468
207,0.8806991989795978,0.0007828151476412761,400.0,0.013856494863434002,1.2076817468190804
208,0.9098224429747997,0.0008188197454542089,400.0,0.013384781022651646,1.2507351155464466
208,0.8967726475153214,0.0008043778622940851,400.0,0.014213339586813863,1.232737123966217
209,0.8969116984651639,0.0007916230648007536,400.0,0.01502002235681105,1.2285809371715937
209,0.8979838910775307,0.000806052560876243,400.0,0.014401458421698174,1.2348063698945901
210,0.910377942598783,0.0008338296934081695,400.0,0.013140772863362845,1.2570505948402944
210,0.8991908410038704,0.0008073136323218932,400.0,0.014360180244040795,1.2364764717909007
211,0.8881036371756823,0.0007820439080275649,400.0,0.0137074834231335,1.2146286821136107
211,0.8890879998604456,0.0007839406643119545,400.0,0.013963535407152122,1.216627802222203
212,0.9103909205549803,0.0008293875652247479,400.0,0.01316916890657292,1.2553151123798811
212,0.8963585255237726,0.0008066545465109625,400.0,0.0135143460938707,1.2325346861512234
213,0.9060861399540534,0.0008213660613621006,400.0,0.014087842384842822,1.2487204084411645
213,0.8969106662731904,0.0008051937218577876,400.0,0.013022857228628336,1.2320110194194012
214,0.8835234630566376,0.0007616129279575454,400.0,0.013326096990241263,1.2014947220301018
214,0.8785214548309644,0.0007765976266128769,400.0,0.014317521031420583,1.203478034490194
215,0.8783635405393747,0.0007663704185781684,400.0,0.014293755428531231,1.1992054680983226
215,0.8869789571334155,0.0007968094249894747,400.0,0.013616723295014638,1.2193194501675093
216,0.9012086502252481,0.0008060419404034455,400.0,0.013319047923104312,1.2369444790558937
216,0.9046597603039864,0.000813543557831928,400.0,0.01356680230356944,1.2436439845806513
217,0.8999420752127966,0.0007891876121926217,400.0,0.012977107844422929,1.2285942362669187
217,0.8889368789700361,0.000781955081038177,400.0,0.014279418281661585,1.2159983332340534
218,0.8941227759306247,0.0008150566369668246,400.0,0.014017199772075774,1.2341626286506653
218,0.9001651836129335,0.0008051727014296772,400.0,0.012971565085582627,1.2352058356389022
219,0.8945029530769739,0.0007927105590426483,400.0,0.014454776648049936,1.2260419500943942
219,0.9016761023264664,0.0008144086438196843,400.0,0.013165690377951624,1.2406052507651157
220,0.8859468375643095,0.0007861968620907133,400.0,0.01337606490452368,1.213801650282664
220,0.8989067669862356,0.0008110485142447616,400.0,0.01317353689004309,1.2364997101517825
221,0.9008342998150067,0.0008182407414446621,400.0,0.013414105139254855,1.2415446963829873
221,0.8851945405969253,0.0007855187466656133,400.0,0.013810455912533097,1.2132124940936382
222,0.8880388625921347,0.000785585244347413,400.0,0.01403248726348512,1.2163054482677045
222,0.8967267511746823,0.0007881213705098698,400.0,0.01400771965451825,1.2259830156197915
223,0.880371324144877,0.0007879902981445552,400.0,0.01422703562853619,1.2097944791118305
223,0.9014839373337917,0.0008146295215574822,400.0,0.013205105540318748,1.240540854441814
224,0.9028584320957844,0.0008309800423142941,400.0,0.013631245715376467,1.2488816848550088
224,0.9060009484871839,0.0008087378384796187,400.0,0.014029950545264933,1.2435260331019378
225,0.8856463718872803,0.0007756382350262123,400.0,0.013280096547439313,1.2091817596019843
225,0.8741040856410296,0.0007608393901206839,400.0,0.014432374337234367,1.192872214393738
226,0.897162119547526,0.0008155732491734222,400.0,0.014513313862829445,1.2379047312797644
226,0.8965883201513535,0.0008029334154017329,400.0,0.013886725831514176,1.2316484191478827
227,0.8855836448761133,0.0007671750383265018,400.0,0.014056128778088933,1.206509788066913
227,0.8879455715799943,0.0007680813155625052,400.0,0.014273035677317053,1.209451130567453
228,0.8880167125891416,0.000767876118632744,400.0,0.014154348838835573,1.2093215088049571
228,0.8850576747686435,0.0007768221481595761,400.0,0.014918288824936518,1.210704816839634
229,0.8869350991952114,0.0007763216821424579,400.0,0.014921750013644878,1.2123855241598227
229,0.8946680602354881,0.000812657151609295,400.0,0.014041052044679722,1.2337719821012938
230,0.8832952731694931,0.0007702083697576876,400.0,0.014484567540841034,1.2058631861821199
230,0.8881729210798557,0.0007836002337288123,400.0,0.013899910472667752,1.2155129183561375
231,0.8994659066964419,0.000820658373693452,400.0,0.01412667801979786,1.2418559365547621
231,0.8955503820608823,0.000787751866785887,400.0,0.014551654425210869,1.2252027827959795
232,0.8837214843967022,0.0007778271287978173,400.0,0.015406836731693683,1.2102591743071873
232,0.8943787518984232,0.0008139738451856642,400.0,0.014221184742219077,1.2341894679344618
233,0.8821952919929456,0.0007779039863238815,400.0,0.014310932509266796,1.2076678172900126
233,0.8940079919038675,0.0008153057430881278,400.0,0.014500716653389808,1.2346310046238778
234,0.8850095243408129,0.000767313929267962,400.0,0.013944234088576661,1.2058793340738003
234,0.8885245189452783,0.0007787124614435761,400.0,0.014764311141334474,1.214773809680572
235,0.8858249141619756,0.0007589525677105532,400.0,0.014270814150595704,1.2036767502625783
235,0.8824198259375035,0.0007759222364536702,400.0,0.015177791541179594,1.2079665053349276
236,0.881781191780017,0.0007746703195152804,400.0,0.01395429470218145,1.2056036186523926
236,0.8841638920398859,0.0007662861134098747,400.0,0.01393503218722076,1.204613358164445
237,0.8864678396628454,0.0007796818874619651,400.0,0.013378565280268399,1.2117191633352866
237,0.8925283344892355,0.0008189512365602124,400.0,0.013707455147642834,1.2338162801968746
238,0.8864242797478651,0.0007835636463427456,400.0,0.014374890021430567,1.2142246229908404
238,0.8930698652298023,0.0007931636252741998,400.0,0.012901897676504003,1.2232372149443016
239,0.8863264165627651,0.000782721742535404,400.0,0.012977507672845744,1.2123926197871184
239,0.8880583387918961,0.000778428805624105,400.0,0.01401111451932826,1.213440980284642
240,0.8660926329783905,0.0007477471722384694,400.0,0.014777728419106167,1.1799692288041115
240,0.8857193661805911,0.0007820427701330911,400.0,0.015211201066939304,1.2137476756022527
241,0.8753542596367514,0.0007569455472803615,400.0,0.014150386753308165,1.19228286310366
241,0.8831674038217618,0.0007620090668168791,400.0,0.013725457590622589,1.2016964959792602
242,0.884791710628913,0.0007887668729941092,400.0,0.013907317776615039,1.2142057808545919
242,0.8896049352792593,0.0007663419170197672,400.0,0.01405309633208582,1.2101947974700193
243,0.881114496357122,0.0007728425776445052,400.0,0.015191111412599304,1.2054426385338899
243,0.8829608819423578,0.0007825519436991248,400.0,0.014045177233548692,1.2100268361660151
244,0.8895768530809196,0.0007930122361115067,400.0,0.01435245006718928,1.221134197939733
244,0.8852300028770398,0.0007736249231246079,400.0,0.015377117697006235,1.210057092209657
245,0.888253079098501,0.0007828722115098885,400.0,0.014211063955430012,1.2156130261481948
245,0.8837329992063486,0.000778842756245137,400.0,0.014555636627279269,1.2098257399288712
246,0.8742056409264826,0.0007567949931190652,400.0,0.014269307900848946,1.1911929450976622
246,0.8782211659820216,0.0007824802745814334,400.0,0.015128168881022532,1.2063414416495402
247,0.8883851485647214,0.0007881960597268904,400.0,0.014976588878661963,1.2186401592698066
247,0.8816670456509681,0.0007489655942842958,400.0,0.015120091444700006,1.1963733791545699
248,0.8763979149472182,0.000757019796296005,400.0,0.015393940168343912,1.194599768538384
248,0.8857497043290715,0.0007816746376401442,400.0,0.013904054865691882,1.2123236079124888
249,0.8770743247809684,0.0007584142075276156,400.0,0.014420781237114766,1.194860788667278
249,0.8774994428341205,0.0007579582802114041,400.0,0.015573381801517919,1.1962561423961933
250,0.8687293189726059,0.0007576759314482622,400.0,0.014116200704459741,1.1859158949487527
250,0.8772894331983699,0.0007502648135599722,400.0,0.01446933297820057,1.1918646955186394
251,0.8723630322392579,0.0007588277841735761,400.0,0.014926094641897139,1.1908202364945868
251,0.8872550205819926,0.0007744753765903271,400.0,0.014968143716739242,1.2120133144840313
252,0.881907777042146,0.0007644472032923334,400.0,0.013609406645083503,1.2012960607079184
252,0.8862325921180142,0.0007829970681474834,400.0,0.013577887158140919,1.213009302403517
253,0.875360122721666,0.0007478743567276793,400.0,0.014903568333477541,1.1894134351402332
253,0.8813855807492688,0.0007440469289924445,400.0,0.013698991394014495,1.192703336856927
254,0.8850707335836568,0.0007797667466935992,400.0,0.014440328517489753,1.2114177623372169
254,0.8687447206989215,0.0007305059720655298,400.0,0.01478550971076367,1.1757326213417538
255,0.8831018813096794,0.000780755221776243,400.0,0.014842607247032178,1.2102465754861285
255,0.8802970484563499,0.0007748992264713457,400.0,0.01421064309253814,1.2044673801227739
256,0.885602813617439,0.0007891214352025455,400.0,0.01416544712024035,1.2154168384090351
256,0.8849059825490235,0.000760707008032496,400.0,0.014486482581954188,1.2036752685619767
257,0.8659889297500537,0.0007538087047346583,400.0,0.01522770804608134,1.1827401179037276
257,0.8853096233052054,0.0007765472027403451,400.0,0.014640307448401004,1.210568815279918
258,0.8803712778789982,0.0007626384653886602,400.0,0.014709360968724937,1.2001360195457556
258,0.8680168462407057,0.0007360578613996411,400.0,0.014191249845205409,1.1766312315965155
259,0.8718512808061709,0.0007713956490142721,400.0,0.014971329984818675,1.195380871462974
259,0.8900091818943145,0.0007973585910294324,400.0,0.013399167990335708,1.222351776566475
260,0.8787019590663302,0.0007581509741328681,400.0,0.014628866835716804,1.1965912136302632
260,0.878004641669571,0.0007754904443248335,400.0,0.015934275418733525,1.204135087644978
261,0.878089985270409,0.0007450627586633785,400.0,0.014322403293387716,1.1904374884951645
261,0.8846851385133282,0.0007855761903289937,400.0,0.014545037832324671,1.2134606492747166
262,0.8807592596977379,0.0007621955017523638,400.0,0.013915436567774244,1.1995528993333222
262,0.8687330192061746,0.0007539189181599772,400.0,0.015358970153507344,1.1856595600486561
263,0.884221521912107,0.0007692833427728337,400.0,0.01446649033552522,1.206401346595424
263,0.8767979245656615,0.0007350708569409652,400.0,0.01466767681216833,1.1854939375333726
264,0.8766318441955907,0.0007732935916876367,400.0,0.014533574626170052,1.2004828589737035
264,0.8780977500092452,0.0007783031536642148,400.0,0.014158849438332068,1.2035778597661644
265,0.8656407281471665,0.0007267529414603368,400.0,0.015217296423236276,1.171559197507846
265,0.8726479866702086,0.0007486525870367268,400.0,0.015316403023068123,1.1874254243389057
266,0.8711404836481544,0.0007579315321317541,400.0,0.01478821843577798,1.1891013121908638
266,0.8649906876740182,0.0007206589243709181,400.0,0.015038532703213252,1.1682927906513214
267,0.8843848473706822,0.0007721324746755017,400.0,0.014252495563405144,1.2074903321873611
267,0.8834616382410572,0.0007701450427749437,400.0,0.01432844570238784,1.205848092865792
268,0.8785049552750436,0.0007603252757967978,400.0,0.014217870348506863,1.196852928513934
268,0.8754568703614982,0.0007521004218531766,400.0,0.014578983000817763,1.190876016950911
269,0.8822228694038027,0.0007706263929733022,400.0,0.01542482364204991,1.2058982488456045
269,0.8763805033674665,0.0007514905312045175,400.0,0.014840453000039241,1.191817169356498
270,0.8806738471908934,0.0007617862156968991,400.0,0.014762529682154489,1.2001508664173686
270,0.8685815676002745,0.000736677271549762,400.0,0.015236265568810093,1.1784887427736999
271,0.8858676340169968,0.0007880331394963328,400.0,0.014375182648729177,1.2154560753494312
271,0.8758862891774268,0.0007564695060748465,400.0,0.013313116692599786,1.1917872015078357
272,0.8764662790070673,0.0007724194023420791,400.0,0.015176795476418772,1.2006108348916291
272,0.847669656774041,0.0007144171830969655,400.0,0.014988768086501748,1.1484252998403683
273,0.8769992646897674,0.0007526241921357052,400.0,0.014436079844666324,1.1924850276321362
273,0.8779908021923842,0.0007529122434974689,400.0,0.014568166833987851,1.1937238680329292
274,0.8753924191377724,0.0007630301921948743,400.0,0.016102760175990452,1.196707254002808
274,0.8816111133356762,0.0007849651409029831,400.0,0.015099045082001359,1.2106962086288793
275,0.8745572441702436,0.0007604410024515537,400.0,0.0149873390372629,1.1937209827125452
275,0.8727466606410446,0.000759544658232154,400.0,0.015350774433285853,1.1919152956859322
276,0.8660900596600429,0.0007360491329384374,400.0,0.013932412988535918,1.174442123075959
276,0.8732084396538461,0.0007550473450823942,400.0,0.014951152706245897,1.1901785319398164
277,0.8729161950433331,0.0007715839071415815,400.0,0.016116044000621624,1.1976658035615446
277,0.8805924133889994,0.0007683367209448212,400.0,0.014850765481520041,1.2027778587523539
278,0.8739650575977982,0.0007447958307505353,400.0,0.015950659939509098,1.18783404227275
278,0.8783955369026039,0.0007638001986326958,400.0,0.014761731651415871,1.1986773507610249
279,0.8719608092763621,0.000759870419909015,400.0,0.016182398947050713,1.1920913771079604
279,0.8775078566970339,0.0007610281842803749,400.0,0.015061794904766569,1.1969809311970023
280,0.8737642954868875,0.0007720928280288057,400.0,0.01585680940396087,1.1984582402903563
280,0.8667765003480729,0.0007434269255042005,400.0,0.015142253878864514,1.17928952415278
281,0.8593357516701814,0.0007337113699814969,400.0,0.014627654835059765,1.1674479549857462
281,0.8777537991286842,0.0007707462030159647,400.0,0.01430254010187023,1.2003548111125921
282,0.8730091724046476,0.000767369072711552,400.0,0.01437729917122585,1.194334102853848
282,0.8750688213451653,0.0007683963545080523,400.0,0.015600957056495604,1.1980283218584242
283,0.8837264202962256,0.0007838379302704232,400.0,0.014425221557734878,1.2116868142869062
283,0.869110643863678,0.0007386193435085243,400.0,0.014303415494668445,1.1788617970457502
284,0.8892129224956415,0.0007862123376841858,400.0,0.015008909615931237,1.2187067649926349
284,0.8768449178926504,0.0007637330902974673,400.0,0.014541825091252757,1.1968799666234642
285,0.885017824400762,0.0007868718095813362,400.0,0.014542724035537927,1.2143092755299465
285,0.8711811683739826,0.0007514576619501362,400.0,0.016291535966644052,1.1880557688937825
286,0.8777501393275656,0.0007674602367529633,400.0,0.014372363612411699,1.1991065989254386
286,0.8774154953136566,0.0007655004442226035,400.0,0.01512275207906392,1.198738429576728
287,0.877417888421162,0.000746594425181452,400.0,0.014689095911516506,1.1907447565133404
287,0.8715350195101113,0.0007273566402690664,400.0,0.015535610861435628,1.1780132833559802
288,0.8670730649665662,0.000753603146882701,400.0,0.014166874119976334,1.1826811971937774
288,0.877409082689103,0.0007616304521816694,400.0,0.014742044512490938,1.1968033078369822
289,0.8766763029964106,0.00075396215806383,400.0,0.015383903364277189,1.1936450737297155
289,0.873348120671169,0.0007520617110243921,400.0,0.014595323586302578,1.1887681313381073
290,0.8655151347066187,0.0007342912003588507,400.0,0.01537351701171345,1.1746051341864714
290,0.863789383013537,0.0007440229486874276,400.0,0.016079070455851448,1.177477631978928
291,0.8642809518203614,0.0007386242591362198,400.0,0.01408728634772502,1.1738179383004548
291,0.8733483376396689,0.0007458572266853242,400.0,0.015205089892646309,1.1868963264355994
292,0.8563710984530722,0.0007232188305629945,400.0,0.014434967937458094,1.160093600962572
292,0.8639950769342435,0.0007465667247766285,400.0,0.014844142745848105,1.177465906948041
293,0.8823157055362775,0.0007571522748004349,400.0,0.01460696694850447,1.1997835822166152
293,0.8668384472275995,0.0007503146569283122,400.0,0.015261899534565438,1.1822262068462979
294,0.8632186415848458,0.0007356830654223894,400.0,0.01428228356300076,1.1717741527375143
294,0.8783518292342022,0.0007580006815816401,400.0,0.01487079398279452,1.1964228969470712
295,0.871739499887843,0.0007429117915979854,400.0,0.01492052698496041,1.1838247407773497
295,0.8802949554601293,0.0007621444577119864,400.0,0.015420616325584186,1.2005733513528374
296,0.8703569618000346,0.0007463960326647469,400.0,0.013922201057267228,1.182837574345291
296,0.8671940094346453,0.0007367561895056971,400.0,0.015320941304586305,1.1772174256242764
297,0.862195204018028,0.0007373659987748559,400.0,0.015349478846427742,1.1724910884146478
297,0.8796608442333853,0.0007733239621835298,400.0,0.015451354917826926,1.2044417822057274
298,0.8756310655053254,0.000746511802465468,400.0,0.013954319234842517,1.1881901001095012
298,0.8493282753191177,0.0007088138106624614,400.0,0.015890143464681258,1.1487439417155685
299,0.8766681855651224,0.0007770552950025874,400.0,0.014707373013233493,1.2021976743534113
299,0.8689323470091365,0.0007395062117895206,400.0,0.015981804128665074,1.1807166307595125
300,0.8573439914709443,0.0007292156172234114,400.0,0.015384643839873896,1.1644148858869152
300,0.8689590688723667,0.0007491004568929517,400.0,0.014015826227582373,1.1826150793178825
301,0.8604530927481925,0.0007265000989672485,400.0,0.014796212451995179,1.1658493424676786
301,0.8508345554968354,0.000707568291522441,400.0,0.015352507976067674,1.1492143681474551
302,0.8498309341965208,0.0006890063808328519,400.0,0.0157932009441173,1.1412266874389283
302,0.8412874314435728,0.0006832007741296789,400.0,0.015215858547194937,1.129783596202826
303,0.8448558390899829,0.0006974366127222682,400.0,0.015033167576310551,1.1388636576901576
303,0.860950855502657,0.0007171215946270023,400.0,0.014995621469844678,1.1627951131504812
304,0.8539698625066477,0.0006972352061517074,400.0,0.015381405711363835,1.148245347153609
304,0.8533835135827399,0.0007142618078027354,400.0,0.014029189962063246,1.1531174285396648
305,0.8548151736806153,0.0007201092003304867,400.0,0.014932876915498904,1.1577917303249334
305,0.8604425096967417,0.0007399937244922599,400.0,0.015319914565937724,1.1717599201354252
306,0.8711902662447304,0.0007398618482702833,400.0,0.0151165047672334,1.1822515133839504
306,0.8648736381986338,0.0007236734295677643,400.0,0.014536368310641331,1.168879380271693
307,0.8520059071149036,0.0007155765026695077,400.0,0.014660427937058696,1.1528969333050356
307,0.8593599173673399,0.0007263338150661202,400.0,0.014835526179047716,1.164728965349258
308,0.8469086057820897,0.0007077870233993603,400.0,0.014260376139193964,1.1442837889786739
308,0.8489571824954574,0.0006986143985825478,400.0,0.014836798264840795,1.143239740353481
309,0.8423042198654952,0.0006941888832849017,400.0,0.015498442625757426,1.1354782148531288
309,0.8525135703147597,0.000698573934294322,400.0,0.015922179501978266,1.1478653310970137
310,0.8441436900075074,0.0006901820269591253,400.0,0.014936142268881297,1.1351526428939431
310,0.8527821306210415,0.0006905274537420137,400.0,0.01596744838289347,1.1449605609960616
311,0.8472727313163174,0.0006962602364513311,400.0,0.01451189935824294,1.140288725780074
311,0.8430098350260667,0.0007006238896109069,400.0,0.015861744476351768,1.1391211425422862
312,0.8441053951621815,0.000693755812448402,400.0,0.01561483047356841,1.1372225508568392
312,0.8533635710834697,0.0006942516738258949,400.0,0.015477601966707949,1.14654184393822
313,0.8542398700288906,0.0006963129643429439,400.0,0.015429151152515677,1.148194212063103
313,0.8582926523533596,0.0007030239465363194,400.0,0.015129128705330525,1.1546313588026982
314,0.8481879074862049,0.0006804530064194985,400.0,0.015253993012248331,1.1356230974197388
314,0.8502989720766712,0.0007012409462436298,400.0,0.014245020198950152,1.1450403700968264
315,0.8427471467264139,0.0006746476499026769,400.0,0.015171116787441976,1.1277773196150542
315,0.857386472118888,0.0007007444266005193,400.0,0.016358600084070758,1.1540428396243199
316,0.855670004513613,0.0007209944762890138,400.0,0.014825577982612382,1.1588933760193503
316,0.8487625298606363,0.0006918437728157065,400.0,0.015871665576935572,1.1413717021228402
317,0.8336157810156513,0.0006778607477514061,400.0,0.015851506542200876,1.1206115899951594
317,0.8395241798868605,0.0006827058153416795,400.0,0.015819626059501792,1.1284261328779208
318,0.8433052870877988,0.0006875030764609955,400.0,0.015071106859583669,1.133377620369006
318,0.8526408224348809,0.0007017191378421975,400.0,0.01611524787405209,1.1494437194174263
319,0.8601352602812895,0.0007146411245595367,400.0,0.015889181375835733,1.1618808898956152
319,0.84504483080214,0.0006939699537753628,400.0,0.014954689415586982,1.137587504212264
320,0.8495704448147184,0.0006981963689578401,400.0,0.01490971230706022,1.1437586993928168
320,0.8373645227046529,0.000671367342643155,400.0,0.015158814664301315,1.1210702726036121
321,0.8377816286056664,0.0006691929294763335,400.0,0.016764477666491157,1.1222232732043904
321,0.8372530152273786,0.0006771004574976203,400.0,0.015303302170696911,1.123396495155468
322,0.8323352283732907,0.000665243020495118,400.0,0.01548075648083998,1.1139131957178663
322,0.845537540639282,0.0007029870994185887,400.0,0.014707723353651298,1.1414401014898992
323,0.8463933448882619,0.0007124868837303102,400.0,0.01676227427888543,1.148150373985813
323,0.8525965023951926,0.0006984339891280385,400.0,0.014928761552307447,1.1468988603847041
324,0.8470746874809265,0.0006903649094977244,400.0,0.015930038939117437,1.13915069391773
324,0.8330687284469604,0.0006623854447277797,400.0,0.01565226230319518,1.1136751710229618
325,0.8471567509280649,0.0006893700406557412,400.0,0.015636053903230057,1.1385408243176285
325,0.8489864495149844,0.0007146584134397637,400.0,0.01581541431332185,1.1506652258763648
326,0.8480232688272076,0.0006912690525241256,400.0,0.01570835320433234,1.140239241776193
326,0.8421159367652455,0.0006828015396011115,400.0,0.014733927466782036,1.1299704848581058
327,0.846666832828218,0.0007215302876789259,400.0,0.015532644145238172,1.1508115869798479
327,0.8348652868513848,0.0006865688089772934,400.0,0.015752866552774882,1.1252456797156365
328,0.8384143377944921,0.0006753871883606764,400.0,0.01570562118735568,1.1242748364141792
328,0.8505766127899195,0.0006980396310204142,400.0,0.014836092891800365,1.1446285602773072
329,0.843945170853548,0.0006885473808469429,400.0,0.015077884089510152,1.134442012590967
329,0.8405530008540791,0.0006848281547579185,400.0,0.015526109505563405,1.1300103698566462
330,0.8646077092286129,0.0007230045342859426,400.0,0.01679288079535031,1.1706024108418993
330,0.8415973230152373,0.0006934045004817082,400.0,0.015381052010473172,1.1343401850788457
331,0.8457979017002567,0.0006927402868383463,400.0,0.015501942402523035,1.1383959620621553
331,0.8275228438863329,0.000657367428806781,400.0,0.015176312971243243,1.1056461237418425
332,0.8510729488293836,0.0007094927319358132,400.0,0.014591245105264673,1.1494612803884372
332,0.8383289843228212,0.0006777089771612215,400.0,0.016182784406337768,1.1255953615638101
333,0.8466560684951248,0.0007020496641127037,400.0,0.016272785097574162,1.1437487203604098
333,0.8449688124808536,0.0006855113212513043,400.0,0.016383014960439913,1.1355563527459551
334,0.8377225133264141,0.0006962852674138964,400.0,0.016979597277559672,1.1332162163060182
334,0.8372626361573577,0.0006798274235230437,400.0,0.015825505249771724,1.1250191148678967
335,0.8347844113210204,0.000669782132352999,400.0,0.015989091401551938,1.118686358260501
335,0.8360550375121414,0.0006849068910002881,400.0,0.015822979974542642,1.1258407743873111
336,0.8489005838989452,0.0006912825863614121,400.0,0.015475064694027232,1.1408886791794164
336,0.8351669880994566,0.0006770782445551484,400.0,0.015760651902313447,1.121758937456046
337,0.845762635871863,0.0006944244760118283,400.0,0.0150227550310409,1.138555184671074
337,0.8407021554032709,0.0006608793175160873,400.0,0.015407123104639493,1.120461003036256
338,0.8353726620886736,0.0006646837827461849,400.0,0.015674763041767913,1.116920941005087
338,0.8341380515295989,0.0006682712892085242,400.0,0.01604599468587975,1.1174925639750852
339,0.8416219353675842,0.0006921628611881559,400.0,0.015483527634126745,1.1339706072382107
339,0.8433609471958914,0.0006994533786886805,400.0,0.015251383395972335,1.1383936727882191
340,0.8432548850964589,0.0006900146805828105,400.0,0.015561958991441947,1.134822720175336
340,0.8576259525718203,0.0007138128102657675,400.0,0.014507010513857293,1.1576580864608668
341,0.8446297622790002,0.0006645501540843278,400.0,0.016160021008105034,1.1266098428683675
341,0.8400046908931368,0.0006580012822657182,400.0,0.014931112863004777,1.118136315209091
342,0.8513973404647438,0.0007056848071037294,400.0,0.015918003270627968,1.149589272441378
342,0.8345533867550504,0.0006621792623484032,400.0,0.014321692701678271,1.1137467827766565
343,0.8404900803687466,0.0006918475121017961,400.0,0.01642458636171309,1.1336536739662195
343,0.8492906366943553,0.000707014669793225,400.0,0.015888662457133933,1.14798516908269
344,0.8436580809058657,0.0006920100843840112,400.0,0.014961830844545061,1.1354239396988206
344,0.8374666685511352,0.0006930466063222759,400.0,0.015640905497678714,1.1303262194250798
345,0.8417099452322456,0.0006968382977977674,400.0,0.014242403547332924,1.1346876687684637
345,0.8508782686701246,0.0007045759823526238,400.0,0.015478728401361946,1.1481873954936956
346,0.8525932218618454,0.0007084226975392455,400.0,0.01598111612449406,1.1519434233759618
346,0.8485929536971317,0.0006902711132280292,400.0,0.016470914656165868,1.141172305983343
347,0.829182600329636,0.0006717464563682984,400.0,0.0167940128535317,1.1146751953538057
347,0.8421968927808628,0.0006887673401825463,400.0,0.01567612295958457,1.1333799533023956
348,0.8290088791756114,0.0006832079173589962,400.0,0.01621893813364967,1.1185109873486172
348,0.8338917717812168,0.0006732631506803178,400.0,0.016097391774628763,1.1192944232065967
349,0.8440293352695027,0.0006918910216331737,400.0,0.01517578354995152,1.1359615242405303
349,0.8305286761302098,0.0006657806177850469,400.0,0.016514639115067804,1.113355558009664
350,0.8412983835123147,0.0006999174580808468,400.0,0.016162299470987858,1.137427659930697
350,0.8327082465788361,0.0006682979418754512,400.0,0.016350251047094914,1.1163776682060995
351,0.8434969596802049,0.0007081775720565651,400.0,0.016611550231671827,1.1433795341260873
351,0.8222317925304364,0.0006452724428874868,400.0,0.016293582844601317,1.0966343482968155
352,0.8381238716423132,0.0006909702671784463,400.0,0.015850739770088416,1.1303627194872328
352,0.8339542862336347,0.0006653771241333418,400.0,0.015261109387442755,1.1153662531239212
353,0.8357912685461105,0.0006812190509361963,400.0,0.015791905932662307,1.1240707932004503
353,0.8441210514420916,0.0006837917499764745,400.0,0.015835288539825448,1.1334730424698751
354,0.8247420962449092,0.0006585496166909327,400.0,0.015019497101545144,1.1031814380815834
354,0.831652911605349,0.0006647677520704515,400.0,0.016770834610411886,1.1143308388199775
355,0.8447569103757288,0.0006910321488735492,400.0,0.015508703632387006,1.1366784686495544
355,0.8395343994259075,0.0006832624625252963,400.0,0.015730635260059765,1.1285700131753447
356,0.8502158926930398,0.0007029932656304638,400.0,0.01620732278082591,1.1476205222925562
356,0.8355689880194938,0.0006701525284150159,400.0,0.015553614305581446,1.1191836119077767
357,0.8361504127265541,0.0006619192895095404,400.0,0.015318577447728177,1.1162367106243303
357,0.8351556842873811,0.0006773952129823423,400.0,0.015481140850123707,1.1215949096497457
358,0.8407725221032549,0.0006887288284925507,400.0,0.015280702160256114,1.1315447517261383
358,0.8316412011908877,0.0006631284602361606,400.0,0.016857935646608188,1.1137505135718424
359,0.8391821634997229,0.0006654389832127294,400.0,0.016075766330976394,1.1214335249487761
359,0.8406877787249862,0.0006829814953510027,400.0,0.016143645489125686,1.1300240181813574
360,0.8497247276412454,0.0007031189143742215,400.0,0.01573441400056242,1.1467067109551399
360,0.8352448203761107,0.0006829224952131771,400.0,0.01617541455420529,1.1245892393361232
