epoch,L_x,L_u,lambda_u,L_reg,L_total
6,1.5609535113269208,0.0012328290245290298,37.408088235294116,0.003057332415540027,1.5985678183097465
6,1.547370468116388,0.0017514666130698127,37.40853658536585,0.003302236746076676,1.598830608042275
7,1.3848884576245357,0.001508413539401759,56.16028708133971,0.0045841526035130305,1.4598555302505858
7,1.3455577065738349,0.001494137888165334,56.15985576923077,0.0052280771750912,1.420567865555103
8,1.3154855775490901,0.0014656008239033406,74.9102870813397,0.005598656197622169,1.4170631215903178
8,1.3022388761433272,0.001451444401027402,74.90985576923079,0.006074766364270965,1.4034502481898437
9,1.2958813355299845,0.0014353470353779504,93.6602870813397,0.006802914607334151,1.4235886671896756
9,1.251722081636007,0.0013435976064871424,93.65985576923079,0.00630116121744952,1.371268461816586
10,1.2469049649579185,0.0013600281718286818,112.41071428571429,0.007391800596157,1.394391492718742
10,1.247058914323743,0.001374425605200142,112.4102870813397,0.006581086336755367,1.3951613529447162
11,1.2331650489852541,0.0013199546282911406,131.16071428571428,0.006686512485057825,1.4007000443481263
11,1.2219275037447612,0.0013213078361115462,131.16071428571428,0.006924538457367037,1.3897740188099088
12,1.2074869854190338,0.0013082695430281497,149.9111374407583,0.007399081064926646,1.3986705665904764
12,1.1882846313065263,0.0012522512416231724,149.9111374407583,0.00770893203143154,1.3720682153204606
13,1.1946916360900086,0.0012924012438095404,168.6615566037736,0.0070749788154092315,1.4077418899198748
13,1.2088844764960205,0.0012897654625635261,168.6619718309859,0.007353611838098773,1.4215952823979194
14,1.1873877880708226,0.0012615580506565682,187.4115566037736,0.007698985157130321,1.419700584040498
14,1.1997841678138048,0.0012883837240086956,187.4115566037736,0.007500851026050887,1.4366363239175868
15,1.1850614090101415,0.0012336516958634893,206.1611374407583,0.007753514577700841,1.435723004182933
15,1.1866678165377311,0.0012526334067619897,206.1615566037736,0.007769350899286779,1.441096287572159
16,1.1707569104882907,0.0012191999378286847,224.91155660377356,0.008110671099890375,1.4415404307392408
16,1.1765006043334707,0.001255186544444359,224.91113744075832,0.008549778302910769,1.4554884038265283
17,1.1812284910622897,0.0012626757244349942,243.6619718309859,0.008315135547760087,1.4852534924314615
17,1.1815227376964856,0.0012479653678898136,243.66155660377356,0.007666638769530076,1.4816243170567278
18,1.1724575777568726,0.0012192523379934768,262.4119718309859,0.008056040552659004,1.4890398274005299
18,1.1794583654739488,0.0012442802733243247,262.4119718309859,0.007650005203746084,1.5019814067043609
19,1.1652040990865287,0.0012127620880185964,281.1619718309859,0.008163571322747799,1.503190665177896
19,1.1641146061576415,0.0012027947489165693,281.1623831775701,0.007631289341843852,1.4986267911496562
20,1.1600502900114642,0.0011795446159976136,299.9119718309859,0.008111906970278339,1.5108845211530515
20,1.1633231704223883,0.0012125557008693475,299.9119718309859,0.008484584278265286,1.5242308120772312
21,1.151668442743961,0.0011764116967140443,300.0,0.008186636507841889,1.5127785871519106
21,1.1652503701570993,0.001217637433715069,300.0,0.008637403137981892,1.5391789986708453
22,1.1542971993601598,0.0011872660555486937,300.0,0.008298068653878778,1.5187750794166743
22,1.149205252038481,0.0011808109240706993,300.0,0.008792815605362117,1.5122413419781717
23,1.1558026211841084,0.0012072811277733385,300.0,0.008657899888658845,1.5266448560162125
23,1.1643826532586712,0.001201076648077301,300.0,0.008825616731534704,1.5335312680663349
24,1.1526174839152845,0.0011848092408103565,300.0,0.009565444368609162,1.5176257028136142
24,1.1504446911477597,0.0011949432778790175,300.0,0.008749369059680639,1.5176770469852696
25,1.14394139855407,0.0011797927689554473,300.0,0.008760757036073956,1.5066399857055308
25,1.1368662118911743,0.001165074882316229,300.0,0.008191772127332532,1.4945804465596921
26,1.1450868711915128,0.0012031863138978478,300.0,0.009404710168018937,1.5154474746349247
26,1.1555808951688367,0.0012080962933480827,300.0,0.008609018580944733,1.5266188006068384
27,1.1416731213414393,0.0011876217761012011,300.0,0.008708069995478835,1.506667721271515
27,1.1377428332040476,0.001152468813301692,300.0,0.008744186788884013,1.492227661055188
28,1.1299434894713285,0.0011424633303589718,300.0,0.009401854996952428,1.4820843394671646
28,1.137320881970575,0.0011847141918521723,300.0,0.008766555775688073,1.501501698360265
29,1.1325237714967062,0.001188896591017066,300.0,0.008578989171791215,1.4977717324744824
29,1.1389436117438383,0.0011896001522938265,300.0,0.00894418473160544,1.504767839021461
30,1.1393132190461512,0.0011836359150981513,300.0,0.008604530803428066,1.503008528991982
30,1.1278809228608775,0.0011816861052445114,300.0,0.009301725819403696,1.491688482151475
31,1.1368491289227507,0.001192397968491626,300.0,0.008673149410115426,1.503241676785225
31,1.1412527249367148,0.0011740252149239597,300.0,0.009454670879575942,1.502914955770528
32,1.1268848643746487,0.0011635510179181692,300.0,0.009397577570188184,1.485347751683967
32,1.1206000109051548,0.0011399672043152414,300.0,0.009097588126179437,1.4716877585233643
33,1.1324645007650058,0.0011487616797643972,300.0,0.009058773990815368,1.4861517860381692
33,1.1270757585212037,0.0011657134192420118,300.0,0.009305212915124785,1.4860949919179633
34,1.1127245852516756,0.0011405281929236716,300.0,0.008932820921203259,1.4638158659692164
34,1.12542246607847,0.001168591712146651,300.0,0.008819214109504639,1.4848191965458004
35,1.1143916627323185,0.0011423451965297485,300.0,0.009469120790190235,1.4665643409998328
35,1.1296913596342235,0.0011613058423342328,300.0,0.008825514792820894,1.4869086239744442
36,1.1440661728107435,0.0011792780570192304,300.0,0.009178969531624753,1.5070285615833123
36,1.1279792302736529,0.0011591855092976605,300.0,0.009485513793252822,1.4852203947526437
37,1.1242896045247714,0.001166020044534148,300.0,0.009886178660154756,1.4839817945052076
37,1.1176593334034637,0.001120057480336443,300.0,0.008944193410031774,1.462620766626464
38,1.1209939355674428,0.001150900143153605,300.0,0.008961176332343833,1.4752251511345262
38,1.126326606570301,0.001146652147791902,300.0,0.009454158370807974,1.4797764074417852
39,1.1248033955899253,0.0011598124110605568,300.0,0.009340496544945075,1.4820876151735332
39,1.13105239324306,0.0011666695998277738,300.0,0.009205864051416997,1.4902591340003475
40,1.1111960238819822,0.0010883389593533523,300.0,0.009238878034328648,1.446936590682476
40,1.1154738189997497,0.0011700585642689407,300.0,0.009147222690646432,1.4756386111731883
41,1.1170764685770787,0.0011576894476343323,300.0,0.009267380146027774,1.4736506854175428
41,1.1002657226703134,0.0010934839174548414,300.0,0.009538910177875361,1.4378498086731555
42,1.10866824286874,0.0011118847996421364,300.0,0.009315256434943407,1.4515489433218258
42,1.1099533538485682,0.0011172548713444105,300.0,0.00951058488707383,1.4546404026275457
43,1.0909776544790664,0.0011134319704010963,300.0,0.009714765802523645,1.4347220101664144
43,1.1043163831882212,0.0011335713323473947,300.0,0.00971099026587015,1.4540987676739143
44,1.1350706337241951,0.0011961286256854517,300.0,0.009262111208854465,1.5031713304716512
44,1.1181011485613985,0.0011409417727977157,300.0,0.008860420718926438,1.4692441010804769
45,1.1036857812229646,0.0011199619195161284,300.0,0.009564786163637193,1.4492391416239083
45,1.104677547687708,0.0011459123737146255,300.0,0.009510821219923539,1.4579620779946794
46,1.0902894504608647,0.0011037225024409867,300.0,0.009710412676347428,1.4311166114521465
46,1.1186909367961269,0.0011611915525308626,300.0,0.00847568707905435,1.4755240835352428
47,1.1042278239486414,0.0011144180217685195,300.0,0.010049433844727933,1.4486026681891275
47,1.1017402369305835,0.001116019464956279,300.0,0.009948985797056954,1.4464950630192384
48,1.1145231740265948,0.0011534707843109295,300.0,0.009655017728170526,1.4702194300115383
48,1.1178450441580214,0.0011599847434243093,300.0,0.00953759138004571,1.4753780631425744
49,1.1165249899986687,0.0011600990363967033,300.0,0.009488765238955138,1.4740434595204275
49,1.1197410849256253,0.001154631085228175,300.0,0.009942067122736245,1.47607248119258
50,1.0952249347069942,0.0010963648136057933,300.0,0.009769610238235887,1.4339039910823927
50,1.1024847489348204,0.0011140348602725785,300.0,0.009605492152968928,1.4463006999635477
51,1.1094160377979279,0.0011318260550161464,300.0,0.010162710173721981,1.4591265610598643
51,1.1166469039173301,0.0011403326797160243,300.0,0.010078604765655046,1.4688253132028317
52,1.1097937972033949,0.0011455387902471607,300.0,0.009455941173090647,1.4629113761257364
52,1.1022956047309649,0.0011528498583116542,300.0,0.00970686374898624,1.457857421231926
53,1.1122748005774714,0.0011711563942642788,300.0,0.009919306604526421,1.4735410260165342
53,1.1008480240445617,0.0011229640733474147,300.0,0.010396499028685717,1.4481337461449684
54,1.110448609251495,0.0011436821784185452,300.0,0.009091593999065322,1.4626448594648904
54,1.0890431893528054,0.0010882644231085144,300.0,0.009392237550271418,1.4249147548588044
55,1.097199085096246,0.0011193750440259996,300.0,0.009848763597448735,1.4428603698129523
55,1.1091733577601406,0.001123996756219523,300.0,0.00999111480105224,1.4563634950633442
56,1.1004080380986911,0.0011484216498200298,300.0,0.009990215647004305,1.4549247446697429
56,1.101370032247343,0.0011149738681636597,300.0,0.009160856485630484,1.4450230514077835
57,1.1044587689802188,0.001146376346571183,300.0,0.010513377756119595,1.4588850537024507
57,1.091489673749497,0.0011336172397458952,300.0,0.009554385835917233,1.4411292337391475
58,1.117780962218977,0.001135447641704912,300.0,0.010168401675392368,1.4685836548674596
58,1.113190223864459,0.0011585377624798822,300.0,0.010018979671300141,1.4707705321115092
59,1.096095635738547,0.001108754842598459,300.0,0.009737626711102246,1.4384597052722217
59,1.101299276045703,0.0011059546741975233,300.0,0.009564327898460928,1.4426500048112432
60,1.091824629164617,0.0011246344991778065,300.0,0.009790367389166164,1.4390053459263723
60,1.1023687091442422,0.0011273657560237436,300.0,0.009478556474995448,1.4500569930864036
61,1.0906695026323336,0.0011175884678319029,300.0,0.00998487128607006,1.4359309175692567
61,1.1086688245812508,0.0011408691585263807,300.0,0.010144769312966971,1.4610743419220458
62,1.0969393593535575,0.0011239954978482772,300.0,0.0106646146574249,1.444802624177715
62,1.1136714427843006,0.0011514628956461788,300.0,0.009665678762574466,1.4687759878985378
63,1.1133973723677195,0.0011452705940639932,300.0,0.009373886277899146,1.4663524325579813
63,1.0919121463004857,0.0011215079898709967,300.0,0.009712156652553714,1.43807669752809
64,1.0935425001736645,0.0011195815314504756,300.0,0.009870456814442732,1.4392874118399948
64,1.0864787566552467,0.001114260563370558,300.0,0.009973148520557432,1.4307300803858205
65,1.0906674637707001,0.0011367027523901758,300.0,0.009743802805875487,1.441422094172294
65,1.1050307369667645,0.0011255591655932537,300.0,0.009588666867303182,1.4522871541105993
66,1.099694911203428,0.0011222956401240676,300.0,0.010058782229276553,1.446442383609406
66,1.1052299271930348,0.001133386198489461,300.0,0.009717442385259676,1.4549632308158007
67,1.0992671520742652,0.0011175891834196367,300.0,0.010365389440565894,1.4449092960793133
67,1.1163257565520226,0.001131917052681199,300.0,0.009981917435252065,1.465882780355051
68,1.0937328959164554,0.0010893731476360566,300.0,0.009881424525174308,1.4304262685449156
68,1.0972328150653403,0.0011434706682009732,300.0,0.00922862798098866,1.4495026422962207
69,1.0826275397653449,0.0011035441027605506,300.0,0.009904836244949195,1.4235956051033927
69,1.0877218434255418,0.0011138327052438266,300.0,0.00985454027030668,1.4317261949521767
70,1.091252044455646,0.0011170585012514162,300.0,0.009987464550984641,1.436357061068217
70,1.0954181306982693,0.0011205643783036416,300.0,0.009771819582600231,1.4413592692923873
71,1.0855445400492785,0.0011159370864101486,300.0,0.009559402673943266,1.4298850673518768
71,1.105483076247302,0.0011338937034121375,300.0,0.009755069820676,1.4554062577811155
72,1.106198160199944,0.0011607563859246963,300.0,0.010021709386310583,1.4644467800582222
72,1.0775396569606361,0.0010963263619721039,300.0,0.010484669390647168,1.4169222384417823
73,1.0786287649111315,0.001088240219343623,300.0,0.010256998811382801,1.415357825701887
73,1.0742306687516165,0.00107807091335749,300.0,0.010419917095146359,1.4080718570648263
74,1.0807292047700925,0.0010928294877096433,300.0,0.0099578825331646,1.4185359317418103
74,1.102218154614622,0.0011292641750928437,300.0,0.01005522350738333,1.4510526299476623
75,1.0958494367120473,0.0011240608275753178,300.0,0.010421857148510953,1.4434895390244924
75,1.093684815516755,0.001120137221251134,300.0,0.009628948077270293,1.439354928525071
76,1.0783364782322487,0.0011117649323107105,300.0,0.009763721121500616,1.4216296841564788
76,1.0967451037337246,0.0011280690218570756,300.0,0.010111542171947489,1.4452773506782914
77,1.0788043957867035,0.0010964370426481598,300.0,0.009999497856340928,1.4177350053504176
77,1.0827623800797896,0.0011058727799205701,300.0,0.01013647859111767,1.4246606913479891
78,1.0883769896897402,0.0010919260769944891,300.0,0.010849312333051454,1.4268041269345717
78,1.0932897236793553,0.001130155594004148,300.0,0.010174155420279258,1.442510563761132
79,1.0846862871897276,0.0011098023796917607,300.0,0.0110786727408466,1.4287056789550607
79,1.0755942138758572,0.0010919367871379522,300.0,0.009735909757331353,1.4129111617803574
80,1.0798355278359155,0.001127400392715364,300.0,0.011362184310059774,1.4294178287188213
80,1.086557854305614,0.0011186884866963903,300.0,0.009576318428893997,1.431740723956715
81,1.0773099562893176,0.0011000419010304035,300.0,0.010058544971661209,1.4173810691593989
81,1.0842757875516535,0.0011177847865430986,300.0,0.00925826319795289,1.4288694902097798
82,1.0750401903282512,0.0010892833055880726,300.0,0.00983117321421477,1.4116563580252908
82,1.0779955942336827,0.0011259232543793733,300.0,0.009674576763914191,1.4254471428318112
83,1.0856142645557176,0.001113340378601793,300.0,0.010654328852364598,1.430270709675741
83,1.0809323958375237,0.001096805078586013,300.0,0.010174819645048542,1.4201487384059213
84,1.0820279392329128,0.0011130536412978969,300.0,0.009931985396807166,1.4258760170503095
84,1.0738805822350763,0.0010881673418308227,300.0,0.010022265658798542,1.410353048281236
85,1.0689732521772384,0.0010814588314546696,300.0,0.010950409332078628,1.4043613124977459
85,1.0705112912883497,0.0010980726635672544,300.0,0.009290356224096597,1.4092234509176316
86,1.0816239748488774,0.0011111727058464153,300.0,0.010208935631354424,1.4251847233284602
86,1.0836846495055716,0.0011224029555153441,300.0,0.010082018102378878,1.4304875546394418
87,1.0836954311891036,0.0011158328741492534,300.0,0.010551750960505821,1.4289970430460843
87,1.0705608424815265,0.001108147322586526,300.0,0.010607463538392701,1.4136124954982237
88,1.0822241468127496,0.001092443481294177,300.0,0.009521070567520159,1.4194782629811387
88,1.0789339379830793,0.0011026170053148896,300.0,0.009975762575314465,1.4196948010813106
89,1.0860352602479684,0.0011166010704628988,300.0,0.010023118588837428,1.4310386979202339
89,1.087058369138024,0.0011267009215027263,300.0,0.01010997425764799,1.4351786231452768
90,1.0891585069544174,0.0011001737217831834,300.0,0.010434977282512916,1.4296455995529485
90,1.088820553096858,0.0010923697020519864,300.0,0.010779906762763858,1.4273113678802143
91,1.0888754542267651,0.0011116354464587473,300.0,0.010363811962391943,1.4327298941415385
91,1.0625195109516108,0.0010764989917809486,300.0,0.010863700345449081,1.396332901278767
92,1.0746901389126364,0.0010971332990328386,300.0,0.010973990388792943,1.4148041181368372
92,1.0787666366187805,0.0011211830061014503,300.0,0.010825898114873797,1.4259474378660184
93,1.0832579386288717,0.0011137688598121392,300.0,0.010650083112219969,1.428038676307626
93,1.0472312096047074,0.0010501502941444422,300.0,0.010630172110677242,1.3729064731293072
94,1.071671119835823,0.0011021506613265025,300.0,0.011301926702907368,1.4136182445369354
94,1.0614252136722546,0.0010790021070247286,300.0,0.010393232993832598,1.395519076417026
95,1.0682756575547396,0.0010990322855637157,300.0,0.009939478052201677,1.4079248192103486
95,1.0775911138145202,0.0011316009792082713,300.0,0.010409366560527423,1.4274807823907345
96,1.0787754246633348,0.001129246276051665,300.0,0.010317251382854907,1.427866558233897
96,1.0656053005555355,0.0010968800732938555,300.0,0.010642798699720532,1.4053121209144592
97,1.075126261060888,0.001101004397523039,300.0,0.01040438299744644,1.4158319614150308
97,1.061739933053288,0.001079168018896705,300.0,0.010126369919867144,1.3956167058113518
98,1.0771698699756103,0.0011092394369453277,300.0,0.010840127248824997,1.4207818296822634
98,1.0737014998039698,0.0011125161508140772,300.0,0.010652192247410616,1.4181085389498707
99,1.0694698594274563,0.0010707726489017166,300.0,0.010349305294985078,1.4010509516858407
99,1.0784365258433601,0.0011043766468488189,300.0,0.009696726469238373,1.4194462529637597
100,1.074976031888615,0.0010957766881223175,300.0,0.010210614145564085,1.4139196501536804
100,1.0654359949778205,0.0010920165005787468,300.0,0.010618616254855644,1.4036595606368427
101,1.0667938657782294,0.0010916772855456326,300.0,0.0104391289007088,1.4047361772168767
101,1.0779666220599955,0.0011061644569219258,300.0,0.010099111841356551,1.419915069775148
102,1.0713804361495105,0.0010888148718301884,300.0,0.010308284290261906,1.4083331842314113
102,1.072498957677321,0.0010762131698852913,300.0,0.01022461211012507,1.4055875247175043
103,1.068500115383755,0.001099276037844406,300.0,0.010239537473006004,1.4085224631157789
103,1.070674790577455,0.0011021634677573192,300.0,0.009801338415127248,1.4111251722682605
104,1.0752646509370847,0.0011150723747955847,300.0,0.01004094999925697,1.4198273148166534
104,1.0606758097807567,0.0010819208463249924,300.0,0.010808782815746112,1.3960608486171182
105,1.0686604298957407,0.0011061185662056315,300.0,0.011089270107329028,1.4115852719028246
105,1.066831861728947,0.001103261509351007,300.0,0.010141524934894555,1.4079518402548141
106,1.052007246017456,0.0010665265409360554,300.0,0.010243739277674732,1.3822089466181668
106,1.0644996775822206,0.001074419566165571,300.0,0.00992370026757602,1.3967492477460342
107,1.059212170134891,0.001064092126100811,300.0,0.010273465351201595,1.3887132706967267
107,1.0623370744965293,0.0010775097137163605,300.0,0.010285000289282338,1.3958749895746059
108,1.0770055112773425,0.001123440847678969,300.0,0.01024589904788116,1.42428366479264
108,1.0784131583842365,0.0011134114996159703,300.0,0.010277515872042965,1.42271411689845
109,1.060743528062647,0.0010791427754818209,300.0,0.010047332716005093,1.3945336932485755
109,1.0640966098416935,0.0011031525398720987,300.0,0.011070884141901677,1.406113257191398
110,1.0661086051301523,0.0010791533925591714,300.0,0.010899658082053065,1.400754283774983
110,1.0585485174231333,0.0010796387517212392,300.0,0.010098505195349319,1.392538650395119
111,1.0491310997442767,0.0010741600740319965,300.0,0.010462894032455303,1.3818420106714422
111,1.0637444695925604,0.001080931960094771,300.0,0.010573055992778985,1.3985971098076808
112,1.059132713756778,0.001080296053127809,300.0,0.01042433697836135,1.393645871769298
112,1.0585183360359884,0.0010663559192008423,300.0,0.010490264556243677,1.388915375416929
113,1.0572739804332907,0.0010775533013987694,300.0,0.011271070993759416,1.3918110397729007
113,1.0656992797147145,0.0011012903599872846,300.0,0.010445347548970444,1.4065317332744598
114,1.0495397244414237,0.0010809712838881211,300.0,0.01079887136833989,1.3846299774842719
114,1.0727215138348667,0.0011108394295495766,300.0,0.010155192219694568,1.416128538142551
115,1.0538700545375996,0.0010757008103114045,300.0,0.010939354284412482,1.3875196519223127
115,1.0604333637790246,0.0010841036442963575,300.0,0.011290176397993823,1.396954629096118
116,1.072850807688453,0.0011103739483752924,300.0,0.010431650867262348,1.4163946463303132
116,1.0761186908591878,0.0010860114892817694,300.0,0.01029875570569526,1.4122208944775843
117,1.0576316372914747,0.0010633243398677388,300.0,0.010646716223775663,1.3872756532647392
117,1.060124201395295,0.001083614630624652,300.0,0.010613473953509872,1.3958220660686493
118,1.0559101139957254,0.00106030527359425,300.0,0.010021419943818315,1.3840231209993363
118,1.0582925688136708,0.0010536959183148362,300.0,0.010978026618249714,1.38537937104702
119,1.0672150963571816,0.001072526086997283,300.0,0.010075793942916987,1.3990487119191373
119,1.054801315611059,0.001071675510584927,300.0,0.009866725405762819,1.386170694231987
120,1.0552464338866148,0.0010676379856621762,300.0,0.010790811052588238,1.3863286424766887
120,1.0622853457927703,0.0011053674818619832,300.0,0.009835631280756471,1.4037312231280588
121,1.0455645314634663,0.0010646247535148745,300.0,0.01129441506539782,1.3762463690483406
121,1.0646536893465302,0.0011084305070240092,300.0,0.010258537021846596,1.4074413773688403
122,1.0402582290485434,0.001058815580232246,300.0,0.011158961731080826,1.3690618705425868
122,1.06042153290494,0.0010839319382046192,300.0,0.010716289366127679,1.3963174056683192
123,1.0594884134151719,0.0010539115061295558,300.0,0.010519977946850386,1.386181844093583
123,1.0669691492210736,0.0011004871560461734,300.0,0.010806252820078622,1.407921545884826
124,1.0399279319532386,0.001055192812048239,300.0,0.011530744813416647,1.3680165208637987
124,1.0706680097363213,0.0010936721204250883,300.0,0.01040295026032254,1.4091725945472717
125,1.062587285473336,0.0010642418753760298,300.0,0.010801257618294178,1.3926611000596127
125,1.0635057620026849,0.0010806508634810929,300.0,0.01026709846601906,1.3979681180282073
126,1.071546372500333,0.0011090680682999928,300.0,0.010606329516634684,1.4148731204596432
126,1.0638091929934241,0.0010915326307771136,300.0,0.011667212314734405,1.40293619714
127,1.0586433589458466,0.00108942807842554,300.0,0.010115818777756596,1.3955876049670306
127,1.0648382095729603,0.0010943766971744547,300.0,0.01070684106489517,1.4038580599413737
128,1.0610257717696103,0.0010749313327489125,300.0,0.01083074657627466,1.3943359179930253
128,1.0549650381053735,0.0010611785435364308,300.0,0.011068290413454243,1.3843868887262647
129,1.0553918274966154,0.001087660718688064,300.0,0.010754909031939777,1.3924449481747367
129,1.0652047090909698,0.0010912965986459642,300.0,0.011033483874052763,1.4036271712996744
130,1.0401414421471682,0.001031162509554468,300.0,0.011406203444031152,1.3608963990753347
130,1.07528002966534,0.0011007118254466068,300.0,0.011157161016440527,1.41665073660287
131,1.0535417513413863,0.001086339414177928,300.0,0.010454917817630551,1.3898984984918075
131,1.0366692377161657,0.0010333321070692574,300.0,0.010448160746695297,1.3571170234032885
132,1.0381167479769677,0.0010397087546103376,300.0,0.011152601943085838,1.3611819738716022
132,1.0374753970991482,0.0010344640022429468,300.0,0.010227146587038244,1.3580417402765967
133,1.0490990224467143,0.0010814169943685606,300.0,0.010548077393070336,1.3840721977781927
133,1.063104942982847,0.001093118769032034,300.0,0.010022439219226891,1.401063012805852
134,1.058102457496253,0.001099300329819512,300.0,0.01016030926363204,1.3980528658086604
134,1.0465601005705234,0.0010715608124998376,300.0,0.010283203288803206,1.378311548028057
135,1.0533469836820255,0.0010707433727061885,300.0,0.011352738454429941,1.3859227313236757
135,1.0614547552835887,0.0010981330072835965,300.0,0.010696652090404503,1.4015913144495693
136,1.0588715626434846,0.0010698954574763775,300.0,0.010432447290936992,1.3902726436203177
136,1.0462524075399746,0.001070431282807311,300.0,0.01072111441118812,1.3781029097058557
137,1.050949572707733,0.0010652435895811968,300.0,0.010993077852700024,1.3815157254357144
137,1.0462394736029885,0.001052152411681494,300.0,0.010249246353156527,1.3721344395117325
138,1.0664647346193141,0.001077527547286908,300.0,0.00984851857858964,1.3995715152133594
138,1.04056196808815,0.0010445435661081734,300.0,0.010323985943316736,1.3642490235241977
139,1.0559364087980796,0.0010821982172957297,300.0,0.010375592397205632,1.3909714699330913
139,1.0558546380563216,0.0010946314624478955,300.0,0.010514580753674223,1.3947586579756304
140,1.0516775841087238,0.0010601620333916108,300.0,0.010301486454162392,1.3800276788920838
140,1.0458312045444143,0.0010390541123342701,300.0,0.010532403692857108,1.3680798427625136
141,1.0561414631930264,0.0010743353231439622,300.0,0.01001446932257915,1.3884565323591231
141,1.0219826227669262,0.0010067128213659788,300.0,0.011485129883470713,1.3354815951299883
142,1.053245090656151,0.0010563082261088965,300.0,0.011134734845033328,1.3812722879297592
142,1.0545666048472577,0.00106610328088705,300.0,0.010564449850723825,1.3849620419469746
143,1.0522303879261017,0.0010787467091008221,300.0,0.0101993072565173,1.3860537059166853
143,1.0546665555751162,0.001077313750138932,300.0,0.01183312597191509,1.389693813356339
144,1.050122415206649,0.001075856786271536,300.0,0.010955637810878794,1.3838350905613466
144,1.0368272173998043,0.001034346398343311,300.0,0.011131017306625707,1.358262163211857
145,1.0488116493052486,0.0010752152290450182,300.0,0.011231819795638458,1.382608040964981
145,1.059835541841671,0.001070425472468795,300.0,0.010187571830373275,1.39115075719842
146,1.0462833508107456,0.0010601590408988895,300.0,0.010249268013891253,1.3745803293599264
146,1.069604963606054,0.001102861645499202,300.0,0.010409775204871866,1.410873231291771
147,1.0591740128141722,0.0010930393909144203,300.0,0.010699772339196226,1.397785592672512
147,1.0488061211325905,0.001069834319059737,300.0,0.01036541095871309,1.3801218263127588
148,1.0454870485342467,0.0010560084388109884,300.0,0.010862606941043858,1.3731521826524
148,1.052259958437665,0.0010737819619249232,300.0,0.010998242448307405,1.3853927907361165
149,1.041599171194016,0.0010480477766458332,300.0,0.010148097349044222,1.366161599687861
149,1.0524577260017396,0.0010716192987853322,300.0,0.011437041470145976,1.3853805552829395
150,1.0535358244477353,0.0010757324329526818,300.0,0.010711268343798378,1.3869668258800765
150,1.0352266811137825,0.0010219971793946048,300.0,0.010744526324903263,1.3525703600628882
151,0.9995490190657702,0.0009585228405326647,300.0,0.010343817723068324,1.2974496887488798
151,0.9905676245689392,0.0009622016582665417,300.0,0.009852802570555276,1.2890809270051808
152,0.9643482786041122,0.0008966161857405258,300.0,0.010739275986362283,1.244072406410097
152,0.975391048568863,0.0009265755047431207,300.0,0.010269358122788437,1.2636330594887604
153,0.955709970480687,0.0008742430243171282,300.0,0.011137106683449232,1.2291199825368486
153,0.9573924127999727,0.0008993491737619315,300.0,0.011043839849875652,1.2382410029033284
154,0.9427975142324293,0.0008654414501375737,300.0,0.011491016113526514,1.2139209627031207
154,0.9413197778903686,0.0008685074457274708,300.0,0.011084844845951208,1.2129568586478363
155,0.9465863446931582,0.0008562945597306909,300.0,0.01192189514141966,1.2153966099292308
155,0.9501585069003405,0.0008933622334183923,300.0,0.011031909147277474,1.2291990875660836
156,0.9420960818056587,0.0008650006625962838,300.0,0.012030950315330212,1.2136272296712205
156,0.9379038398598766,0.0008640765562639908,300.0,0.012151508665484216,1.2092783185275826
157,0.9349755374966441,0.0008458335413141302,300.0,0.011831407914533876,1.2005570082514136
157,0.9189966326361304,0.000824550951087453,300.0,0.012453525450378488,1.178815444847485
158,0.9357842198900275,0.0008576722529969547,300.0,0.012811169055550619,1.2058970601977528
158,0.93310842642913,0.0008514396736696195,300.0,0.011336722794022445,1.1998770513513066
159,0.9234215598469893,0.0008313851943918224,300.0,0.012608828322728052,1.1854459477647004
159,0.9129811275649715,0.000809644801733042,300.0,0.011945460082937938,1.1678200275511355
160,0.9287166496563385,0.0008479707176518321,300.0,0.011449782048339534,1.1945576469994446
160,0.9193180294724198,0.0008219228584821722,300.0,0.0122176787127984,1.1781125635177165
161,0.9178301333846532,0.000826205152978039,300.0,0.01319813493518117,1.1788898129099687
161,0.937791973889411,0.0008418075807853014,300.0,0.012318481496107337,1.20265272796691
162,0.9015971573211687,0.0007968962925938877,300.0,0.012684963641462706,1.1533510064864907
162,0.9318520706063429,0.0008582081270509613,300.0,0.01212606888218478,1.2014405788862117
163,0.9216997217169791,0.000829872699645494,300.0,0.012476920678526697,1.1831384472248265
163,0.9274121891757298,0.0008287746999558947,300.0,0.012629208275045982,1.1886738111085422
164,0.9147881564805326,0.0008210376694755662,300.0,0.012015020739988762,1.1731144759152503
164,0.9114969190995255,0.0008203351641524867,300.0,0.012405991151243983,1.1700034598598565
165,0.9135427055337504,0.0008048116042975111,300.0,0.012439831852236337,1.1674260162986447
165,0.9174087905563046,0.0008198277217063493,300.0,0.012409456769075462,1.1757665574550629
166,0.9199299494247265,0.0008069962893994817,300.0,0.012924705328202635,1.1749535416808363
166,0.914636251103183,0.0008165877576835971,300.0,0.012787055956082828,1.1723996416870255
167,0.91699104218205,0.000821581648583336,300.0,0.012565652952600488,1.1760311845706717
167,0.9238029218575345,0.0008490195156194086,300.0,0.012284102417411692,1.1907928791815925
168,0.9122670244742936,0.0008297612324968866,300.0,0.013110797075479555,1.1743061895327718
168,0.9116445333433792,0.0008065641378449285,300.0,0.012810846517121444,1.1664246157680391
169,0.9155453676065521,0.0008170625779332986,300.0,0.013017192936080587,1.1736813390736087
169,0.9155873545349447,0.0008056365140017347,300.0,0.013498300239610832,1.1707766049378656
170,0.9077380318278154,0.0008064202361086575,300.0,0.012856676307978786,1.1625207814935077
170,0.9088245996445283,0.0007974659843811966,300.0,0.01264838697472295,1.1607127791028387
171,0.9167671327900994,0.0008059840482247747,300.0,0.012853002540073922,1.1714153525006077
171,0.9076075834543715,0.000800681248257112,300.0,0.012473071021165683,1.1602850305125318
172,0.8983433063522048,0.0007911175493993525,300.0,0.013189366536273416,1.148867931601178
172,0.9064791739788826,0.0007970341950910262,300.0,0.012748463123184816,1.1583378911018372
173,0.9090904809968888,0.0007996977212412843,300.0,0.013542064319410666,1.1625418679062027
173,0.8981504982896984,0.0007824337718363083,300.0,0.012740917428659751,1.1456215445770812
174,0.906508040000505,0.0008063128064313461,300.0,0.01255310847290328,1.160954995807511
174,0.9048204673245349,0.0007958845974749054,300.0,0.012610827070439543,1.156196671751048
175,0.8953475110199419,0.0007899760544919221,300.0,0.013705244949797477,1.1460455730891548
175,0.9066041598405539,0.000804303893065101,300.0,0.013412492880138314,1.1613078221611912
176,0.8990033124594411,0.000777114053635812,300.0,0.012944505386046164,1.1450820348722517
176,0.9002777669461853,0.0007885476069095765,300.0,0.01291895179378679,1.1497610026945448
177,0.9086111845456966,0.0008016869385576402,300.0,0.012731776928796429,1.1618490403543138
177,0.9047501335764145,0.0007991740271770666,300.0,0.012555743306624649,1.1570580882341872
178,0.8995031117056518,0.0007809522184423242,300.0,0.013411129934445959,1.1471999073776964
178,0.8862078010768634,0.0007768452342133969,300.0,0.01403319376266056,1.1332945683344597
179,0.8998958755769002,0.0007936044775195954,300.0,0.014059701539793223,1.1520369209248924
179,0.898947391542084,0.000801729915126941,300.0,0.013187342050857007,1.1526537052451762
180,0.8998738469831612,0.00078313278528703,300.0,0.013582628429136469,1.1483963118540332
180,0.8979468240064356,0.0007995125456403047,300.0,0.012785302017786177,1.1505858835350773
181,0.8923489343157798,0.0007760026551560695,300.0,0.013969472244031092,1.139119197702194
181,0.8992482324886749,0.0008037481250788499,300.0,0.013535673103625197,1.1539083457313846
182,0.8924952170774006,0.0007885807678531521,300.0,0.013650983461333364,1.1427204350986824
182,0.9060960791570724,0.0007985382245053775,300.0,0.012625953345455129,1.1582834979878414
183,0.8977952829390898,0.0007906679904261696,300.0,0.013211953343046754,1.1482076289407877
183,0.8868712905811087,0.000760486457004074,300.0,0.013160122508358527,1.1281773501447498
184,0.8913413525429542,0.0007701635096205718,300.0,0.01310084164434952,1.135491245931574
184,0.8891263620201247,0.0007682409280526866,300.0,0.012676837599330953,1.1322754797914103
185,0.8818909006001169,0.0007578220308863771,300.0,0.013508432648132134,1.1227459390334484
185,0.8883423484494334,0.000767708412199824,300.0,0.01379227571632095,1.1324471469149995
186,0.8902705126011853,0.0007838370880652887,300.0,0.014169119392425624,1.1395907597156918
186,0.9039535255175535,0.0007934389287327111,300.0,0.012855569600240398,1.1548407767385644
187,0.8806267627953414,0.0007595277257666155,300.0,0.013871997246109451,1.1223570810037877
187,0.8927934918168414,0.0007716679087220879,300.0,0.013639260217079667,1.1379331227375253
188,0.8888939701922806,0.000778335610309599,300.0,0.014543699566274881,1.1369383488802631
188,0.8924026219299556,0.000778797711663349,300.0,0.013751115718848102,1.1397930498614974
189,0.8891542668834396,0.0007785180824192245,300.0,0.012986789835458246,1.135696481963444
189,0.8901046645480956,0.0007762934012477382,300.0,0.0135085535248232,1.1365012355449489
190,0.8873458838783572,0.0007820405456109073,300.0,0.014210159817267828,1.1361682102284625
190,0.8803295273951885,0.0007698058808220325,300.0,0.0136982478272387,1.124969537482668
191,0.8883317664867024,0.0007661226071885081,300.0,0.013253141800150475,1.1314216856197392
191,0.8894375685619131,0.0007667330766071653,300.0,0.013169724554775676,1.132627214818792
192,0.892411691859164,0.0007729372464463891,300.0,0.013329401946388552,1.1376222650031873
192,0.8809226286250914,0.0007537407924866433,300.0,0.013582304982476838,1.120627172591975
193,0.8928649655372038,0.0007765960275425759,300.0,0.013803191453786442,1.1396469652920025
193,0.8840363899688549,0.0007638947833580019,300.0,0.013409776064972373,1.1266145992172139
194,0.8844651149527374,0.0007680634264661952,300.0,0.014205472568893646,1.1290896144683051
194,0.8835587830286924,0.000757238708685503,300.0,0.013772769177524631,1.124503164013405
195,0.8831041588911561,0.0007710429428551438,300.0,0.014239699773974884,1.1286567394776195
195,0.8907619698699815,0.0007783551019148676,300.0,0.013871195402430713,1.1381396929244825
196,0.8799888232363714,0.0007659962026294292,300.0,0.014200986768098155,1.1239886631345535
196,0.8862281201131675,0.0007613966044212374,300.0,0.014105064900917723,1.128752161569125
197,0.8837567178925056,0.0007598189350398729,300.0,0.015231777959808106,1.126934175400456
197,0.8811099120319692,0.0007582997258897712,300.0,0.013675066368913302,1.122274896756416
198,0.892792454482194,0.0007863892344110582,300.0,0.013803831392464817,1.142513061050877
198,0.88694990082172,0.0007813144635096936,300.0,0.013630918341985331,1.1349751559073615
199,0.8841767228237717,0.000761567542408781,300.0,0.013767549805677258,1.1264145433100885
199,0.8827962175078456,0.0007511774743158024,300.0,0.014275644037187634,1.122425104871459
200,0.8750234240908259,0.0007681302048462744,300.0,0.01384818882602079,1.1193106725076925
200,0.8857814610806282,0.0007636068098303432,300.0,0.01367949968362603,1.1285430032576147
201,0.8761791634987288,0.0007634111314008614,300.0,0.013492482741501166,1.11869498312206
201,0.8862106599615294,0.0007651807375423477,300.0,0.01377459032870328,1.1295394691651177
202,0.8851447542419348,0.0007579287124451588,300.0,0.01349455831079606,1.126017929994472
202,0.8703012398272887,0.000740184515448143,300.0,0.013629492975754722,1.1059860915881101
203,0.881403546295893,0.0007570337486138041,300.0,0.014362073039861537,1.1228757412444315
203,0.8772415987846562,0.0007504894940880537,300.0,0.014486257034884306,1.1168747044464933
204,0.8773965326392598,0.0007523738580033905,300.0,0.014380130008481143,1.1174888235303853
204,0.8748545443530574,0.0007247633439454254,300.0,0.014165871438357328,1.1064494212112084
205,0.8586501126332133,0.0007178599813341209,300.0,0.014666720433369479,1.0886748292788262
205,0.8704705170184508,0.0007287243802952392,300.0,0.014666222151778137,1.1037540538695896
206,0.8632817955295067,0.0007215523895245848,300.0,0.01552240439323132,1.095269915100705
206,0.878112701289857,0.0007467756772569418,300.0,0.0151942026772173,1.1173396057077587
207,0.8751744940676497,0.0007449135472977141,300.0,0.014891542565294713,1.1135401022808433
207,0.8741873596281214,0.0007487500761883571,300.0,0.014399602322216926,1.1132119796468538
208,0.8774866012714369,0.0007387524496266961,300.0,0.014995648732383824,1.114107984598442
208,0.8778297447466424,0.0007454512948632848,300.0,0.013266942317776349,1.1147320769461138
209,0.8798992234681334,0.0007431358212670602,300.0,0.014540102384801554,1.117380069302661
209,0.8897305471556527,0.0007445860320720905,300.0,0.01374166532540195,1.1268480247152703
210,0.8750692699104548,0.0007411159236393619,300.0,0.014282197785048214,1.1116862440747874
210,0.8711955585916128,0.0007380846562747527,300.0,0.01481563103568208,1.1074365828452366
211,0.8794014529724207,0.0007684411729574744,300.0,0.014120473453658633,1.124054277581828
211,0.8772432612521308,0.0007423247436366052,300.0,0.014260126331854346,1.114200811567051
212,0.8816728685051203,0.0007583400904098068,300.0,0.014440790477757608,1.123615681060723
212,0.8732525720926267,0.0007387691866175114,300.0,0.014132556139624544,1.1090158805517214
213,0.8784350303134748,0.0007500850663616022,300.0,0.014191961290115225,1.1176525120224272
213,0.8755984101862117,0.0007377640819130048,300.0,0.014615698542128496,1.1115433306437437
214,0.8736719219014049,0.0007375351326572854,300.0,0.01440534731331614,1.1093378053711993
214,0.8721288804497037,0.0007313728304844906,300.0,0.01392779519249286,1.105468523289476
215,0.8734809172206691,0.0007377394066939555,300.0,0.014418871347775817,1.1092216054509794
215,0.8809434050428016,0.0007435813796031912,300.0,0.01448697668092791,1.1185047940484114
216,0.8653497348672577,0.0007216795057891952,300.0,0.013841571009314586,1.0956951624580793
216,0.8833986805426166,0.0007659646606027366,300.0,0.014028105761588555,1.1272161819475115
217,0.8720362936811787,0.0007489275228311142,300.0,0.015143351928730096,1.1118579006620817
217,0.8742826916277409,0.0007536817315342757,300.0,0.013862696892049695,1.1142499103610004
218,0.8821845834276506,0.0007514409817953752,300.0,0.014367707740997762,1.1219845874501126
218,0.880490562745503,0.0007557521829377427,300.0,0.014159198110324464,1.1213754128132547
219,0.8720862109746251,0.0007260754173330497,300.0,0.015575011198442163,1.105483849000718
219,0.8639118173824889,0.0007210156105819416,300.0,0.015555035541183315,1.095771533037935
220,0.8717908582517079,0.0007319897101427029,300.0,0.014475731205103719,1.1058634987899236
220,0.8712114617228508,0.0007396782559356195,300.0,0.01452507678186521,1.1076400181544679
221,0.8690975327044725,0.0007284847615989877,300.0,0.01470326677580098,1.102346227637359
221,0.8724562935531139,0.0007405931141550225,300.0,0.0141795855556016,1.108813808432647
222,0.8648121887817979,0.000724836574136134,300.0,0.013695756794602078,1.0959589209939753
222,0.88277628538864,0.0007583772683444424,300.0,0.013976047299885457,1.1242655156446355
223,0.8723581490506019,0.0007381769899309022,300.0,0.014147852778218553,1.1079590951225586
223,0.8694297359990222,0.000724584517229232,300.0,0.014688237497466616,1.1014933288097382
224,0.8661214090617639,0.0007138856970284126,300.0,0.014386708612229475,1.0946738235652447
224,0.8609912311658263,0.0007138763532046662,300.0,0.015138367509020359,1.0902925029929196
225,0.8648121418165309,0.0007290721156810573,300.0,0.014138337317230512,1.0976721113547683
225,0.8681480583867857,0.0007230233431333285,300.0,0.014925217164480793,1.0999802774084466
226,0.8733309977022665,0.0007408211364625979,300.0,0.013913791828339786,1.1094911329980408
226,0.8756790405937603,0.00075506002498774,300.0,0.014526491139674493,1.1167235313249486
227,0.8762975864644561,0.0007350794080593914,300.0,0.01466370054757655,1.1114851050078869
227,0.8591464781867606,0.0007114037016435759,300.0,0.015403103763154442,1.0879706937287534
228,0.8672562579491309,0.0007304759783437476,300.0,0.015072075176119273,1.1014711306031262
228,0.8564605671646339,0.0007069205771585985,300.0,0.014227976769948978,1.0827647202781268
229,0.8737987253282752,0.000735470924317789,300.0,0.014923693331573824,1.109363696537912
229,0.8692898239408221,0.0007284447180739205,300.0,0.014557957921559657,1.1023811950747455
230,0.8566625305850591,0.0007121037251636153,300.0,0.01450960528537897,1.0848032544766153
230,0.8604705666324922,0.0007202790874154223,300.0,0.014910657289354796,1.0914649487073933
231,0.8726350691701684,0.0007464883081930955,300.0,0.014202491722244304,1.1107840561973197
231,0.8589049710759095,0.0007193841048060026,300.0,0.015283891766947428,1.0900040912841047
232,0.865413590467402,0.0007361415862955514,300.0,0.014812440149918464,1.101068505352097
232,0.8671918962416905,0.0007406624298320301,300.0,0.014803530756450658,1.1041941489758236
233,0.8724318432754704,0.0007409947545836206,300.0,0.015566854619204864,1.110297120575394
233,0.8578610490741474,0.0007153871053040868,300.0,0.013859729756534631,1.086336909261133
234,0.8656775797052043,0.0007140984039324394,300.0,0.014458487246884033,1.094365589852844
234,0.8696225848315018,0.0007417991270943146,300.0,0.01499089048177536,1.1071532107889652
235,0.8583825159418795,0.0007147623697229781,300.0,0.0155707897564363,1.088382016468261
235,0.8562825694680214,0.0007034702318833297,300.0,0.014392815594744337,1.081716451926955
236,0.8580840658396482,0.0007170388004331991,300.0,0.015717642495084356,1.0889133494347334
236,0.8620495873370341,0.0007255104600127586,300.0,0.014305161151111991,1.0940078870792473
237,0.8609987921746713,0.0007191561016952619,300.0,0.01464993373623916,1.0913955581241421
237,0.8543143636946168,0.0006903640837013622,300.0,0.014725655207127732,1.0761492502476488
238,0.8602002185902425,0.0007181772790707848,300.0,0.014428826410689257,1.090082230844668
238,0.8652802971856934,0.0007235734896572207,300.0,0.014611188571767084,1.096963533865554
239,0.8618825010157057,0.000720450225604249,300.0,0.014732480576120517,1.092750051457967
239,0.8633464026663985,0.0007176118005775477,300.0,0.014783753799357717,1.093413692366864
240,0.8501287629561765,0.0007199221530364801,300.0,0.014930739326311076,1.0810361493911063
240,0.8605115376412868,0.0007063278997390755,300.0,0.014581036658325632,1.0869909418480737
241,0.8665630466171673,0.0007353220302580407,300.0,0.013843406172652197,1.1010030611817325
241,0.853633058257401,0.0007224731995977761,300.0,0.014302313346498912,1.0846773344757301
242,0.8609697134899241,0.0007224234746640182,300.0,0.014339318995813042,1.0920360745596034
242,0.8650565123451608,0.0007144944267046023,300.0,0.014538294079622054,1.0939431334180492
243,0.8597091932647994,0.0007071417958286474,300.0,0.014129291868552432,1.0859810219013266
243,0.8692391556022423,0.0007290121101115281,300.0,0.014199279791293,1.1021420686904873
244,0.857501062830644,0.0007149404210135149,300.0,0.016163046030020008,1.0881462315363544
244,0.864362859832389,0.0007174540137384611,300.0,0.015492794303489583,1.095091859144824
245,0.8666272440126964,0.000726474523649553,300.0,0.014448945229690122,1.099018549147461
245,0.8685987937663283,0.0007286204148126022,300.0,0.01444169180571667,1.1016266117138522
246,0.86829377311681,0.0007264781929734454,300.0,0.014141031023297859,1.1003782620121325
246,0.8634033139262881,0.0007172289834735628,300.0,0.014872199818325629,1.0934442092797585
247,0.8667508442886174,0.0007315844335542872,300.0,0.014515141064683641,1.100741317761796
247,0.8472665841025966,0.0006801495064142468,300.0,0.014761023242109721,1.0660724565386772
248,0.862580105795392,0.0007181395160062363,300.0,0.014107341950875707,1.0921292996832304
248,0.866991960044418,0.0007274263822572331,300.0,0.013859840234675045,1.0990797158862864
249,0.856854511158807,0.0007264135451480667,300.0,0.015270764548664115,1.090049337063517
249,0.8689293217446122,0.0007358858745517084,300.0,0.014221638599078037,1.1039167238133294
250,0.8603040087702019,0.0007146032312773189,300.0,0.014376544861339166,1.0890615289764745
250,0.8504388929743852,0.0007080598364024938,300.0,0.016082413332437033,1.078939254661756
251,0.8614732820008483,0.0007131187772496819,300.0,0.015262743374998016,1.090671659713345
251,0.8598268516361713,0.000720497506238514,300.0,0.01553809784465037,1.0915141979764615
252,0.8581289828621915,0.0007103095821808633,300.0,0.014126560823310033,1.085348416119814
252,0.8647683133770313,0.0007187323504110411,300.0,0.015035059714656589,1.0954230725765228
253,0.8659729098102876,0.0007167150129134825,300.0,0.01520071730608054,1.09618813198592
253,0.8585214580276183,0.0007055957585829933,300.0,0.015246151083764354,1.0854463340448481
254,0.8604290664994291,0.0007278164603771334,300.0,0.015037916536259997,1.0938119229727559
254,0.8598260687930244,0.0007125868923399789,300.0,0.014703546049921508,1.0883056840726308
255,0.8630148252206189,0.0007300653258295954,300.0,0.014370739825868182,1.096405163673418
255,0.8717511243053845,0.0007264810005186259,300.0,0.01427043418100636,1.103965860392366
256,0.8654627833249313,0.0007095636065709446,300.0,0.015257143625474003,1.0935890047944017
256,0.8623863310952272,0.0007108459352431444,300.0,0.014252400587013523,1.0898925113890852
257,0.8586776168750865,0.0007091721946121002,300.0,0.016135252825084274,1.0875645359711987
257,0.8596678565123251,0.0007050109546266217,300.0,0.015094437663460017,1.0862655744754843
258,0.8584564526432327,0.0007144688490500682,300.0,0.014815261223702691,1.0876123641750641
258,0.8539433508579221,0.0006980827304882301,300.0,0.015882399309443178,1.0792505753093533
259,0.8542950847851378,0.000709022018522124,300.0,0.014709646103645875,1.0817113404295273
259,0.8656073513307742,0.0007224721197027455,300.0,0.01460602100477055,1.0969550045473235
260,0.8524393170539822,0.0007024424819519481,300.0,0.015446910748973355,1.0786189724292075
260,0.8586137889485274,0.0007168613230663011,300.0,0.014187157796446368,1.0878593373511518
261,0.8576790172872799,0.0007113975613200248,300.0,0.0157068719698665,1.0868051532389862
261,0.8542376096759524,0.0006895493775768305,300.0,0.014924524162779562,1.0760269463062286
262,0.8504379093647003,0.0007065145557914677,300.0,0.014280377034862925,1.0766726511397533
262,0.8635184073022434,0.0007186991802622547,300.0,0.014166536630779904,1.09329469847892
263,0.8685575901929822,0.0007176333689520627,300.0,0.015121183294728066,1.0989687833935022
263,0.8544894122917738,0.0007020785741847899,300.0,0.015176598583431249,1.0802895808592439
264,0.8462914231100253,0.0006907440104961486,300.0,0.014479558501209664,1.0679941857233644
264,0.8605627704943929,0.0007200676764438997,300.0,0.014425914058977338,1.0910089864794696
265,0.864268384873867,0.0007262239515577156,300.0,0.015182328736825314,1.097317891993693
265,0.869711011515132,0.0007339778789758254,300.0,0.015260672250795844,1.105165044377957
266,0.8561590143612453,0.0007041504220199256,300.0,0.015627655770263767,1.0830317972494024
266,0.842052942940167,0.0006758941653320757,300.0,0.014903198447427712,1.059724396360772
267,0.8592319978134972,0.000713199090893925,300.0,0.014578725265372279,1.0877704487315245
267,0.8599134398890393,0.0007078847278145466,300.0,0.015585377716758688,1.0878642382366317
268,0.8532301607940879,0.0007068067921928949,300.0,0.015432359357613936,1.080704559438995
268,0.8784982306616647,0.0007418349823637982,300.0,0.015038075798656791,1.116086805505412
269,0.8543435611895153,0.0006931251861195571,300.0,0.01561971166458014,1.0779008293258292
269,0.8469275635268007,0.0006889447463761046,300.0,0.015526276551619438,1.0691372640430927
270,0.8493956540312085,0.0006955948740921615,300.0,0.015273622569761105,1.0733477401414089
270,0.8622171579461012,0.0007272615286443138,300.0,0.014950706367796687,1.0953463230814253
271,0.8569027279902782,0.0007068461914384118,300.0,0.015887363959336653,1.0848439518096191
271,0.8517206915255103,0.0006862070846571962,300.0,0.0152309322002111,1.0728137487811702
272,0.8439012497131314,0.000685054185851186,300.0,0.015032387856211114,1.064449893310666
272,0.8530859900638461,0.0007035533096443812,300.0,0.013939372195246895,1.078091356105038
273,0.8623446798218148,0.0007093798816900484,300.0,0.015175259251139193,1.0903339093284947
273,0.8554504142541971,0.0007048178256029912,300.0,0.015418188649554005,1.082313948976142
274,0.8479523163821016,0.0006923014068433986,300.0,0.015563073201129944,1.0712058102445943
274,0.8551155906170607,0.0006866914330722855,300.0,0.014863569852812881,1.075986591034702
275,0.8571124169975519,0.0007231382818905072,300.0,0.014652599125318895,1.0887065074805702
275,0.8577833774366549,0.000720361292873609,300.0,0.014875001274049282,1.0887667651155166
276,0.8595554714224168,0.0007006324603935354,300.0,0.016033894544567114,1.0857791062444448
276,0.8568414553467717,0.0007063026467091861,300.0,0.014926084683143668,1.0836583351982492
277,0.8630330610488143,0.0007310095602406363,300.0,0.015433216386424777,1.0977691470512323
277,0.8527338770883424,0.0006860853797141837,300.0,0.015601454369191612,1.0741609412112407
278,0.8420699379806008,0.0006992700325879143,300.0,0.017317168728498342,1.0691681204895889
278,0.8565955441445112,0.0006984432187177195,300.0,0.013860442191279227,1.0799889521939414
279,0.8473652085023267,0.0006799689659341571,300.0,0.015476659920490679,1.0668325553249036
279,0.8623439239870224,0.0007254813209718643,300.0,0.015621673787661296,1.0956099930086307
280,0.8590788624382445,0.0007048275542729243,300.0,0.015542064701938736,1.0860691948660783
280,0.8487083283918244,0.0006868743702658062,300.0,0.01513422353621406,1.0699048648987497
281,0.8567755842315299,0.0007026379461032255,300.0,0.01446980596353699,1.0820367746055126
281,0.8575361482799053,0.0006907976291716165,300.0,0.015446384485195657,1.08022182275142
282,0.8593759228076253,0.0007082958217584487,300.0,0.01462135634418311,1.086486023983785
282,0.8656033763129797,0.000724528933525497,300.0,0.014918089974214257,1.0978801434061356
283,0.8473952460501876,0.0006894644037466995,300.0,0.014985370929935016,1.0692199364836728
283,0.8417158778756857,0.0006794738001677356,300.0,0.015480305051564105,1.0610383244098298
284,0.8473520787166697,0.0007034273461873194,300.0,0.015464394700497255,1.07384467803474
284,0.848767576739192,0.0006825530689249197,300.0,0.014430001750172648,1.0679634931896413
285,0.8644376112414258,0.000720244402633138,300.0,0.014763739118019916,1.0952746684529953
285,0.8458598455680268,0.0006918226852121734,300.0,0.015716411932122094,1.0691230595111847
286,0.85391887064491,0.0006878045318704348,300.0,0.015058341537951492,1.0753185746393032
286,0.8593679214162486,0.0007018679550908148,300.0,0.01490457399839735,1.0848328827747278
287,0.8575811050832272,0.0007074301506041333,300.0,0.01546546841356238,1.0852756167628936
287,0.8515983685585005,0.0006915533583001629,300.0,0.01566279745851976,1.074727177619934
288,0.8573617246001959,0.0007039024909058103,300.0,0.014523329795338213,1.0830558006252562
288,0.8497481999386635,0.000693739410118204,300.0,0.015994214404989698,1.0738642354096686
289,0.8505409284095679,0.000703349122529419,300.0,0.015541950151340902,1.0770876136209284
289,0.8468638244750244,0.0006815219554547573,300.0,0.014155987943273171,1.065476399713329
290,0.8354217700128045,0.0006784166113707865,300.0,0.014922300682103793,1.053869058777179
290,0.8499761378126485,0.0006834600601125983,300.0,0.015375303389321613,1.070389459441815
291,0.8546626372262836,0.0006998101428702544,300.0,0.015350422925881244,1.079956101785813
291,0.8544412959100944,0.000707391102618463,300.0,0.015291003398098317,1.0819496270269156
292,0.8485635827694621,0.0006999215474934317,300.0,0.015878492833248208,1.0744185402457203
292,0.846572996782405,0.0006841522239743167,300.0,0.0153883988553259,1.067207058891654
293,0.8487336308296237,0.0006872931107539314,300.0,0.014692939007155863,1.0696145008717264
293,0.8618974560605628,0.0007174198753351188,300.0,0.014467911663814448,1.0915913287816303
294,0.8550631914819989,0.0006990642885154687,300.0,0.015697962086830688,1.0804804394553815
294,0.8496326149574348,0.0007045311757402877,300.0,0.015249976846722088,1.0762419422556246
295,0.856087365852935,0.0007137130696556986,300.0,0.016222375387899644,1.0864236624911427
295,0.8518397565931082,0.0007101328453375443,300.0,0.016481143125149953,1.0813607581491982
296,0.8555690414671387,0.0007099263039955466,300.0,0.015654771655265774,1.0842017011184777
296,0.8541862786348376,0.0006960014218618328,300.0,0.014554478157411463,1.0775411826159274
297,0.8596024016982743,0.0007116808988030243,300.0,0.015118909924889781,1.088225584211094
297,0.8504125732662422,0.0007070656137914609,300.0,0.015234588264969975,1.0777668420757567
298,0.8654342192624297,0.0007087658603138282,300.0,0.014154025395068206,1.0922180046992642
298,0.8506532981991768,0.0006810296610767962,300.0,0.015776517642994543,1.0707387156518442
299,0.8444703025743365,0.0006775172209602585,300.0,0.014968685238272883,1.0626941518858075
299,0.8444191770894187,0.0006880250008569939,300.0,0.014896355198288802,1.06572302843311
300,0.8535520564764738,0.0007015017844033926,300.0,0.015322625005085553,1.0793252137622662
300,0.8479597408856664,0.0006831125748638962,300.0,0.01646205371486888,1.0693555640588914
301,0.8399055158453328,0.0006685696240375753,300.0,0.015093800482905604,1.0555702046092068
301,0.8323186907385077,0.0006706126839942174,300.0,0.015878437421633862,1.0493809370590108
302,0.8390163965523243,0.0006684275466081349,300.0,0.015193252756684419,1.0547379084995814
302,0.8456548138388565,0.0006820411430063748,300.0,0.015805841294682717,1.0660729955083557
303,0.8321987516911966,0.000657285787172311,300.0,0.016438295418213653,1.0458227823089277
303,0.8429001577730689,0.0006542679018041651,300.0,0.015342560334829614,1.0545230936259031
304,0.8286118235971246,0.0006474903765203115,300.0,0.015052666829433292,1.0379116050899029
304,0.839622036154781,0.0006608138366703185,300.0,0.015277250276994891,1.053143436089158
305,0.8232516952391181,0.0006347092092125552,300.0,0.015638487133920926,1.0293029472231865
305,0.8243728870792049,0.0006227434047494691,300.0,0.015780188604756922,1.0269760941820485
306,0.8307275007079754,0.0006474303286592788,300.0,0.016279350264604937,1.0412359507754445
306,0.8268677366099187,0.0006307209878936451,300.0,0.016326941934364316,1.032410972618631
307,0.8251423986096468,0.0006629665042834988,300.0,0.016361903687149088,1.0403942562905806
307,0.8318165271942105,0.0006470157055186324,300.0,0.015381420376278194,1.0413026598149113
308,0.8244306320058448,0.000627999717802855,300.0,0.01580054372815149,1.0286310891221677
308,0.8293371299015624,0.0006349147379946121,300.0,0.015626952147743265,1.0354384982160159
309,0.827245327377958,0.0006378749193182946,300.0,0.01582824795955925,1.034436050536377
309,0.8300221224448511,0.0006443877574448768,300.0,0.01599242014552666,1.039330866320857
310,0.8224133415413755,0.0006252059603346945,300.0,0.016182102639244737,1.026157227477857
310,0.8266523339386497,0.0006385806422518467,300.0,0.015498669161128678,1.0337251983582973
311,0.8220974882798535,0.0006223099670868189,300.0,0.015280961571469171,1.0240714430276836
311,0.8210828296308007,0.0006363858661383606,300.0,0.01543797076426147,1.0274365597537585
312,0.8202282711863518,0.0006246749223919323,300.0,0.01583832943392086,1.023469082612012
312,0.8163421073529337,0.000625938660245343,300.0,0.01631248034703146,1.020436184081648
313,0.8269250629735845,0.0006215613914264395,300.0,0.01583560866960657,1.0292290896177292
313,0.8279141770409686,0.000640034378193377,300.0,0.015586485754673569,1.0355109750692333
314,0.8200705164511289,0.0006284304030746821,300.0,0.015381306294459916,1.0239809418895416
314,0.8174617310453739,0.0006160485399959725,300.0,0.01564527490076476,1.0179215651005507
315,0.8313076317842517,0.0006480292460569867,300.0,0.016833044634300416,1.0425494496843644
315,0.8232285579932588,0.0006254659004818157,300.0,0.016588580451623005,1.0274569067571844
316,0.8296426062339118,0.0006452798933033981,300.0,0.014987891341401596,1.0382144687963384
316,0.8194962851703167,0.0006543457764434736,300.0,0.016608831273125752,1.0324088432160872
317,0.8300415346665042,0.0006505142381294198,300.0,0.01656001380719577,1.0417558194271155
317,0.8278677849365133,0.0006254541860601291,300.0,0.016298012556425028,1.031802053829389
318,0.8180236031434366,0.000622700694748346,300.0,0.016015647690177763,1.0208494571436728
318,0.8286818561277219,0.000639416430788385,300.0,0.016198278814304752,1.036705061261143
319,0.8284595691199813,0.0006451229372877216,300.0,0.016645110919073756,1.0386415612218636
319,0.8189859325066209,0.000620411467545117,300.0,0.016706468932430392,1.0218158409531628
320,0.8229601165013654,0.0006261990830418134,300.0,0.016371475308135684,1.0271913216316275
320,0.8195251298270055,0.0006170427893071714,300.0,0.01614035273918749,1.0207783175366265
321,0.8196769318144236,0.0006217189223402134,300.0,0.016731017199552816,1.0229236268039261
321,0.8118956583951201,0.0006141979804397124,300.0,0.016308079521487735,1.0124631371083004
322,0.8131344988942146,0.00060949256677694,300.0,0.017000064372301234,1.0129823344094413
322,0.8191608242424471,0.0006296704186752322,300.0,0.016291998112657375,1.0243539472243615
323,0.8248263455129096,0.0006295539214501592,300.0,0.015861798030008294,1.0295543232932687
323,0.8233556586450764,0.0006128815727736635,300.0,0.015853032488459057,1.0230731651453036
324,0.8198674567309874,0.0006149946586252294,300.0,0.01631369085849396,1.0206795422626393
324,0.816788547140147,0.0006286969093512848,300.0,0.015415850425987239,1.0208134725689888
325,0.8128833517964397,0.0006250401073007847,300.0,0.016464290261085677,1.0168596749593104
325,0.8228821137121746,0.00062760596915723,300.0,0.017142302076016285,1.0283062069543771
326,0.8090136983831014,0.0006066410670817797,300.0,0.016437791612198844,1.0074438101478986
326,0.8260664480871388,0.0006303766168684888,300.0,0.015883369383768046,1.031062800570258
327,0.807027508903827,0.0005996089928430592,300.0,0.014993300628183144,1.0019035101202982
327,0.8172101427667907,0.0006286193287061386,300.0,0.015381768572426933,1.021177705111248
328,0.8155081567487547,0.0006147642709493084,300.0,0.0174675074314499,1.0174049488934023
328,0.8201804480382374,0.0006200419282517292,300.0,0.016147350732353516,1.0223403783249003
329,0.8128166412934661,0.0006177548795156847,300.0,0.016612685137910636,1.0147557889244385
329,0.8251982001321656,0.0006268205195283372,300.0,0.014949582725031567,1.0281939349536384
330,0.822454750005688,0.0006295115145543864,300.0,0.0157030234362797,1.027011230055775
330,0.8175978417109165,0.0006228392588971994,300.0,0.01613382888691766,1.0205834514594503
331,0.8140302691608667,0.0006182590457228798,300.0,0.016817469536493133,1.016325450502336
331,0.8089177809389574,0.0006146381238717627,300.0,0.01564127369991703,1.0089504913027798
332,0.8201620669237205,0.0006205775147723866,300.0,0.0154341182434499,1.0217694347458226
332,0.8049392970278859,0.0005959761992601541,300.0,0.016569675322638693,1.0003018331314837
333,0.8175492229472313,0.0006303605072811738,300.0,0.01601832795547255,1.0226757055414575
333,0.8209025933008108,0.0006151226995305999,300.0,0.016010108210528933,1.0214495134672947
334,0.8152427048023257,0.0006125452684955235,300.0,0.015912505167112352,1.0149187864735723
334,0.8140982867085508,0.0006148931898743675,300.0,0.016777051344563785,1.0153432938137226
335,0.8227710396583591,0.0006262088628383415,300.0,0.01672535306715872,1.027359055089099
335,0.8206125950174672,0.0006162820306729243,300.0,0.016385964487978657,1.021883166794266
336,0.8184818888881377,0.0006297510493758247,300.0,0.016332047459270273,1.0237392541021109
336,0.8182870406391365,0.0006172672675087856,300.0,0.015692503133323044,1.0191597250689353
337,0.8165120050044996,0.0006105117817177026,300.0,0.015985341430808018,1.015650877462966
337,0.8158859227384839,0.0006157935688081904,300.0,0.01607704060110596,1.0167010352015495
338,0.8156825484974044,0.0006044621559015338,300.0,0.0163656974535635,1.013386892686997
338,0.810699464487178,0.0006011263297166027,300.0,0.016819974883609184,1.007857340254954
339,0.8125355370076639,0.0006126265082652285,300.0,0.017031468237941487,1.0133549596316047
339,0.8209431929779905,0.0006268416647929241,300.0,0.01649012146351327,1.0254858144159829
340,0.8134079429187945,0.0006158203832455911,300.0,0.016065046388705793,1.014219103913222
340,0.8162079728873712,0.0006200647093399832,300.0,0.016139809958986007,1.0183671908453107
341,0.8152949143467205,0.0005994139396047363,300.0,0.017186992240437706,1.0123060884486352
341,0.816045000217855,0.0006087875724136081,300.0,0.016735220431915616,1.0154164879183685
342,0.8189893567136356,0.0006210207598737075,300.0,0.01598995527975993,1.0212855392268725
342,0.818588855676353,0.0006315157521450081,300.0,0.016269956929526024,1.0243135360734803
343,0.8239365204104355,0.0006399551738403326,300.0,0.015082275181027529,1.0310053495424134
343,0.8192365911922285,0.0006208477604364557,300.0,0.01596740556124132,1.0214583232466663
344,0.8195003925689629,0.0006104507304241581,300.0,0.01622296692013541,1.0188585804509265
344,0.8016333059806909,0.0005916210117707774,300.0,0.016009586736410193,0.9951291971706918
345,0.8105664859924998,0.0006109687497947951,300.0,0.016553244558703488,1.0104103527430977
345,0.8144390443339944,0.000614058188927759,300.0,0.01716980005273529,1.0158263043101345
346,0.8222154352281775,0.0006340162174508025,300.0,0.016310344579064155,1.0287306408530899
346,0.8198563939492617,0.0006202353288407332,300.0,0.016597716817549162,1.022524708615882
347,0.8231762384197542,0.0006148140022495292,300.0,0.016488342489797754,1.0241087832088982
347,0.825569006614387,0.0006366228457019523,300.0,0.015924595086419555,1.0324804519436188
348,0.8033771482961518,0.0005948659393847525,300.0,0.017955434548119747,0.9997923676190632
348,0.8195111980395657,0.0006156024273877847,300.0,0.0168326631371331,1.0210245911564146
349,0.8120505139231682,0.0006148027100932398,300.0,0.0168863688689141,1.0133776941469737
349,0.8160127329507044,0.0006140583173289217,300.0,0.01663534993713256,1.0168655748878206
350,0.812088926056666,0.0006006285196105766,300.0,0.0169529392795604,1.009230418929032
350,0.8122848578329597,0.0006091284489489876,300.0,0.015839025149554282,1.0108624144590326
351,0.8242010886647871,0.000630157148114969,300.0,0.015598536564669172,1.028846767864057
351,0.8185399557862963,0.0006080557154096564,300.0,0.01796635457139928,1.0189230262434907
352,0.8233341109007597,0.0006281753499674128,300.0,0.01732403772309356,1.0291107509817397
352,0.8022435009479523,0.000591993936983012,300.0,0.016594208693797036,0.9964358910386052
353,0.8077353497168848,0.0006001688247709223,300.0,0.016983811477465287,1.0047698035570127
353,0.8204131182283163,0.0006271281411045493,300.0,0.016199896336599653,1.0247514556561197
354,0.8059173770514982,0.0006005033279247332,300.0,0.016313152799349546,1.00238152806248
354,0.808983625844121,0.0005951211470086751,300.0,0.017305797940935008,1.0048257685931665
355,0.814497339805322,0.0005968754293072769,300.0,0.016911815488128923,1.010471788634147
355,0.811966917211456,0.0005949066156907585,300.0,0.01543051764435534,1.0058694197131055
356,0.8195519492562328,0.0006299477392985864,300.0,0.015920836613596685,1.0244571059676153
356,0.8066526083940906,0.0005998463416127768,300.0,0.016792794884947528,1.0033993067752038
357,0.8162609572921481,0.0006172643927909251,300.0,0.01740332383945185,1.0188436015908207
357,0.8042009754904679,0.0005876291257891353,300.0,0.017418248422992683,0.9979079633152911
358,0.8114458154886961,0.0006041002779316581,300.0,0.018210785681731068,1.0108866821974516
358,0.8094579195603728,0.0006055644621158406,300.0,0.016493301555913473,1.0076205618679523
359,0.8189754126859563,0.0006196539411575941,300.0,0.015795127906520583,1.0206667260665978
359,0.8099383871470179,0.0006100112703636894,300.0,0.016303160229914022,1.009244928269514
360,0.8182988031102079,0.0006208765876181133,300.0,0.01633903404789245,1.020900814660958
360,0.8109449897227543,0.000610343483588492,300.0,0.016316587722810385,1.0103646236072694
