1,0.6930404305458069,0.3707467019557953,0.928286075592041,0.576225757598877
2,0.6301124095916748,0.349187970161438,0.8815731406211853,0.5465496778488159
3,0.5868281722068787,0.3548925518989563,0.8787187933921814,0.5488920211791992
4,0.5757115483283997,0.3610254228115082,0.9077162146568298,0.5389700531959534
5,0.5035445690155029,0.3633310794830322,0.9097275733947754,0.5577799677848816
6,0.5035116076469421,0.3632979393005371,0.909747838973999,0.5577766299247742
7,0.28173449635505676,0.2764113247394562,0.5226708650588989,0.6031213402748108
8,0.31330856680870056,0.25928670167922974,0.547311544418335,0.6094998717308044
9,0.27112728357315063,0.2548937201499939,0.5046183466911316,0.634928822517395
10,0.29359692335128784,0.24979917705059052,0.5215879082679749,0.6363805532455444
11,0.3120429217815399,0.24604187905788422,0.53254234790802,0.6265473961830139
12,0.2684016823768616,0.2559680640697479,0.4834275245666504,0.6592859625816345
13,0.2848399579524994,0.2448078989982605,0.5031147599220276,0.650905430316925
14,0.29735955595970154,0.24208243191242218,0.513236403465271,0.6525396704673767
15,0.2760365605354309,0.2567031681537628,0.4996754825115204,0.6885934472084045
16,0.28889769315719604,0.2482541799545288,0.4989866614341736,0.6643430590629578
17,0.2831745445728302,0.2565764784812927,0.4946790933609009,0.6573328375816345
18,0.29769229888916016,0.26148033142089844,0.515646755695343,0.684690535068512
19,0.2743434011936188,0.2514443099498749,0.4815289080142975,0.6599897146224976
20,0.2881048917770386,0.25782105326652527,0.49685725569725037,0.6804093718528748
21,0.28919756412506104,0.25584253668785095,0.4998953342437744,0.67393559217453
22,0.23460131883621216,0.26133856177330017,0.4469935894012451,0.694726288318634
23,0.2691265344619751,0.2552642524242401,0.47353196144104004,0.6699236035346985
24,0.2669307589530945,0.2594948410987854,0.48012134432792664,0.7002545595169067
25,0.27519363164901733,0.25533559918403625,0.4835173189640045,0.6815016865730286
26,0.28258779644966125,0.28366953134536743,0.49100109934806824,0.7166019082069397
27,0.2771873474121094,0.2761783003807068,0.5029922127723694,0.7153041362762451
28,0.27918365597724915,0.2767336666584015,0.48258668184280396,0.7006743550300598
29,0.30238085985183716,0.26924294233322144,0.5082283616065979,0.6920490264892578
30,0.2995729446411133,0.2777404189109802,0.5120941996574402,0.7028337717056274
31,0.2745879292488098,0.26833614706993103,0.4744005501270294,0.6731727123260498
32,0.29825499653816223,0.2733354866504669,0.49609795212745667,0.6814435124397278
33,0.26346319913864136,0.2704051434993744,0.4786035418510437,0.7385932803153992
34,0.3073972761631012,0.289042592048645,0.5164196491241455,0.7067516446113586
35,0.2756727337837219,0.2771012783050537,0.47759974002838135,0.6921056509017944
36,0.2733117640018463,0.2684783339500427,0.4926147758960724,0.7234206199645996
37,0.2827044129371643,0.28032422065734863,0.4915643632411957,0.7094768285751343
38,0.26972267031669617,0.26336634159088135,0.4632919728755951,0.6641565561294556
39,0.27581942081451416,0.2826211750507355,0.5141377449035645,0.7634753584861755
40,0.28665685653686523,0.2833618223667145,0.5127992033958435,0.7464090585708618
41,0.27123913168907166,0.28153514862060547,0.47483980655670166,0.7145518660545349
42,0.29921698570251465,0.28293463587760925,0.5164722204208374,0.7286199927330017
43,0.24497190117835999,0.28500187397003174,0.4634002149105072,0.7401418685913086
44,0.25615260004997253,0.2784344553947449,0.47202184796333313,0.7236330509185791
45,0.26381638646125793,0.3273358941078186,0.47132641077041626,0.7602695822715759
46,0.2445361465215683,0.2817848026752472,0.4602600336074829,0.7400429844856262
47,0.24808625876903534,0.2852911949157715,0.4694448709487915,0.7452031970024109
48,0.24346759915351868,0.27896392345428467,0.4488361179828644,0.7017056345939636
49,0.24118877947330475,0.2811376750469208,0.46310532093048096,0.7383573651313782
50,0.2864014506340027,0.2795788645744324,0.4920896291732788,0.7076034545898438
51,0.2538169324398041,0.2948840856552124,0.4943307936191559,0.788396954536438
52,0.2518407702445984,0.3074217438697815,0.47846245765686035,0.7866223454475403
53,0.23923993110656738,0.3095661401748657,0.47888731956481934,0.7969121932983398
54,0.240935817360878,0.2892875075340271,0.45957887172698975,0.7676733732223511
55,0.2743488848209381,0.27240559458732605,0.4736465811729431,0.6942914128303528
56,0.261538565158844,0.2929096817970276,0.47817307710647583,0.7580261826515198
57,0.22300274670124054,0.2874605655670166,0.4462360739707947,0.7599480748176575
58,0.23714381456375122,0.30485981702804565,0.4735896587371826,0.7747033834457397
59,0.24455854296684265,0.2974853515625,0.4765605032444,0.7683361172676086
60,0.2644665539264679,0.3777480125427246,0.5271763205528259,0.8943406939506531
61,0.22056294977664948,0.29030779004096985,0.4462002217769623,0.7537168860435486
62,0.2451498806476593,0.2797652781009674,0.4514847695827484,0.734657883644104
63,0.23899686336517334,0.3133907616138458,0.4820828139781952,0.8094800114631653
64,0.25561124086380005,0.29016971588134766,0.46952006220817566,0.726367712020874
65,0.242270365357399,0.3119978904724121,0.47403666377067566,0.7713666558265686
66,0.23981811106204987,0.313821017742157,0.4698726236820221,0.7975383400917053
67,0.24899065494537354,0.2849580645561218,0.45488646626472473,0.726456880569458
68,0.23838678002357483,0.2931462526321411,0.44688794016838074,0.7397480010986328
69,0.2377418726682663,0.32264187932014465,0.4719352126121521,0.813433051109314
70,0.2583377957344055,0.273508220911026,0.44626280665397644,0.6844285726547241
71,0.2565722167491913,0.30405399203300476,0.48874631524086,0.7871930599212646
72,0.20956800878047943,0.31389346718788147,0.41842103004455566,0.8031308650970459
73,0.22497299313545227,0.30384305119514465,0.45466142892837524,0.7739978432655334
74,0.24195066094398499,0.31031978130340576,0.473789244890213,0.7747381925582886
75,0.20897173881530762,0.3048211336135864,0.4322546124458313,0.7738010287284851
76,0.2539605498313904,0.3083127737045288,0.47754669189453125,0.7701703310012817
77,0.23491770029067993,0.28179675340652466,0.44711607694625854,0.7320272326469421
78,0.23357485234737396,0.3055928647518158,0.4518220126628876,0.7805750966072083
79,0.2086697369813919,0.29368856549263,0.42373913526535034,0.742526650428772
80,0.21090663969516754,0.2964596748352051,0.42753809690475464,0.7638974785804749
81,0.24415463209152222,0.30914628505706787,0.4607606530189514,0.774967610836029
82,0.21724168956279755,0.2847867012023926,0.4245540499687195,0.740839421749115
83,0.21153588593006134,0.28392723202705383,0.4268532991409302,0.7416102886199951
84,0.23169460892677307,0.2883964776992798,0.45491907000541687,0.7469570636749268
85,0.23149912059307098,0.29828184843063354,0.44707146286964417,0.7460579872131348
86,0.23986120522022247,0.29324790835380554,0.45312950015068054,0.7481066584587097
87,0.22921442985534668,0.3025817573070526,0.44237661361694336,0.7634504437446594
88,0.24440161883831024,0.2841843068599701,0.4517039954662323,0.7225199341773987
89,0.2333114743232727,0.2986031770706177,0.4423132836818695,0.7493800520896912
90,0.2043268233537674,0.3138931691646576,0.4173509478569031,0.7593119144439697
91,0.21800541877746582,0.29462486505508423,0.43143850564956665,0.7411527037620544
92,0.21180389821529388,0.31627169251441956,0.4295961856842041,0.7693561911582947
93,0.2113477736711502,0.2956255376338959,0.4143350124359131,0.7236828804016113
94,0.1982279121875763,0.3002321124076843,0.4256715178489685,0.769985020160675
95,0.21511419117450714,0.3064524829387665,0.4195737838745117,0.7383908033370972
96,0.21379482746124268,0.31501296162605286,0.438753604888916,0.7787728905677795
97,0.2111012041568756,0.314963698387146,0.42558860778808594,0.7817240953445435
98,0.22257468104362488,0.30458521842956543,0.43261292576789856,0.7433780431747437
99,0.2143768072128296,0.32254675030708313,0.4448432922363281,0.8232725262641907
100,0.212567538022995,0.30578383803367615,0.4378519356250763,0.7810123562812805
101,0.21017059683799744,0.3026364743709564,0.4188273549079895,0.7541645765304565
102,0.20632286369800568,0.30465084314346313,0.4237499535083771,0.759857177734375
