epoch,w_net_1_0,w_net_1_1,w_net_1_2,w_net_1_3,w_net_1_4,w_net_1_5,w_net_1_6,w_net_1_7,w_net_1_8,w_net_1_9,w_net_2_0,w_net_2_1,w_net_2_2,w_net_2_3,w_net_2_4,w_net_2_5,w_net_2_6,w_net_2_7,w_net_2_8,w_net_2_9
6,0.4546173620723749,0.4620442319187089,0.4623483405194023,0.479272585060618,0.46022784554894647,0.478617106314948,0.4377591263019516,0.4577019568489713,0.4453598014888338,0.45255847206618327,0.4525329078579977,0.4606943335993615,0.4617293755584235,0.47600381396334357,0.4600217972852473,0.48342256034563724,0.4403193612774451,0.45461928934010154,0.4477981197427017,0.4523197201933957
6,0.09903,0.10065,0.10072,0.10441,0.10026,0.10426,0.09536,0.09971,0.09702,0.09859,0.0986,0.10038,0.10061,0.10372,0.10023,0.10533,0.09594,0.09906,0.09757,0.09856
7,0.46509537601118545,0.47210510834395536,0.4769480190495492,0.4986785932100021,0.47360063517268747,0.49877004821411,0.4537856929658741,0.46901945057148586,0.45366336633663373,0.4592981372851703,0.46811424100156496,0.4679448771719592,0.47615181652120964,0.4959155210201235,0.47096252903747104,0.4998983119788488,0.4537773848118676,0.4685188886667999,0.4531219028741328,0.46004056795131854
7,0.09877,0.10032,0.10088,0.10503,0.10029,0.10497,0.09575,0.09952,0.09655,0.09793,0.09895,0.09981,0.10081,0.10446,0.10006,0.10569,0.0961,0.09922,0.09683,0.09806
8,0.47167235494880555,0.470815578238034,0.48371854134566006,0.4988997799559911,0.4734946989397879,0.5007530876594035,0.45434889434889425,0.47008374533346786,0.4531156679275333,0.4623677786818552,0.46978323843771863,0.4705044751830757,0.4834022802946223,0.5000500350245172,0.47328167454966286,0.5012331064417481,0.4564894564894566,0.4674077817079334,0.4522608093400613,0.46585946804287404
8,0.09903,0.09999,0.10128,0.10511,0.10016,0.1052,0.09579,0.09941,0.09623,0.0978,0.099,0.09962,0.1012,0.10481,0.09999,0.10571,0.09617,0.09901,0.09635,0.09813
9,0.4718648728272613,0.4679157852321951,0.4812061131763734,0.4994909387090206,0.4764202028157921,0.4986269125147117,0.4596073068281723,0.46546119463632674,0.45385764061722256,0.4630994447248864,0.4686918177364038,0.46680040120361077,0.4824714711627429,0.49852100177479786,0.4745644599303135,0.5055114865560936,0.4563902439024391,0.46975160256410253,0.4539840637450199,0.4618328298086606
9,0.09917,0.09968,0.10135,0.10519,0.10026,0.10521,0.0961,0.09912,0.09612,0.09779,0.09898,0.09934,0.10136,0.10491,0.10003,0.10595,0.0962,0.09904,0.09621,0.09797
10,0.4746676940859178,0.47037914691943117,0.48565121412803525,0.4973272818961171,0.4723106955717661,0.5005134524543027,0.4565619223659889,0.46979332273449914,0.4534999008526671,0.46050056648470494,0.4695354523227385,0.4672384561683455,0.48317307692307687,0.4959612277867528,0.4692662904053362,0.4984827028120574,0.45751189666893277,0.46862803962773947,0.45176049333598567,0.46282245827010615
10,0.09936,0.09959,0.10157,0.10513,0.10013,0.10528,0.09614,0.09911,0.09603,0.09766,0.09906,0.09925,0.10154,0.10492,0.09989,0.10586,0.09633,0.09907,0.0961,0.09797
11,0.4684755026351747,0.4656794076445867,0.48055862554003814,0.5019641659480694,0.47273657289002546,0.5028201378734072,0.454134747593793,0.4681063787242551,0.4533016061867936,0.46015793251974146,0.4700721388184831,0.46757332792043027,0.48141395725716607,0.4949111953701856,0.4712947882736156,0.4973885094415428,0.4551028481012658,0.46825476935500154,0.4540275049115913,0.4648027958062906
11,0.09937,0.09916,0.10175,0.10548,0.10008,0.1057,0.09627,0.09898,0.09581,0.09741,0.09924,0.09898,0.10179,0.10512,0.09979,0.10585,0.09641,0.09908,0.09581,0.09793
12,0.47096021013717293,0.47113961519486924,0.4825880690420915,0.4955922585874961,0.4699286442405708,0.4963970364356034,0.4535960591133005,0.47215925889425436,0.4534,0.46456852791878167,0.4672961542244516,0.4665059756954907,0.48243067374111515,0.49168975069252063,0.46865489957395023,0.5005080268238162,0.45008545290037205,0.471701853503816,0.45411902667839343,0.4583078491335373
12,0.09958,0.09908,0.10195,0.10531,0.09988,0.10555,0.09622,0.09907,0.09576,0.0976,0.09922,0.09893,0.10207,0.10496,0.09971,0.10589,0.09626,0.09923,0.09586,0.09787
13,0.46850393700787407,0.46852731591448926,0.48023833167825225,0.4925531914893617,0.46891507517269404,0.5015943569426998,0.4562149623042723,0.46890145395799676,0.4525482434438397,0.45750154352747485,0.46935578617583706,0.46825633383010423,0.4812371134020619,0.4950010201999592,0.4722529962735421,0.49772141866455333,0.45377655389457106,0.46904240493728844,0.4520955117408104,0.4622307614521185
13,0.09954,0.09909,0.1019,0.10514,0.09979,0.10569,0.0964,0.09912,0.09583,0.09749,0.09928,0.09892,0.10206,0.10483,0.09975,0.10583,0.09623,0.09938,0.09594,0.0978
14,0.4708163661043242,0.4645258404415453,0.47947454844006565,0.4922841083290751,0.4709846122900533,0.4974914710014048,0.45642224169831536,0.46712246129097135,0.4516986706056131,0.4596993846464239,0.4703696460003912,0.4680174811283273,0.4790554414784395,0.49095712253606993,0.4701574882134618,0.4966689867753803,0.45126993502657997,0.4686751795690344,0.4530474488783005,0.46027230237756556
14,0.09961,0.09906,0.10195,0.10496,0.09968,0.10577,0.09638,0.0993,0.09585,0.09746,0.09948,0.09909,0.10205,0.10464,0.09969,0.10559,0.09613,0.09946,0.09602,0.09786
15,0.47340170612479626,0.4669577297082753,0.4828071586567464,0.5064687168610816,0.47049893735451875,0.5153963551485771,0.4558823529411765,0.4680441608427023,0.45238095238095233,0.4607023411371237,0.4747494033412888,0.46599698643897536,0.4838316046369737,0.4967015909972837,0.4688231105686095,0.5000000000000001,0.4511413696435722,0.46604594676652156,0.4507028212541123,0.46111167154241905
15,0.09951,0.09886,0.10178,0.1053,0.09955,0.10635,0.0963,0.09918,0.09575,0.09742,0.09972,0.09906,0.1021,0.1047,0.09969,0.10567,0.09588,0.09937,0.09599,0.09781
16,0.4690831556503199,0.46590567738059485,0.47947471822975907,0.4964781646206481,0.4677814029363784,0.5038438793613247,0.45346298868823176,0.4724649062530677,0.45073793378540083,0.4594979164549243,0.46874391431353457,0.46603004078384547,0.47835920633288787,0.491401771756123,0.47154308617234464,0.4968847352024922,0.45799299883313893,0.46682798951401494,0.4493071478416908,0.46139817629179325
16,0.09958,0.09891,0.10177,0.1051,0.09938,0.10643,0.09631,0.0994,0.09568,0.09743,0.09973,0.09907,0.10204,0.10462,0.09977,0.10573,0.09607,0.09938,0.09586,0.09773
17,0.47177497575169736,0.4654895666131621,0.48240845214893824,0.49452185937666204,0.4759714201820495,0.49681401831939476,0.45669745958429564,0.46506265664160407,0.4511397423191278,0.45849401258372235,0.4727639542703429,0.46657353821592495,0.4798482206953132,0.4923679867986799,0.47291687759441126,0.4976387249114521,0.4546351084812623,0.4705298670371104,0.45017386984600105,0.4578485405184731
17,0.09966,0.09872,0.10181,0.10511,0.09969,0.1065,0.09649,0.09915,0.09564,0.09722,0.09995,0.09905,0.10191,0.10463,0.09993,0.10559,0.09625,0.09932,0.09568,0.09769
18,0.46967205185256844,0.4683794466403163,0.47989331144850234,0.49597190663086144,0.4698989898989898,0.4985473561882626,0.4515202535406556,0.46740331491712717,0.45094527363184067,0.46060296371997966,0.46931686607487455,0.46795258187663247,0.4779149240028563,0.5014486532889795,0.4709089106948162,0.5006175771971497,0.45085150881386316,0.4671884406983745,0.44994964753272915,0.46268358477370364
18,0.09972,0.09873,0.10181,0.10527,0.09974,0.10639,0.0963,0.0991,0.09558,0.09736,0.09995,0.09905,0.10178,0.10492,0.09989,0.10572,0.09613,0.09925,0.09559,0.09772
19,0.46734653853696806,0.4658273381294964,0.4811272764269,0.4926961602671118,0.4748237163571357,0.4982178217821782,0.4527099872586493,0.4701127631972857,0.45176261479213986,0.4584727715241861,0.46522805296714065,0.4666265784726399,0.4771027558651777,0.4936225770814503,0.47398389946986075,0.4916903121199838,0.45265409294186276,0.46505730804341217,0.44944825529376664,0.4591412039386864
19,0.09956,0.09877,0.10187,0.10528,0.09989,0.10641,0.09613,0.09922,0.09557,0.0973,0.0998,0.09905,0.10176,0.10509,0.10011,0.10557,0.09625,0.09915,0.0955,0.09773
20,0.4669041258533688,0.4658682634730539,0.48243770639447614,0.5200912440779084,0.4689550731953558,0.5300658044020876,0.45046235138705426,0.465852417302799,0.45400943396226423,0.4601350670295332,0.4681160826943609,0.4650999296977001,0.48088692685863343,0.49233052944087097,0.4697758206565251,0.4908675799086758,0.4495760598503741,0.4646869983948635,0.4516448672215617,0.4623807132094424
20,0.09924,0.09867,0.1018,0.1058,0.09977,0.10697,0.09586,0.09907,0.09559,0.09722,0.09961,0.09911,0.10174,0.10501,0.10025,0.10529,0.09628,0.09919,0.09563,0.09788
21,0.47362363322463075,0.4657090835524984,0.48024316109422494,0.49431074413452825,0.4748748748748749,0.5016841890374604,0.4505254808645647,0.47295178361426893,0.45052757316344827,0.4590331831216714,0.46468912680483254,0.4661136961359498,0.4817363148841445,0.4935239871515905,0.4670573969280517,0.49926564182904143,0.45484560108758976,0.46834935897435903,0.4473710565848773,0.46303501945525294
21,0.09941,0.09865,0.10181,0.10568,0.10005,0.10686,0.09571,0.09907,0.09556,0.09719,0.09945,0.09912,0.10189,0.10511,0.10007,0.1054,0.09616,0.09927,0.09556,0.09796
22,0.46620000000000006,0.47178729689807974,0.47818200141086364,0.49093431090855055,0.47041062801932354,0.5005513784461153,0.4445217045793185,0.4693431382291564,0.45257985257985267,0.46135441589514203,0.4638768258981445,0.46569313862772554,0.4784571194091095,0.49432364825861075,0.46965885075978675,0.4972643097643097,0.4575257930768488,0.4666,0.44918357248886687,0.4579553562327998
22,0.09923,0.09897,0.10169,0.10559,0.09987,0.10707,0.09525,0.09931,0.09567,0.09736,0.09914,0.09915,0.1019,0.10526,0.09999,0.10545,0.09634,0.09916,0.09558,0.09803
23,0.46925378897576975,0.46365105008077534,0.47894844937358805,0.4919686985172981,0.47024760383386577,0.4965972574911123,0.45746419302124375,0.4672915835660152,0.4501230920728705,0.458739837398374,0.46947449768160743,0.4648795727098659,0.4758326563769293,0.49071463296062223,0.46776131357629147,0.49831340079730135,0.4479872459147072,0.466680170143812,0.4492148678195189,0.458219108538938
23,0.09925,0.0988,0.10169,0.10546,0.09992,0.10703,0.09553,0.09934,0.09567,0.09731,0.09927,0.09914,0.10194,0.10494,0.09999,0.10549,0.09634,0.09927,0.09567,0.09796
24,0.4689486552567238,0.46326776395022073,0.48189750275799814,0.4893919399045782,0.47040684372824026,0.4945279738160989,0.4525150706591561,0.47283901665344963,0.45082938388625593,0.45663680781758964,0.46549707602339185,0.46505975288636814,0.4787494891704127,0.4904790539186209,0.47357846092023315,0.49271137026239065,0.44613851519681114,0.47282555282555283,0.44886589733386406,0.4604005232967697
24,0.09936,0.09874,0.10177,0.10537,0.09979,0.10693,0.09557,0.0995,0.09568,0.09729,0.09928,0.09908,0.10201,0.1048,0.09997,0.10553,0.09606,0.0996,0.09565,0.09802
25,0.46692456479690514,0.4659102219568031,0.4789343246592317,0.49298969072164944,0.4721790488032329,0.5016796237642769,0.4513412962600353,0.471504634194439,0.44976076555023925,0.4573738614266707,0.46649785742111405,0.4675788221296847,0.4801161975358109,0.48838149121034546,0.46782608695652184,0.4941813804173355,0.45278022947925856,0.4680194966676614,0.4474817262441173,0.4583546244251405
25,0.0996,0.09898,0.10186,0.10447,0.10016,0.10598,0.09584,0.09998,0.09573,0.0974,0.09923,0.0992,0.10199,0.10466,0.09991,0.10569,0.09622,0.09976,0.09549,0.09786
26,0.4679890023566379,0.46740969250671716,0.47345942647956063,0.4908387622149838,0.46948592043290915,0.4954110135674381,0.45141958935062376,0.4665598718462155,0.45110472604775587,0.4586634166158846,0.47071498530852107,0.472533905746902,0.4810606060606061,0.4897877452943532,0.4723310234006226,0.4936418594955181,0.4519343493552169,0.46605062274005615,0.45272655943507256,0.46169901899394705
26,0.09949,0.09918,0.10171,0.10446,0.10006,0.10585,0.096,0.09984,0.09588,0.09751,0.09946,0.09945,0.10194,0.10447,0.1001,0.10542,0.09607,0.09963,0.09569,0.09778
27,0.46875,0.4675234799802275,0.47337278106508873,0.4934927214884798,0.4668665667166416,0.4955583756345179,0.44445551459599486,0.46714172604908943,0.44837255883825744,0.45921173235563706,0.4761231986436847,0.4654194447208676,0.4761709961137247,0.4964598084131612,0.47170193378556236,0.4940434477925719,0.4560524286815728,0.465834758981584,0.4484075153220135,0.4588594704684318
27,0.09969,0.09909,0.1016,0.10466,0.1,0.10573,0.09609,0.09984,0.09579,0.09751,0.09994,0.0994,0.1018,0.10452,0.10015,0.10525,0.09597,0.09957,0.09562,0.09778
28,0.46986074593436555,0.4681566455696201,0.4811272764269,0.49427185468056556,0.4691283292978208,0.4956744003145891,0.44879873966128403,0.46523413744171904,0.4556396816152203,0.4585783555142887,0.4678639895066088,0.4650180940892642,0.48410879744943713,0.5014785843747019,0.4746416213544242,0.5018013381369018,0.452617240708309,0.46593611082394293,0.4503431570448123,0.4587192911800241
28,0.09971,0.09927,0.10168,0.10475,0.09995,0.10568,0.09571,0.09974,0.09601,0.09749,0.09973,0.09926,0.10201,0.10483,0.1003,0.10525,0.09603,0.09939,0.09553,0.09767
29,0.4642786069651741,0.4676214833759591,0.48699740907782363,0.4918097493585948,0.4727730246602919,0.4978876214617659,0.4463805635766205,0.46698679471788707,0.4504639329542053,0.4666666666666667,0.46714385127746294,0.46394037066881544,0.4881498098117625,0.4912625171804438,0.47200637577206617,0.49776251430950147,0.4488906497622821,0.4653264290790944,0.44807768529528347,0.4592517694641052
29,0.09946,0.09941,0.10185,0.10481,0.1,0.10578,0.0954,0.09945,0.09596,0.09788,0.09977,0.09918,0.10237,0.10483,0.1002,0.10543,0.09612,0.09904,0.09547,0.09759
30,0.4738610119672475,0.4654018971542685,0.48693957115009745,0.49301519322932597,0.47109594540345245,0.49832368180432807,0.46358623312416813,0.46985098194019537,0.4501697623327342,0.46028225806451606,0.4645122918318795,0.46497584541062786,0.4811311260943947,0.4898614735996789,0.4812691131498471,0.5002633519435373,0.45140515222482436,0.4694040263105441,0.44822751852593623,0.45655704425497357
30,0.09966,0.09929,0.10209,0.1047,0.09985,0.10553,0.09583,0.09928,0.09588,0.0979,0.09962,0.099,0.10235,0.10482,0.1007,0.10561,0.09599,0.09903,0.09543,0.09744
31,0.4706399609184171,0.4664543101732034,0.4818325434439179,0.48815165876777245,0.4752435871942733,0.4960438222763238,0.4437350359138069,0.47092966060009844,0.4508937537658164,0.4583587863978823,0.466169105371698,0.4642535746425358,0.47708082026538,0.48926108374384236,0.4646135019375892,0.49144996458565215,0.44916420845624383,0.46677294012155024,0.45107351340655,0.4556870818322182
31,0.09973,0.09921,0.1024,0.10454,0.10006,0.10551,0.09546,0.09942,0.09583,0.09785,0.09958,0.09881,0.10234,0.10496,0.10053,0.10568,0.09602,0.09922,0.09551,0.09734
32,0.4679042501221299,0.46648016784893587,0.47380088673921794,0.4881218274111675,0.4759647935003385,0.49479600333055784,0.4507345739471108,0.4665198678810929,0.4489653104068779,0.45946495778659335,0.46675778580494,0.4673257538309442,0.48185206984500684,0.49130904448590795,0.46892770105605197,0.49290599163009097,0.453426017874876,0.4663967611336033,0.44965904532691536,0.4561765312435554
32,0.09966,0.09913,0.10238,0.10428,0.10041,0.10544,0.0957,0.09936,0.09582,0.09782,0.09924,0.09895,0.10264,0.10481,0.10048,0.1057,0.09597,0.0993,0.09562,0.09728
33,0.4651162790697675,0.4671421293937851,0.4752867147061809,0.4942068674952601,0.4675166970248936,0.5035795026375283,0.4468599033816425,0.46685303514376997,0.4503786369071344,0.4635167464114833,0.46480259919267497,0.4675504550850812,0.47431277669103267,0.489858635525507,0.4726259207644834,0.49443118536197295,0.45292694726657,0.46464747768528736,0.4496805111821086,0.4577063847092314
33,0.09948,0.09911,0.10216,0.1043,0.10037,0.1058,0.09564,0.09945,0.09562,0.09806,0.09926,0.0992,0.10237,0.10446,0.10054,0.10554,0.09612,0.09939,0.09573,0.09738
34,0.4669437846397466,0.4669458570146575,0.4794268167860798,0.49551665243381715,0.4706181892249721,0.5029277813923227,0.45558240695988395,0.4660174880763116,0.4490203918432627,0.45841035120147877,0.4678972712680578,0.46453043127771065,0.4839152608866223,0.4930924548352815,0.46875326030255604,0.5005843396961434,0.45787332945961656,0.472604746557281,0.45342465753424666,0.45985401459854014
34,0.0996,0.09909,0.10184,0.10446,0.10028,0.10602,0.09603,0.09941,0.09556,0.09771,0.0992,0.09914,0.1021,0.10445,0.10031,0.10557,0.09642,0.09961,0.09588,0.09732
35,0.46392559960841906,0.46451806625963377,0.4755810381898228,0.49394800547310813,0.4693424768051634,0.502410800385728,0.45054517133956384,0.46801547158583745,0.4483448344834484,0.457414525591746,0.46654807787330765,0.4649255997570604,0.477768629065459,0.4900258397932816,0.469482151835093,0.4950631911532385,0.45468569224836086,0.4650769995032291,0.4493814943097476,0.460984393757503
35,0.09934,0.09921,0.10152,0.10467,0.10037,0.10637,0.09563,0.0995,0.09564,0.09775,0.09935,0.09919,0.10202,0.10452,0.09987,0.10541,0.09662,0.09949,0.09598,0.09757
36,0.4707472485035722,0.4647236180904524,0.4801583274129706,0.48849157418824496,0.46988196988196995,0.49444166249374066,0.4482622041786316,0.46908588896558534,0.44945598417408494,0.45997586484312136,0.46838659239714653,0.46395674809771725,0.485001485001485,0.4871794871794872,0.46878570686610577,0.49011118764144446,0.45009305514741893,0.4728546409807356,0.4476861167002011,0.4571805006587616
36,0.09937,0.09917,0.10148,0.10472,0.10017,0.10633,0.09585,0.09945,0.09561,0.09785,0.09937,0.09911,0.10229,0.10436,0.09998,0.10528,0.09659,0.09968,0.09577,0.09757
37,0.469771955361475,0.46714385127746283,0.47599756937411386,0.48976638412238993,0.46690843155031736,0.49362333168561545,0.4470518635377637,0.4644677661169415,0.449153391443743,0.45997176850171395,0.4704633204633204,0.4656442336797497,0.4778834229020257,0.48881204231082187,0.46755609460278946,0.49437643077535587,0.4516001580403002,0.4683519304828676,0.45028548926954126,0.45760307972849756
37,0.09949,0.09923,0.10162,0.10483,0.09982,0.10632,0.09573,0.0994,0.09565,0.0979,0.09954,0.09905,0.10213,0.10426,0.09993,0.10535,0.09652,0.09977,0.09581,0.09763
38,0.466043977427515,0.46449615499850194,0.4754166666666666,0.4995721009841677,0.4720081135902636,0.5018488669763914,0.45055375869842196,0.4721765218232846,0.44746304434678386,0.4580868855802569,0.46682417798779285,0.46910755148741423,0.4762861736334405,0.48998717569300587,0.4654636591478698,0.49018404907975455,0.4466887749974877,0.46566416040100245,0.4500296853354442,0.4602118003025718
38,0.0995,0.09909,0.10159,0.10503,0.09998,0.10622,0.09586,0.0996,0.0955,0.09764,0.09966,0.09915,0.10225,0.1043,0.09966,0.10521,0.09629,0.09985,0.09586,0.09778
39,0.47264350163179103,0.46533066132264533,0.4784110535405872,0.4897177419354839,0.4745521172638437,0.49488752556237214,0.4535679374389051,0.4714944558924541,0.44962316541055136,0.45775950668037,0.4707133191571622,0.46920734701895683,0.47966976264189887,0.4942945504958941,0.4701636677848937,0.49457784663051896,0.4571675800403808,0.46675913999801844,0.4510311846169175,0.45808444902162715
39,0.09976,0.09904,0.10156,0.10479,0.10016,0.10589,0.09579,0.09985,0.09554,0.09763,0.09983,0.0994,0.10211,0.1044,0.09976,0.105,0.0963,0.09965,0.0958,0.09775
40,0.46978707078457704,0.46707655692185635,0.4728299948638932,0.4904881731253147,0.4715692184046615,0.4898591267858927,0.451270567617564,0.4619124797406807,0.4496240601503759,0.45908204127733854,0.4662849244742818,0.4657561759389436,0.47723721220960524,0.5075497915701714,0.4730290456431535,0.49469259064634785,0.45008614573831973,0.47028092656481024,0.4479745830023828,0.45478669116146153
40,0.10005,0.09919,0.10149,0.10469,0.1003,0.1054,0.09586,0.09963,0.09563,0.09774,0.09976,0.09937,0.10203,0.10509,0.09986,0.10492,0.09605,0.09981,0.09568,0.09742
41,0.46583365872705984,0.4749514563106796,0.47761346251912296,0.49952098103084885,0.47066440880565785,0.4906718319910286,0.44997434581836837,0.4655206875874476,0.45044865403788636,0.4630634390651085,0.46452819049493255,0.46588655295517656,0.47765502139942273,0.49140386035228345,0.4708395429706905,0.4921334803086481,0.455464799688837,0.4640024098805101,0.44736318407960207,0.45853559870550165
41,0.09979,0.09957,0.10133,0.10511,0.10028,0.10518,0.09588,0.09942,0.09562,0.09782,0.09961,0.09947,0.10173,0.10528,0.09996,0.10502,0.09629,0.09945,0.09568,0.0975
42,0.46981677917068465,0.4701843860337387,0.48009090010868494,0.4973017849730179,0.4688471957459618,0.5052699505269951,0.4560709808081783,0.47478462878714556,0.44678724892575195,0.4596599690880989,0.4712732172071984,0.4660561417479594,0.47927407712930503,0.4927174365376612,0.4703075829864988,0.49519183106969356,0.4560476510711885,0.4661886266308136,0.4489715189873418,0.45801291910181474
42,0.0996,0.09951,0.10131,0.10523,0.10017,0.10548,0.09608,0.09967,0.09534,0.09762,0.09959,0.09944,0.10174,0.1054,0.10003,0.10501,0.09644,0.09931,0.09558,0.09747
43,0.4659512195121952,0.46476910828025486,0.4742320644963771,0.4980010804970286,0.4716906687709609,0.5002363619173678,0.4465932758107706,0.46427497745265056,0.45005455807955563,0.45597548518896835,0.46384064370523015,0.4644176065475596,0.4808577303436796,0.4927461673011627,0.46736026111791107,0.4962903549227994,0.45207341944255597,0.4651348651348651,0.447961970263983,0.4572122193000201
43,0.09966,0.09959,0.10132,0.10523,0.10022,0.10548,0.09598,0.0994,0.09551,0.0976,0.09944,0.09921,0.10191,0.10548,0.10008,0.10523,0.09664,0.09925,0.09546,0.09731
44,0.4639644092931291,0.4655155304157984,0.47688269735513833,0.4904860494922606,0.4697693746104301,0.4975320829220138,0.45206547155105214,0.46318675738803694,0.44693632358830604,0.4594103392568659,0.46962280449179383,0.4653625088232328,0.4774186971148946,0.49040597859018387,0.46517992904206784,0.4963330029732409,0.44720995584102774,0.46573982125124125,0.45029473473873516,0.45976896032144654
44,0.09938,0.09969,0.10135,0.10536,0.10012,0.10569,0.09601,0.09914,0.09549,0.09776,0.09949,0.09915,0.10192,0.10542,0.09997,0.10542,0.09631,0.09931,0.09553,0.09748
45,0.4716689228389094,0.46481704865299545,0.4762843798650751,0.49180672268907566,0.47200481637567726,0.49665405877218516,0.4497955927809353,0.4688453587951571,0.44954856632602447,0.46079312755968427,0.46894531250000004,0.46937159821870367,0.48945229340042584,0.49189627228525123,0.474221643808189,0.495569875151027,0.45000000000000007,0.4665171745999388,0.4507250665877479,0.4606315789473685
45,0.09939,0.09951,0.10142,0.10533,0.10006,0.1059,0.09587,0.09936,0.09541,0.09776,0.09956,0.09926,0.10239,0.10471,0.09998,0.10541,0.09627,0.09911,0.09561,0.09769
46,0.4679442852909217,0.46572339577520916,0.4763705103969754,0.48889341756674143,0.4749677803112917,0.4904407325417589,0.458168864927313,0.4665198678810929,0.453219218050963,0.45661914460285136,0.4682639358516085,0.4665477252453166,0.4796263984399056,0.4875128998968008,0.4703261089730607,0.4914082559747186,0.45470366431402875,0.4630334602284111,0.45108587368001596,0.4563703400245801
46,0.09952,0.09916,0.10141,0.10492,0.10028,0.10593,0.09625,0.09944,0.09557,0.09752,0.09972,0.09928,0.10247,0.10454,0.09995,0.10538,0.09623,0.09907,0.09576,0.09759
47,0.46303962152572453,0.46540000000000004,0.4818335445711871,0.48852594583419473,0.47120262608176666,0.49623015873015874,0.46152391756475697,0.4681019158601619,0.4495139853203729,0.45777596242213825,0.4651094317401119,0.46583109519546406,0.47730989370400645,0.49005424954792043,0.46777755470788995,0.49259407526020826,0.45378233284529046,0.4629760581876957,0.44740785136350003,0.45938855816769253
47,0.09934,0.09907,0.10159,0.10466,0.10049,0.10566,0.09659,0.09927,0.09579,0.09755,0.09955,0.09937,0.10248,0.10453,0.09994,0.10536,0.09622,0.09902,0.09579,0.09774
48,0.4663371230845279,0.47001972386587787,0.4781107160995429,0.4915352616813389,0.47148100386866376,0.501002215423568,0.4491358994501179,0.46523742736926466,0.4511591044184664,0.4576619111156728,0.4632862018527547,0.4642607915462067,0.4769449522648791,0.49103942652329746,0.46692214602662363,0.4961474690334535,0.44890656063618284,0.4626072742133224,0.4481595396368687,0.4566200657894737
48,0.09931,0.09925,0.10172,0.10435,0.10044,0.10565,0.09666,0.09926,0.09579,0.09758,0.09958,0.09942,0.10237,0.10451,0.09997,0.10542,0.09614,0.09897,0.09585,0.09777
49,0.4650578179989945,0.4677013000100775,0.48142065284335867,0.49475491131031857,0.469102853623486,0.49177597334998957,0.4595838527183814,0.46610845295055814,0.44909704306410003,0.462114405510632,0.46459515984463706,0.4665611396913336,0.4840795532477712,0.4937170263788968,0.470286576168929,0.5005295488244016,0.44963738920225615,0.4666136724960255,0.4486,0.4585365853658536
49,0.09927,0.09925,0.10182,0.10443,0.10032,0.10531,0.09689,0.0993,0.0958,0.09761,0.0993,0.0994,0.10259,0.10458,0.10012,0.10552,0.09618,0.09894,0.09571,0.09765
50,0.46436713252056705,0.46594874862897595,0.4776979872559928,0.5033457249070632,0.4697999999999999,0.5074546819693232,0.4502509595512252,0.46522565796057247,0.4482622041786316,0.4583290195672429,0.4676908305328853,0.4640667403759172,0.47352342158859473,0.4852563443953559,0.4722358722358724,0.4918115141163468,0.4461200439428743,0.469508003535304,0.44956338452273403,0.4565128623928134
50,0.09892,0.09926,0.10184,0.10489,0.10019,0.10573,0.09688,0.09911,0.09571,0.09747,0.09942,0.09935,0.10209,0.10448,0.10021,0.10555,0.09618,0.09924,0.09583,0.09765
51,0.46820027063599456,0.4655258183265346,0.47563996696944666,0.4885051800690675,0.4710910005027652,0.4943403992591069,0.45442216409958336,0.46686686686686685,0.4485023385411484,0.4558687852383393,0.46771344455348374,0.4644535546445355,0.47857142857142854,0.49139280125195617,0.4765594730724526,0.5044016954678838,0.45315079133896496,0.467767929089444,0.45100342633382284,0.45813811366877166
51,0.09897,0.0993,0.10185,0.10491,0.10007,0.10594,0.09676,0.09917,0.09555,0.09747,0.09929,0.09916,0.10194,0.10454,0.10038,0.10599,0.09602,0.09934,0.09573,0.09762
52,0.4694075438766606,0.4673784104389087,0.47667593450725965,0.490840176879343,0.4738594086547876,0.4961712153936776,0.446626984126984,0.4640039940089865,0.4490100487513681,0.46067644661776685,0.4719923918212078,0.46674643533752125,0.4767705967375594,0.49016553067185975,0.4686292932456415,0.49328334895345205,0.45593647104396673,0.4666798497132688,0.4506172839506173,0.4571893430953834
52,0.09928,0.09942,0.10167,0.10505,0.10022,0.10598,0.09616,0.09903,0.09556,0.09763,0.09952,0.09913,0.10185,0.10448,0.10034,0.10595,0.09605,0.09943,0.0958,0.09746
53,0.46679744973025994,0.4668387609213661,0.4751375480120419,0.49373238752307846,0.47167939688522964,0.4980560671168407,0.44851485148514847,0.4651977966950426,0.4481169871794871,0.45958523014668695,0.468399291199055,0.4686484890245103,0.48996639462313973,0.4905736060970718,0.46674851647227333,0.4998954630984739,0.454193298469882,0.46091918883114236,0.4491567707813592,0.458146182115149
53,0.09933,0.09932,0.10158,0.10518,0.10026,0.10589,0.09617,0.09906,0.09547,0.09775,0.0996,0.09918,0.10226,0.10431,0.1002,0.10597,0.09614,0.09922,0.09571,0.0974
54,0.46542422756253066,0.46304675716440424,0.4771775961730118,0.48825012607160867,0.46859117706850995,0.4972599959407348,0.4479566715903496,0.4659102219568031,0.4509957814186206,0.4578583061889251,0.468205830561534,0.466640269253613,0.47773070166373865,0.4860381246780011,0.4644544997486173,0.4924154025670946,0.45073046377095793,0.4618086921609956,0.45039074092392917,0.4564018787012456
54,0.09945,0.09922,0.1015,0.10501,0.10034,0.10623,0.09577,0.09915,0.09565,0.09767,0.09988,0.0993,0.10212,0.10411,0.10007,0.10575,0.0963,0.09914,0.0959,0.09742
55,0.46936000776925313,0.46538036378253445,0.4810659186535765,0.48763999596408036,0.46867678516858513,0.49264015032884434,0.4557440620455646,0.4662175549831583,0.4473393018810985,0.465440522100267,0.469607937578268,0.47129139721732316,0.47756507647118407,0.48313472025853377,0.46218658004263524,0.4902551737994777,0.44893722194760255,0.4643319072729082,0.45075295075295074,0.46031100721618057
55,0.09971,0.09924,0.1017,0.10439,0.10034,0.10565,0.09605,0.09924,0.09565,0.09802,0.09995,0.0996,0.10228,0.10401,0.09964,0.10567,0.09641,0.09891,0.09594,0.09758
56,0.46807489198271723,0.4655691628187111,0.47614688231105684,0.4913880445795339,0.46464543697222505,0.4960903562119896,0.4468212714914034,0.46373186593296656,0.4504824784154392,0.45763397371081904,0.4687651802195667,0.4660983346550356,0.4809537943999209,0.4914021813894075,0.4697290218595749,0.49008143662560033,0.4511410181392628,0.4611704834605599,0.44926956173704224,0.4565952649379932
56,0.09974,0.09928,0.10175,0.10455,0.1001,0.10576,0.09576,0.09915,0.09577,0.09813,0.10011,0.09979,0.1025,0.10414,0.09946,0.10519,0.09644,0.09875,0.09599,0.09763
57,0.46726685585673744,0.46704814522494076,0.4823229850161591,0.487599875479921,0.4676201827572507,0.49408646003262646,0.4476470588235293,0.4631007440176955,0.45174659561870933,0.4579400477128929,0.4654395927158802,0.4687407699123757,0.47928753180661576,0.49033037872683327,0.4659433393610609,0.4913260219341975,0.4484541206879411,0.467394540942928,0.44739468955879425,0.4583162217659138
57,0.09969,0.0993,0.10203,0.10445,0.09987,0.10571,0.09584,0.09914,0.09592,0.09805,0.0999,0.09994,0.10268,0.10421,0.09942,0.10517,0.09619,0.09884,0.09591,0.09774
58,0.46524586958646996,0.47537161177499276,0.4771443246019519,0.49009801960392085,0.46344435418359065,0.4988276670574443,0.4489836194987171,0.46218148856883867,0.44713020988759566,0.4663174436877946,0.4675068924773532,0.46535048359756703,0.4788805122379428,0.49784118640886055,0.4656144306651635,0.4956630786916083,0.4562693498452012,0.463819451472523,0.44993032052558246,0.4583881079987866
58,0.09962,0.09966,0.10211,0.10429,0.09951,0.10574,0.09585,0.09901,0.09588,0.09833,0.09989,0.09983,0.10224,0.10456,0.0994,0.10503,0.09631,0.099,0.09597,0.09778
59,0.4631847634007461,0.46498460315883583,0.47477253928866836,0.4853974853974854,0.4681977034448327,0.4888911641240913,0.44543473955238677,0.46564429396534557,0.4490804824995057,0.4596498289394244,0.4673396098223819,0.4657003871736325,0.47998331943286066,0.4886499402628436,0.4662379421221866,0.4927925241077642,0.44776561112755253,0.464033850493653,0.44755453730451245,0.4584303797468354
59,0.09959,0.09982,0.10208,0.10425,0.09957,0.10546,0.09582,0.09907,0.09587,0.09848,0.09984,0.09978,0.10232,0.10465,0.09946,0.10503,0.09617,0.09908,0.09584,0.09785
60,0.4670148964983555,0.4660974883351534,0.47680668922954406,0.48392965433596113,0.4705939915843037,0.4917763157894737,0.4436465190504688,0.4621662468513854,0.44824120603015083,0.4590347923681256,0.4699292452830188,0.48794617828443276,0.4880928950993898,0.5063070900391474,0.4759870819877071,0.4938423645320197,0.4722969837587008,0.467741935483871,0.45470852017937224,0.47318908748824096
60,0.09962,0.09998,0.10203,0.10422,0.09978,0.10556,0.09542,0.09903,0.09603,0.09833,0.09938,0.10001,0.10228,0.10514,0.09957,0.10468,0.0967,0.09875,0.09555,0.09793
61,0.48119666135233985,0.465818759936407,0.4813009852738638,0.4910641754670999,0.475049504950495,0.4922311995027967,0.4516889238020425,0.4686383485510123,0.4519629118169264,0.46003660768761445,0.4709963384081711,0.4660049627791564,0.4761709120788825,0.48859902419595735,0.4673671448777531,0.49323137335951217,0.447853971386285,0.469644789924235,0.44898974818353743,0.4579610073111291
61,0.10002,0.09982,0.10209,0.10404,0.10006,0.10522,0.09547,0.09907,0.09593,0.09827,0.09947,0.1,0.10207,0.10501,0.09947,0.10481,0.09656,0.0991,0.09553,0.09798
62,0.4700425202937766,0.4671822327979378,0.4769452449567724,0.4890227713673032,0.4720331459011541,0.4921275736778361,0.4554821150855365,0.4659654693391546,0.4502255639097744,0.45776031434184683,0.4633765727104262,0.4655103668261563,0.477432712215321,0.4835362203153063,0.4710547184773989,0.4913723916532905,0.45273631840796025,0.4617178785113071,0.44789356984478945,0.46052499245700507
62,0.10009,0.09978,0.10181,0.10405,0.10021,0.10509,0.09577,0.09915,0.09583,0.09822,0.09941,0.0999,0.10202,0.10476,0.09971,0.10484,0.09677,0.09889,0.09558,0.09811
63,0.46624430805781036,0.4637811842500751,0.4752040175768989,0.5071268489466607,0.4692339038304809,0.5037625861155273,0.44837284049819204,0.4692178050956677,0.44776714513556626,0.45636768576634945,0.47304132073671157,0.4630428241901515,0.47928496319663516,0.4972386212150066,0.46897959183673477,0.49929432200629675,0.4573375563873693,0.46762589928057563,0.44935834155972365,0.45682026243515406
63,0.10008,0.09924,0.10167,0.10472,0.1004,0.10525,0.09569,0.0994,0.0958,0.09775,0.09959,0.09974,0.10198,0.10468,0.0998,0.10494,0.09676,0.099,0.09551,0.09799
64,0.46794746128210163,0.4663466346634664,0.483273596176822,0.5138810198300283,0.47640177490923763,0.5016928898625772,0.4741363553280936,0.471981288373453,0.4519963425784822,0.45980253878702404,0.46481897140626527,0.46739023186975837,0.47530347425701136,0.49453709028177106,0.4678303227115892,0.49894610057211686,0.45273234942161944,0.4680363019846414,0.4488362760834671,0.4587249693502248
64,0.09985,0.09887,0.10159,0.10548,0.10031,0.10533,0.09649,0.09924,0.09551,0.09733,0.09941,0.09974,0.1017,0.10484,0.09979,0.10512,0.09689,0.09909,0.09549,0.09792
65,0.4661082976236852,0.4664289958407605,0.4777294385746842,0.48728562980484924,0.46919814178953745,0.491288492706645,0.4526708562450903,0.46450586597733146,0.4481930123135449,0.45854105198901196,0.4671589584143023,0.46629548618015515,0.4763538093753249,0.49906951286261625,0.46967992637283984,0.49843871975019505,0.45354345934448426,0.48175319789315274,0.44875621890547257,0.4564112985165616
65,0.09976,0.09883,0.10158,0.10556,0.1002,0.10526,0.09682,0.09928,0.09546,0.09725,0.0996,0.09912,0.10152,0.10486,0.09983,0.10564,0.0964,0.1,0.09553,0.09751
66,0.4684527276257038,0.46295924513149955,0.4764126490409538,0.4917091836734694,0.4674089068825912,0.4939049167005283,0.459624368385928,0.47445813043063123,0.44726911618669307,0.4576407776770425,0.4701882329752636,0.4670111287758346,0.4768665100602594,0.4910769230769231,0.4642209232009674,0.49135195988128133,0.44969838489978586,0.46743333002874976,0.4518606024808034,0.4631180223285485
66,0.0993,0.09879,0.10145,0.10568,0.09996,0.10541,0.09724,0.09961,0.09534,0.09723,0.09954,0.09914,0.10152,0.10494,0.09967,0.10553,0.09645,0.09988,0.09563,0.09771
67,0.4645407414653233,0.46861717900563415,0.4744584382871537,0.4813253012048193,0.46740000000000004,0.4855793903315201,0.44703097257841773,0.46143843152945885,0.4496883348174533,0.45781409601634315,0.46956771781846063,0.46629768728997834,0.4780776562656768,0.48664926721541857,0.4654030367879345,0.4908131154197545,0.448126659455207,0.46125313283208014,0.44856049929534936,0.45592145633053793
67,0.09923,0.09901,0.10152,0.10552,0.09992,0.10531,0.09704,0.09958,0.09547,0.09739,0.09982,0.09919,0.10157,0.10509,0.09945,0.10553,0.09627,0.09988,0.09567,0.09753
68,0.4679394465336034,0.46519270988945316,0.4788075441087001,0.5023204009652869,0.46821970077317,0.5035047988784643,0.4515246286161062,0.4622784810126582,0.4468300587401256,0.4549748434130815,0.46718522119591643,0.46416758544652703,0.4792754068160884,0.48799519807923175,0.46611570247933876,0.4935246064953178,0.45645472061657033,0.4649857185068452,0.4471100313796943,0.4579819124072757
68,0.09932,0.09909,0.10169,0.10534,0.0999,0.10532,0.0972,0.09931,0.09545,0.09736,0.09969,0.09936,0.10169,0.10482,0.09944,0.1054,0.09635,0.09988,0.09569,0.09769
69,0.46594216960993595,0.4705421804658446,0.47442389170197385,0.4857030559103861,0.4677763117832131,0.48701500258665287,0.4515186915887851,0.46395858223815223,0.44963388086285383,0.4592026440818012,0.472464362629474,0.466547901821061,0.4774239787037985,0.4888933360016009,0.4747474747474747,0.4945011783189316,0.46012621916236374,0.46671965030796736,0.4537436299490396,0.4618780096308186
69,0.09963,0.09966,0.10171,0.10455,0.09993,0.10511,0.09661,0.09936,0.09573,0.09771,0.09993,0.09924,0.10169,0.10449,0.09965,0.10513,0.09658,0.09974,0.09582,0.09774
70,0.4657902599342695,0.46418884982420894,0.4777689559348949,0.4861934956023727,0.46880424793219644,0.4905288082083662,0.4461011484988918,0.4668505565954093,0.4512386944553677,0.45908543922984346,0.4650978841210204,0.4647187437885113,0.47539987851791865,0.48769927179689043,0.4634245599755824,0.49588660917831295,0.4436225509796081,0.4608257804632425,0.4474840255591055,0.46107301331181927
70,0.09964,0.09959,0.10174,0.10453,0.09993,0.1051,0.09635,0.09948,0.09588,0.09776,0.10006,0.09939,0.10188,0.10424,0.09961,0.10525,0.09637,0.09907,0.09598,0.09816
71,0.4654405221002671,0.46556692835138636,0.4743992699989862,0.487676056338028,0.469820554649266,0.485825005098919,0.44786240786240783,0.46621351459416227,0.4501182965299684,0.4581632653061225,0.46963799143635654,0.4706415550407895,0.4756745707277188,0.4945715393563397,0.46755474820869913,0.49720207253886006,0.449769400441147,0.4706113622960487,0.4521827411167513,0.46577234168475046
71,0.09963,0.09982,0.10178,0.10449,0.10016,0.10488,0.09597,0.09925,0.09612,0.0979,0.09995,0.09946,0.10174,0.10429,0.09966,0.10541,0.09629,0.09912,0.0959,0.09819
72,0.4672403676902015,0.46491489997014035,0.47642476424764246,0.4855363599839292,0.4675836957621118,0.49003021148036263,0.44728560188827693,0.4663778674805552,0.4490286400961345,0.4578739759279863,0.46712195121951217,0.46645206719645915,0.47644195920057986,0.48458744161909695,0.4718522119591637,0.4927032661570534,0.4440490312376433,0.46371610845295064,0.4507282772476142,0.46201272871917265
72,0.09968,0.0996,0.1018,0.1046,0.10011,0.10501,0.09592,0.0994,0.09603,0.09784,0.09981,0.09942,0.10163,0.10416,0.0999,0.10545,0.09608,0.09918,0.09596,0.09841
73,0.467516169514432,0.46459515984463695,0.4761010227509914,0.4880776535133994,0.46465770047527566,0.49509196607261985,0.4498394473095261,0.4660222901666832,0.4460981496379727,0.4551949377423964,0.46963216424294274,0.4685410931970114,0.47721872094224604,0.4879089615931721,0.46486870120652946,0.4955306688585226,0.4560629316960859,0.46583605260555727,0.44926078648295287,0.45602471678681766
73,0.09979,0.0997,0.10181,0.10412,0.10008,0.10478,0.09597,0.09968,0.09612,0.09797,0.09989,0.09958,0.10151,0.10413,0.09982,0.1055,0.09604,0.09919,0.09603,0.0983
74,0.4644787265402378,0.46210757848430317,0.47917517354022054,0.48650546804454686,0.4686518788615416,0.48994252873563215,0.4586651497914297,0.4645295339863462,0.4462586396874687,0.456084871977966,0.4696680656238078,0.462363415621206,0.479407587745993,0.49555218051638106,0.4687340610017341,0.49141423885780433,0.45738963531669863,0.4650722471350274,0.4459324405356785,0.4577876284505339
74,0.09972,0.09933,0.10201,0.10415,0.10011,0.1049,0.09627,0.0997,0.09597,0.09784,0.09987,0.09951,0.1017,0.10452,0.09967,0.10548,0.09602,0.09922,0.09579,0.09823
75,0.46543320401870103,0.46858021527421834,0.47846076961519235,0.48559585492227986,0.47586342229199385,0.4904672527906747,0.4471086036671368,0.4690931272875152,0.45120031483667844,0.4708624708624708,0.4645746028652179,0.4640088593576964,0.4749250336056251,0.4866220735785953,0.47230693556320713,0.497819078323535,0.44473368041649985,0.46181744912351397,0.4463378176382661,0.45836277379630563
75,0.0996,0.09941,0.10192,0.10401,0.1003,0.10478,0.0962,0.09969,0.09586,0.09823,0.09982,0.09945,0.10165,0.10445,0.10002,0.10553,0.09604,0.09924,0.09572,0.09808
76,0.4627543963643549,0.46646913580246896,0.480390205056739,0.4862798902391219,0.4655911782724117,0.48740190004130524,0.4507945908597374,0.46175410492591107,0.45108429005985673,0.4573340195573855,0.4654549008111013,0.46571198063735375,0.4764026736884748,0.4823022468451831,0.46507631658748616,0.4911137440758294,0.4504045549895115,0.4654150197628458,0.4529369406439667,0.47282031476296227
76,0.09949,0.09945,0.10218,0.10396,0.10012,0.10485,0.09633,0.0995,0.09591,0.0982,0.09975,0.09935,0.1018,0.10404,0.10002,0.10539,0.09617,0.09913,0.09585,0.09849
77,0.46557344660673705,0.4639091646390917,0.4787621359223301,0.4823022468451831,0.4656364375762505,0.4898729150119142,0.45323047251687565,0.46306450004984556,0.44902646030953564,0.45892182216033417,0.4622957275054145,0.46384584823202224,0.474557632710187,0.48498891799314936,0.46643363832630824,0.4908766362554542,0.4464197040421094,0.46660069272637306,0.4471071894114108,0.45686254677859817
77,0.09942,0.09942,0.10229,0.10383,0.10005,0.10485,0.0966,0.09937,0.09591,0.09825,0.09963,0.09932,0.1018,0.10415,0.09988,0.1054,0.09635,0.09933,0.09578,0.09836
78,0.47038678485092666,0.4666666666666668,0.473544161293624,0.48357664233576647,0.47119052399116634,0.484885372286468,0.4508148439033969,0.4689971682452885,0.45039074092392917,0.46507498026835037,0.4652178131367032,0.4636734693877551,0.4748238177918498,0.486416815387666,0.46388343494884776,0.49399724463688255,0.4486166007905139,0.467676867066811,0.44721998388396456,0.45936183022275745
78,0.09949,0.09946,0.10213,0.10358,0.10028,0.10436,0.09659,0.09944,0.09605,0.09862,0.09952,0.0992,0.10179,0.10417,0.09992,0.10543,0.09612,0.0995,0.09577,0.09858
79,0.4652562111801243,0.463936063936064,0.47785221477852213,0.48610833499900064,0.46321138211382107,0.4866462793068298,0.4499311430257722,0.46232910887137013,0.4455785750378979,0.4593344727053382,0.462346588119784,0.46238938053097356,0.4729028978139299,0.4867327525783518,0.4690372764925751,0.48721590909090906,0.44800625488663015,0.469576329499656,0.44723113964687,0.45690958572724516
79,0.0996,0.0996,0.10214,0.10363,0.10011,0.10429,0.09628,0.09942,0.09608,0.09883,0.09934,0.09933,0.10164,0.10393,0.10006,0.10539,0.09584,0.09982,0.09596,0.09868
80,0.46187192118226605,0.46616541353383456,0.47414330218068534,0.48529559369667774,0.46605968639352546,0.48887770508303985,0.4534626836999327,0.4650173181593271,0.446715182932908,0.4577795951748108,0.46265107984941545,0.4649935265411812,0.47415403778285237,0.48354580492143484,0.46496815286624205,0.48971943684796926,0.45074685150834726,0.46423285643808576,0.44986637632386417,0.4545454545454545
80,0.0996,0.09966,0.10212,0.10379,0.09985,0.10439,0.09671,0.0994,0.09605,0.09843,0.09931,0.09943,0.10166,0.10385,0.0998,0.10509,0.09615,0.09998,0.09616,0.09856
81,0.4685301016419078,0.4646123260437377,0.47556764675107255,0.4954268292682926,0.46943620178041545,0.4941461871110643,0.4504960124489398,0.4633046330463305,0.45225048923679056,0.4558433612074241,0.4694667569921611,0.46222894604135145,0.47905966021335444,0.48707113391689305,0.4662744700273862,0.4866496163682864,0.4496817820206841,0.4617873028710069,0.4513031550068587,0.4554085445914554
81,0.09977,0.09949,0.10183,0.10409,0.09993,0.10459,0.09661,0.09938,0.09601,0.09828,0.09956,0.09936,0.10186,0.10414,0.09993,0.10499,0.0962,0.0999,0.09617,0.0979
82,0.4676216640502354,0.46325749949667816,0.47330521551280735,0.4849578820697954,0.46688109357724394,0.4868538545490624,0.44812623274161734,0.46310355299119343,0.4497053045186641,0.4569017480409886,0.4642857142857143,0.46361912366503644,0.47666224083341846,0.4847161572052401,0.46366676801459406,0.48937487105426036,0.4488703923900119,0.4675286511901263,0.4466087303965638,0.4562575941676791
82,0.09989,0.09951,0.10164,0.10425,0.10003,0.10451,0.09643,0.09943,0.09608,0.09824,0.09964,0.09934,0.10194,0.10412,0.09981,0.10492,0.0963,0.09993,0.09614,0.09786
83,0.4640444974175606,0.4664429530201343,0.47215990210075454,0.48533680312281047,0.46199777350470594,0.48836263847952033,0.45067133683596017,0.4646324549237171,0.44628925785157036,0.45828709775042864,0.4649644284182829,0.4642395304884115,0.47647527910685794,0.48619587329264746,0.4678676247343386,0.49090524534686963,0.4485880153497983,0.46580259222333,0.4463276836158192,0.4579836181615937
83,0.09974,0.09961,0.1017,0.10444,0.09975,0.10478,0.09654,0.09936,0.09602,0.09806,0.09964,0.09937,0.10202,0.10412,0.09998,0.10479,0.0963,0.09986,0.09611,0.09781
84,0.4687470087106347,0.4621899576527526,0.4813722599036667,0.48524622520477634,0.46544243769548976,0.48807339449541276,0.4465294592413237,0.46351283341721194,0.4490128231223284,0.45646703573225966,0.467137531881499,0.46545057995439687,0.48657881893606636,0.49034823940246386,0.4668964818006691,0.4926891290527654,0.4497660061734542,0.46139132185643816,0.4488731424072434,0.4538912305952503
84,0.09986,0.09951,0.10182,0.10438,0.09982,0.10481,0.09637,0.09938,0.09614,0.09791,0.09975,0.09941,0.10251,0.10418,0.0998,0.10493,0.09629,0.09942,0.09609,0.09759
85,0.4777335607352662,0.4636837881219904,0.4732391461276685,0.4844107978882358,0.4627080336963222,0.4907378978610173,0.450426596057664,0.4643885964040926,0.45020234922515057,0.454988823409876,0.4681056080169589,0.46458105011457596,0.4759677579858693,0.49263378005892966,0.4657477885208804,0.49425287356321834,0.44886306721426417,0.4606291324383891,0.4459582198001817,0.4533906986273304
85,0.10051,0.09938,0.10175,0.10431,0.09964,0.10486,0.09621,0.09932,0.09626,0.09776,0.09994,0.09935,0.10255,0.10452,0.09979,0.10508,0.09617,0.09922,0.09588,0.0975
86,0.4652656158785756,0.4639689026213496,0.48105986261040234,0.48308251691748305,0.4648775033038528,0.49146227879540505,0.4475552050473186,0.4647076342698303,0.44583375012503756,0.45528126264670177,0.4657296881016557,0.46247118949794563,0.47217839486694013,0.48293670886075946,0.46728786677240286,0.4877384196185286,0.45424710424710424,0.46326388196590573,0.44432216108054035,0.4548034049452777
86,0.10048,0.09946,0.1021,0.1039,0.09956,0.10486,0.09619,0.0995,0.09609,0.09785,0.09984,0.09942,0.10231,0.10441,0.0999,0.10519,0.09642,0.09934,0.09564,0.09753
87,0.4608746813100607,0.46404300639010043,0.4737496116806461,0.48542303771661577,0.470594069225429,0.48842250468026405,0.4455484896661367,0.4684861574710387,0.44643741948270743,0.4567302837523983,0.46415168872210155,0.4643036954989428,0.4722447325769854,0.4842293195794485,0.47258588443744465,0.4889721181856014,0.4460309535696455,0.4650124069478908,0.45125647795052315,0.4582365417634582
87,0.1002,0.0995,0.10212,0.10392,0.09972,0.10493,0.09608,0.09973,0.09596,0.09784,0.09981,0.09943,0.1021,0.10436,0.10025,0.10514,0.09628,0.09921,0.09581,0.09759
88,0.4639679280336365,0.46375074895146795,0.4748488884335621,0.48470145558966227,0.46754675467546747,0.4951968753298849,0.44602244512861255,0.4781282759935195,0.4478564307078764,0.4552109811896289,0.4653446097015652,0.4643568299482278,0.4742099898063201,0.4918001885014137,0.46668052812142635,0.4896849019809094,0.4461226558540293,0.4718850150529281,0.44805854848546456,0.45443511682006676
88,0.10011,0.0993,0.10215,0.10381,0.09988,0.10514,0.09581,0.10022,0.09595,0.09763,0.09982,0.09942,0.10199,0.10459,0.10019,0.10508,0.09616,0.09946,0.09588,0.09743
89,0.4607189086926218,0.46396081175647297,0.4757687332072842,0.4807197943444729,0.4660369774919614,0.4928934536777675,0.4437587099343022,0.4697131745260088,0.44627105052125104,0.45739411705246147,0.46163670301601345,0.46419205164413957,0.4736305212689993,0.4871893662107495,0.46646464646464647,0.48873121869782976,0.4510417685610878,0.4637223974763407,0.4461999999999998,0.45618478370985716
89,0.09981,0.09942,0.10196,0.10366,0.09995,0.10539,0.09573,0.10053,0.09587,0.09771,0.09968,0.09947,0.10154,0.10456,0.10027,0.10502,0.09631,0.09966,0.09586,0.09763
90,0.4621533603079049,0.46573982125124136,0.4741133306155728,0.4837247630819942,0.46211659557180573,0.4906374308722228,0.4530706836616455,0.4632881085395052,0.4473657701218898,0.45502699399001745,0.463259421298598,0.46432865731462936,0.47729745771095067,0.48322542672160096,0.4654100661720474,0.4912748922192569,0.44593350383631714,0.46654963916520376,0.44924643177961876,0.45654810024252224
90,0.09921,0.09957,0.10206,0.10369,0.09999,0.10545,0.0959,0.10055,0.09581,0.09778,0.0995,0.09948,0.10163,0.10419,0.10029,0.10492,0.09621,0.09995,0.09603,0.09779
91,0.4666021297192642,0.46772434308378774,0.4716904276985743,0.48323079976185745,0.4657384385877672,0.48906439854191985,0.4444776416691566,0.4613306653326663,0.45024951624401666,0.45783254216745795,0.46411012782694205,0.4636938836999096,0.47432638535841387,0.48186732186732184,0.4705359786793012,0.48722683902739317,0.4465747952865987,0.46163823206624777,0.44927249331881614,0.4547486033519553
91,0.09928,0.09975,0.10168,0.10372,0.10004,0.10537,0.09579,0.10043,0.09602,0.09791,0.09944,0.09954,0.10172,0.10415,0.10043,0.1049,0.09589,0.09988,0.09625,0.09779
92,0.46255771933346723,0.46341463414634143,0.4771558245083206,0.4853766617429838,0.471418560416458,0.4897308075772683,0.44959500341563385,0.4615621471825926,0.4499558000196444,0.45700717389107814,0.46855828220858897,0.465067882271331,0.4718543046357616,0.4840920215369554,0.4667992047713718,0.489259645464025,0.44880495721451763,0.4612774451097804,0.4464788732394366,0.4562671825679665
92,0.09932,0.09969,0.10179,0.10369,0.10005,0.10539,0.09593,0.1001,0.09614,0.09789,0.09967,0.09961,0.10174,0.10418,0.10022,0.10495,0.09604,0.09976,0.09608,0.09775
93,0.4643758493496408,0.4633706965572457,0.47570461662794217,0.48151166344096985,0.4696328378777438,0.4877875747440964,0.4484107579462102,0.4613370922271445,0.4481867858917039,0.45432149455963877,0.46465339739190115,0.465032875074716,0.4745559768509279,0.47983422622055993,0.4681528662420382,0.48437819072901767,0.4492355938847511,0.4643885964040926,0.44542359303024237,0.45635449789722016
93,0.09944,0.09977,0.10193,0.10365,0.10023,0.10518,0.09613,0.09947,0.09625,0.09794,0.09972,0.09973,0.10185,0.10376,0.10037,0.10482,0.09626,0.09952,0.09605,0.09792
94,0.4614630319670525,0.46213261109439274,0.47570621468926555,0.4833533894905736,0.46812045690550363,0.49175176747839755,0.4514085193488644,0.46585557299843006,0.44577591372079084,0.45465624047933384,0.462130177514793,0.46482813749000795,0.4730730730730731,0.4810951760104303,0.4715837860426242,0.49051654560129143,0.4574580335731414,0.4647831670453423,0.4471071894114108,0.456200687841392
94,0.09946,0.09968,0.10191,0.10375,0.10031,0.10512,0.09645,0.0993,0.09621,0.09781,0.0997,0.09971,0.10178,0.10345,0.10055,0.10485,0.0965,0.09953,0.09605,0.09787
95,0.4659135177249708,0.4651977966950426,0.4746340485261682,0.4870601919162548,0.4668016194331984,0.49115730685696557,0.4465134706814581,0.46039105019149373,0.45040134773560603,0.4562155541947335,0.4618267902939436,0.46183437942903416,0.47107438016528935,0.4763791526973483,0.46874691418978964,0.4849974912192675,0.44759095378564406,0.46001599360255896,0.4494547597995874,0.45770591207680644
95,0.09959,0.09963,0.10191,0.10386,0.10048,0.10511,0.09613,0.09914,0.09631,0.09784,0.09974,0.09971,0.10162,0.10326,0.1008,0.10469,0.09666,0.09935,0.09615,0.09802
96,0.46896151614774695,0.46571258199165166,0.4775485436893204,0.4832496670423112,0.4696331930246542,0.48630136986301364,0.4520280811232449,0.4729534278275962,0.4495840941367417,0.45552396425670194,0.4659994112452164,0.46409004880964233,0.4760982570584038,0.4835653518948182,0.4679374287786181,0.48667344862665307,0.44745395449620795,0.4647971957936905,0.45044510385756675,0.45690004046944566
96,0.09959,0.09944,0.10205,0.10376,0.10055,0.10488,0.09636,0.09954,0.09619,0.09764,0.09978,0.09968,0.10165,0.10329,0.10064,0.10462,0.09666,0.09944,0.09616,0.09807
97,0.4665890796237028,0.4627372627372628,0.4730650154798761,0.4874507363617506,0.46658466584665836,0.49494949494949503,0.4455623070026895,0.4709138584053607,0.4469251065557135,0.45634399919249025,0.4605288932419197,0.46306450004984545,0.4730357503534639,0.47792439726163305,0.4639869414405223,0.4862012987012987,0.45328852616418625,0.4599130522697401,0.4454672803682209,0.454786150712831
97,0.09975,0.0994,0.10186,0.10383,0.10033,0.10509,0.09617,0.09993,0.09604,0.09759,0.09952,0.09968,0.10179,0.10312,0.10061,0.10458,0.09694,0.09947,0.0962,0.0981
98,0.4641362530413625,0.46321389139817326,0.47360970677451963,0.484144199979341,0.46444355162715945,0.4866202160961326,0.4489996076892899,0.46677137528222234,0.44928684627575277,0.45742413478128485,0.46249506514015004,0.4649949849548647,0.4771926291410733,0.48572557542230566,0.46837200079317864,0.48986864881376646,0.4442449630959505,0.4614770459081835,0.4488346503951185,0.4588639579543158
98,0.09972,0.09938,0.10176,0.10393,0.10009,0.10502,0.09618,0.10014,0.09607,0.09771,0.09939,0.09964,0.10186,0.10333,0.10057,0.10477,0.09668,0.0993,0.09631,0.09816
99,0.4633273703041144,0.4640015910898966,0.4758771929824561,0.479440704298291,0.4643037974683545,0.49263502454991814,0.44695996045477016,0.4592178770949721,0.45157801592763736,0.4537849418486024,0.46628297362110316,0.4661639214129788,0.4740004143360266,0.48397009116050405,0.46669349969812834,0.4861261972943616,0.4510601219866395,0.459059586542359,0.4484818317570931,0.45543845288038465
99,0.09984,0.09949,0.1018,0.1038,0.09996,0.1051,0.09603,0.0999,0.09636,0.09771,0.09961,0.09974,0.10195,0.1035,0.10041,0.10463,0.09645,0.0991,0.09641,0.09818
100,0.46554588994233215,0.4691831318195223,0.4782089552238805,0.4779173419773096,0.46599698643897547,0.48549207298833386,0.4452482410068377,0.4620593507269469,0.4468765617191405,0.4595896147403685,0.46347165400350676,0.4677007657569212,0.4725161820610294,0.4880877082015602,0.46309403437815977,0.49697199091597277,0.44680424764576243,0.4626924987580725,0.44582167133146744,0.45702647657841144
100,0.09986,0.0997,0.10199,0.10345,0.09996,0.1049,0.09601,0.1,0.09624,0.09789,0.09958,0.09989,0.1019,0.1039,0.10007,0.10504,0.09632,0.09911,0.09616,0.09804
101,0.46366748166259175,0.4622792937399679,0.47770441848654144,0.4791840133222315,0.4728591024887321,0.49145342368767064,0.4469345443775298,0.46741484544201617,0.44773728474168994,0.4596435009012617,0.4628995991788053,0.46483636725355626,0.4708538587848933,0.48554630083292494,0.4624643002855977,0.48490547362169645,0.44607745779543195,0.46653484923381117,0.445427135678392,0.4559473630101778
101,0.09969,0.09961,0.10205,0.10333,0.10015,0.10517,0.09584,0.09982,0.09622,0.09812,0.09953,0.1,0.10176,0.10406,0.09991,0.10504,0.09634,0.09927,0.09602,0.09808
102,0.47446504992867344,0.4624132031800342,0.4752028854824166,0.48234577922077926,0.46817146817146815,0.4888687418152513,0.4492015283628882,0.46108384253230494,0.45685646378009725,0.4576202118989404,0.46257765506360327,0.463517165448904,0.4713555254095795,0.4827076559266923,0.4679383116883117,0.48798707853825973,0.44750073942620516,0.4710180224062348,0.44843982169390784,0.4565900111437545
102,0.1,0.09957,0.10212,0.10309,0.1002,0.10489,0.09598,0.09938,0.09662,0.09815,0.09952,0.09993,0.10159,0.10417,0.09999,0.10502,0.096,0.09965,0.09606,0.09807
