1,0.6900376081466675,0.36991891264915466,0.9265377521514893,0.5770054459571838
2,0.6297500729560852,0.3486478626728058,0.8805062770843506,0.5460168123245239
3,0.5953492522239685,0.35569319128990173,0.8870134949684143,0.5468721389770508
4,0.570824921131134,0.3607415556907654,0.904806911945343,0.5405354499816895
5,0.500386118888855,0.361909955739975,0.905481219291687,0.5589340925216675
6,0.500386118888855,0.361909955739975,0.905481219291687,0.5589340925216675
7,0.31091126799583435,0.2864997684955597,0.542902946472168,0.5932433009147644
8,0.2966802716255188,0.2627377510070801,0.5329544544219971,0.6163071393966675
9,0.27854111790657043,0.2680354714393616,0.5254933834075928,0.6698171496391296
10,0.2978875935077667,0.2582481801509857,0.525154173374176,0.6470520496368408
11,0.30477139353752136,0.26610255241394043,0.5303825736045837,0.6617470383644104
12,0.2723238468170166,0.2552946209907532,0.505878210067749,0.6662985682487488
13,0.28957289457321167,0.2595982253551483,0.5167844891548157,0.6687032580375671
14,0.30436888337135315,0.2605372667312622,0.5255493521690369,0.6678632497787476
15,0.29407528042793274,0.2603040635585785,0.5080854296684265,0.6540829539299011
16,0.2928096652030945,0.25414687395095825,0.5037444233894348,0.6539341807365417
17,0.2527180314064026,0.2493821382522583,0.45411354303359985,0.6555949449539185
18,0.2897014915943146,0.2590942680835724,0.49478650093078613,0.6679660081863403
19,0.31448665261268616,0.249576136469841,0.5172808170318604,0.6529403328895569
20,0.2739546298980713,0.2562749981880188,0.48035240173339844,0.6629406213760376
21,0.2973105013370514,0.25252875685691833,0.5033140182495117,0.6637497544288635
22,0.2897336184978485,0.25216037034988403,0.4857623279094696,0.639963686466217
23,0.2639238238334656,0.2484925091266632,0.47269630432128906,0.6707515120506287
24,0.2666359543800354,0.25308600068092346,0.47869357466697693,0.6828683614730835
25,0.26562562584877014,0.27649715542793274,0.4674374461174011,0.6957530975341797
26,0.2708670496940613,0.27018192410469055,0.48729828000068665,0.7196104526519775
27,0.302163302898407,0.2700447738170624,0.5188155770301819,0.7128233313560486
28,0.2467193752527237,0.27201008796691895,0.4591558575630188,0.7287734150886536
29,0.30517953634262085,0.26322728395462036,0.513643205165863,0.6908134818077087
30,0.26665589213371277,0.282539427280426,0.506673276424408,0.7675305604934692
31,0.2632178068161011,0.27839332818984985,0.48525047302246094,0.7356709241867065
32,0.25696679949760437,0.28219226002693176,0.47998282313346863,0.7411489486694336
33,0.2532954514026642,0.27308735251426697,0.477143257856369,0.7466791272163391
34,0.28046494722366333,0.25973451137542725,0.4909844696521759,0.6905878186225891
35,0.28332802653312683,0.3014654815196991,0.5079222321510315,0.7614676356315613
36,0.24520891904830933,0.26950329542160034,0.46537715196609497,0.7099125385284424
37,0.2796178162097931,0.2784869968891144,0.5000392198562622,0.7333390116691589
38,0.28083696961402893,0.3037283718585968,0.5094781517982483,0.7600370049476624
39,0.2486993372440338,0.28022077679634094,0.4602937400341034,0.7191246747970581
40,0.2769715189933777,0.2797490060329437,0.48952317237854004,0.7262071967124939
41,0.2808859348297119,0.28549227118492126,0.49684712290763855,0.7296808362007141
42,0.2681688368320465,0.2779885530471802,0.45996102690696716,0.6806773543357849
43,0.2697485685348511,0.27553918957710266,0.4889317750930786,0.7436044812202454
44,0.24978359043598175,0.28284522891044617,0.4658271074295044,0.7387261986732483
45,0.23695892095565796,0.29236847162246704,0.4678950309753418,0.7746196985244751
46,0.2720406651496887,0.2917884886264801,0.5011460781097412,0.7712399363517761
47,0.27825430035591125,0.2905167043209076,0.4942699074745178,0.7436902523040771
48,0.2848319411277771,0.3029274046421051,0.5123847126960754,0.7943713665008545
49,0.25143492221832275,0.3006541430950165,0.4601007103919983,0.7410752773284912
50,0.2411034107208252,0.31039896607398987,0.4665343761444092,0.7727099657058716
51,0.2415185570716858,0.287426233291626,0.44735953211784363,0.7278606295585632
52,0.26945948600769043,0.2940288782119751,0.4933529496192932,0.7633383274078369
53,0.25406143069267273,0.2922590374946594,0.4623282551765442,0.7348008155822754
54,0.2498328983783722,0.2876046299934387,0.4529532194137573,0.7320708632469177
55,0.24590249359607697,0.2909066677093506,0.46015116572380066,0.7317741513252258
56,0.26791274547576904,0.2992112338542938,0.4953390657901764,0.7709819078445435
57,0.24454772472381592,0.277910053730011,0.4559963047504425,0.7288440465927124
58,0.24012061953544617,0.28297510743141174,0.4571462869644165,0.7363901734352112
59,0.2389247566461563,0.2909676432609558,0.44965994358062744,0.7441953420639038
60,0.2243175506591797,0.29001617431640625,0.44859230518341064,0.7698723077774048
61,0.25837770104408264,0.2906865179538727,0.4737895429134369,0.7411738634109497
62,0.22869277000427246,0.3075556457042694,0.47196725010871887,0.7951449751853943
63,0.21638740599155426,0.2983298599720001,0.43466922640800476,0.7718510031700134
64,0.23822177946567535,0.295665979385376,0.4528105854988098,0.7429969906806946
65,0.25008949637413025,0.29353487491607666,0.4674580693244934,0.7604259848594666
66,0.22572705149650574,0.2962838411331177,0.45065370202064514,0.7933219075202942
67,0.2384299635887146,0.2931637763977051,0.465677410364151,0.7572053670883179
68,0.24361936748027802,0.31236350536346436,0.47667360305786133,0.8081729412078857
69,0.287720650434494,0.2910171449184418,0.49981099367141724,0.747489869594574
70,0.25236278772354126,0.2846539616584778,0.46706584095954895,0.7436692714691162
71,0.22579562664031982,0.2826909124851227,0.43896254897117615,0.7421523332595825
72,0.2294096052646637,0.29764729738235474,0.4551761746406555,0.7724902033805847
73,0.22578975558280945,0.2891910672187805,0.43673762679100037,0.7462804317474365
74,0.22720365226268768,0.28227925300598145,0.43328291177749634,0.7255326509475708
75,0.2318418323993683,0.2909218966960907,0.45275235176086426,0.7544649839401245
76,0.22507138550281525,0.3092942237854004,0.4361293315887451,0.7592349648475647
77,0.2342136651277542,0.28764745593070984,0.45063528418540955,0.7599509954452515
78,0.2189681977033615,0.29810070991516113,0.4392703175544739,0.7511210441589355
79,0.23607991635799408,0.28774499893188477,0.458527535200119,0.7683095335960388
80,0.23623692989349365,0.29790982604026794,0.4611113369464874,0.7698284983634949
81,0.21474005281925201,0.3049669563770294,0.4358936846256256,0.7782872319221497
82,0.2195005565881729,0.3020385503768921,0.4456689953804016,0.7941674590110779
83,0.22669050097465515,0.3153853416442871,0.44363272190093994,0.7898463606834412
84,0.22901803255081177,0.30742713809013367,0.44447046518325806,0.7609211206436157
85,0.27667397260665894,0.33537015318870544,0.5024663805961609,0.7945528626441956
86,0.2733837366104126,0.29392102360725403,0.47268980741500854,0.7247211933135986
87,0.24311219155788422,0.3014306128025055,0.44905537366867065,0.747330904006958
88,0.2466093897819519,0.3055571913719177,0.4598391652107239,0.7486937046051025
89,0.210654154419899,0.3025594651699066,0.4363044500350952,0.7935408353805542
90,0.19089385867118835,0.30320093035697937,0.4074232280254364,0.7675982713699341
91,0.22066977620124817,0.31235286593437195,0.4349720776081085,0.7652768492698669
92,0.24928554892539978,0.31098201870918274,0.46502330899238586,0.784298300743103
93,0.22345684468746185,0.2870624363422394,0.4152440130710602,0.7109359502792358
94,0.21432484686374664,0.307131290435791,0.4222237467765808,0.7493469715118408
95,0.19528570771217346,0.31284862756729126,0.41289326548576355,0.7801356911659241
96,0.2351781576871872,0.30471184849739075,0.4363023340702057,0.7461965680122375
97,0.21530544757843018,0.3277141749858856,0.45384159684181213,0.8316991329193115
98,0.24850979447364807,0.31965386867523193,0.44451066851615906,0.7468531727790833
99,0.22196918725967407,0.31550928950309753,0.4279787540435791,0.7487407922744751
100,0.22860142588615417,0.31545794010162354,0.45104044675827026,0.7911310195922852
101,0.21517619490623474,0.3079330027103424,0.42161524295806885,0.7600516080856323
102,0.189295694231987,0.30330514907836914,0.4031466245651245,0.7528574466705322
103,0.21737226843833923,0.3097774386405945,0.4316703677177429,0.7835677862167358
104,0.2158937007188797,0.3039695620536804,0.432693213224411,0.7618125677108765
105,0.20770969986915588,0.33312883973121643,0.4317297041416168,0.8031868934631348
106,0.22730675339698792,0.3086491525173187,0.4453587532043457,0.7682100534439087
107,0.21339213848114014,0.2976994514465332,0.4291498064994812,0.7617780566215515
108,0.19129808247089386,0.310798317193985,0.3946904242038727,0.7373438477516174
109,0.22747260332107544,0.3130909502506256,0.45065534114837646,0.7834770679473877
110,0.196046844124794,0.3131198585033417,0.4132182002067566,0.7742544412612915
111,0.22257937490940094,0.3361533284187317,0.445762038230896,0.8260388374328613
112,0.20732712745666504,0.310405969619751,0.4401762783527374,0.8006006479263306
113,0.20797428488731384,0.3087872266769409,0.4108232259750366,0.7418575882911682
114,0.20473605394363403,0.297874391078949,0.40526682138442993,0.7305907607078552
115,0.2116401046514511,0.30800098180770874,0.42370402812957764,0.7608811855316162
116,0.2326490581035614,0.32547447085380554,0.45887038111686707,0.7945637106895447
117,0.20768262445926666,0.3167160749435425,0.4241664409637451,0.7696731686592102
118,0.21879573166370392,0.31213757395744324,0.4280227720737457,0.7551276087760925
119,0.20890167355537415,0.31028079986572266,0.42218920588493347,0.7469834089279175
120,0.24184460937976837,0.34149783849716187,0.47367820143699646,0.8043606281280518
121,0.2319214791059494,0.3036623001098633,0.44965118169784546,0.7564838528633118
122,0.22600646317005157,0.3026272654533386,0.4387436509132385,0.7575666904449463
123,0.18173345923423767,0.30759310722351074,0.3856213688850403,0.7433046102523804
124,0.21315553784370422,0.3111027181148529,0.4369128942489624,0.7687918543815613
125,0.20122888684272766,0.30228808522224426,0.40815284848213196,0.7583532333374023
126,0.2114170342683792,0.3047751486301422,0.4196266531944275,0.7618958950042725
127,0.21190612018108368,0.3230638802051544,0.42835572361946106,0.7842331528663635
128,0.2183530330657959,0.30925753712654114,0.42981576919555664,0.7535460591316223
129,0.20380428433418274,0.39058917760849,0.45656248927116394,0.9328984618186951
130,0.20165470242500305,0.3048190772533417,0.40590736269950867,0.7458606958389282
131,0.2163747251033783,0.2925533950328827,0.42102915048599243,0.7308454513549805
132,0.1923660933971405,0.3290581703186035,0.4201667010784149,0.8075008392333984
133,0.2025553584098816,0.31878069043159485,0.4136413037776947,0.7747751474380493
134,0.22600603103637695,0.31279924511909485,0.4435175955295563,0.7686492800712585
135,0.22321471571922302,0.3289479613304138,0.4821416437625885,0.850805401802063
136,0.2020803540945053,0.3070145547389984,0.40413567423820496,0.7515694499015808
137,0.21604527533054352,0.2943759858608246,0.4040733575820923,0.7144356966018677
138,0.18882034718990326,0.309470534324646,0.3863760828971863,0.7474550008773804
139,0.2152288258075714,0.3360569179058075,0.4481571316719055,0.8228608965873718
140,0.2153927981853485,0.2943974435329437,0.40587785840034485,0.7151320576667786
141,0.1949913501739502,0.3033654987812042,0.39025768637657166,0.7389347553253174
142,0.2179832011461258,0.31983670592308044,0.43544474244117737,0.7749276161193848
143,0.19819651544094086,0.2999272346496582,0.39902952313423157,0.7413575649261475
144,0.19149519503116608,0.30304452776908875,0.39495328068733215,0.748866081237793
145,0.19205373525619507,0.3057571053504944,0.4071659743785858,0.7602978348731995
146,0.20213188230991364,0.29193973541259766,0.4109717309474945,0.7611576914787292
147,0.19994813203811646,0.3099210858345032,0.40884044766426086,0.7604494690895081
148,0.21494264900684357,0.30069589614868164,0.4195311367511749,0.7404009103775024
149,0.21145819127559662,0.2873987555503845,0.4063194990158081,0.7290523648262024
150,0.2038225680589676,0.3147010803222656,0.4212464392185211,0.7804404497146606
151,0.2115297168493271,0.3168413043022156,0.42607325315475464,0.7855708599090576
152,0.17976899445056915,0.30576562881469727,0.358389675617218,0.7280644774436951
153,0.16296303272247314,0.31581777334213257,0.3357999920845032,0.7345679402351379
154,0.1679159253835678,0.32082244753837585,0.33995482325553894,0.7343640923500061
155,0.16315819323062897,0.331587016582489,0.3347848653793335,0.7457342743873596
156,0.16665035486221313,0.33124810457229614,0.339467853307724,0.7535989284515381
157,0.15607774257659912,0.34177082777023315,0.32297131419181824,0.7511735558509827
158,0.15360113978385925,0.3339705765247345,0.3179762065410614,0.7407718896865845
159,0.16350038349628448,0.34406861662864685,0.32780328392982483,0.7448833584785461
160,0.1685241311788559,0.33932676911354065,0.33264294266700745,0.7357602119445801
161,0.17110030353069305,0.3535690903663635,0.3400450646877289,0.7640657424926758
162,0.1559884399175644,0.35518309473991394,0.3206675350666046,0.7585961818695068
163,0.16320453584194183,0.3673550486564636,0.33308330178260803,0.781667947769165
164,0.14948046207427979,0.3678845763206482,0.3156874477863312,0.7737413644790649
165,0.14954856038093567,0.37577366828918457,0.31200599670410156,0.7721023559570312
166,0.16418924927711487,0.3619985580444336,0.32234305143356323,0.7488774061203003
167,0.15938515961170197,0.37736183404922485,0.3212811350822449,0.7748064994812012
168,0.15817420184612274,0.37210965156555176,0.3158109486103058,0.7560105323791504
169,0.15739592909812927,0.3955330550670624,0.31693610548973083,0.7841313481330872
170,0.1566663384437561,0.3749372661113739,0.31182584166526794,0.753032922744751
171,0.1602838635444641,0.3783675730228424,0.31633949279785156,0.762907862663269
172,0.17280104756355286,0.37715041637420654,0.3329566717147827,0.7704910635948181
173,0.15630581974983215,0.39294999837875366,0.3156612515449524,0.7836666107177734
174,0.15988291800022125,0.40291598439216614,0.32216596603393555,0.7953979969024658
175,0.15521614253520966,0.4194355010986328,0.31512650847435,0.8028382062911987
176,0.16114230453968048,0.38716819882392883,0.31533321738243103,0.7549885511398315
177,0.1587655246257782,0.4076857268810272,0.31224992871284485,0.7780293226242065
178,0.16050590574741364,0.40550360083580017,0.3140460252761841,0.7726529836654663
179,0.16470766067504883,0.41058796644210815,0.32234638929367065,0.7855291366577148
180,0.16658048331737518,0.42124518752098083,0.32154107093811035,0.7864077687263489
181,0.16706180572509766,0.4173981249332428,0.31979668140411377,0.7717967629432678
182,0.17696669697761536,0.41286712884902954,0.3271558880805969,0.7675597667694092
183,0.16174404323101044,0.42589130997657776,0.3144938349723816,0.7847709655761719
184,0.17082321643829346,0.42417922616004944,0.31913843750953674,0.7732362151145935
185,0.16294072568416595,0.43005749583244324,0.3117012679576874,0.7752869725227356
186,0.17056985199451447,0.42565053701400757,0.32105523347854614,0.7763142585754395
187,0.1685217022895813,0.437580406665802,0.3266482651233673,0.8064845204353333
188,0.17055998742580414,0.4353885352611542,0.32045355439186096,0.7816067337989807
189,0.16596968472003937,0.4264833927154541,0.31314152479171753,0.7692030668258667
190,0.16687186062335968,0.4326126277446747,0.31118807196617126,0.7665324211120605
191,0.16529043018817902,0.43939971923828125,0.3104826509952545,0.7766505479812622
192,0.1658833771944046,0.4444366693496704,0.31148993968963623,0.7816084027290344
193,0.17232544720172882,0.4540371298789978,0.3224400579929352,0.8048282265663147
194,0.15862156450748444,0.44716331362724304,0.3039337396621704,0.7803431749343872
195,0.17224933207035065,0.4349174499511719,0.3121602237224579,0.7557530999183655
196,0.17143890261650085,0.4374159574508667,0.3180015981197357,0.7833815813064575
197,0.1752004474401474,0.43842145800590515,0.32144761085510254,0.7722474336624146
198,0.1722833812236786,0.445682555437088,0.3159920871257782,0.7725865244865417
199,0.16647665202617645,0.43694090843200684,0.30875957012176514,0.7645323276519775
200,0.18224716186523438,0.4332517683506012,0.32297173142433167,0.7609888315200806
201,0.17462395131587982,0.47791945934295654,0.3351081907749176,0.8608803749084473
202,0.17809487879276276,0.4575241208076477,0.3282889425754547,0.7994687557220459
203,0.17512117326259613,0.44390544295310974,0.31538015604019165,0.7668063640594482
204,0.1765962541103363,0.43773332238197327,0.31402918696403503,0.7490219473838806
205,0.1673414558172226,0.454740971326828,0.3061205744743347,0.7743483781814575
206,0.17200280725955963,0.45292168855667114,0.31207695603370667,0.7708532214164734
207,0.17735669016838074,0.4595835208892822,0.31682491302490234,0.7710109353065491
208,0.16455090045928955,0.45806047320365906,0.3027952313423157,0.7741425633430481
209,0.1698278784751892,0.46855056285858154,0.3096776604652405,0.7811663150787354
210,0.16738443076610565,0.45389288663864136,0.3067992329597473,0.7730938196182251
211,0.17067477107048035,0.4654817283153534,0.3072662949562073,0.7722043991088867
212,0.17363493144512177,0.46624574065208435,0.3119508624076843,0.7704492211341858
213,0.1633395105600357,0.4666264057159424,0.29891982674598694,0.7666662335395813
214,0.16898269951343536,0.45714426040649414,0.30450794100761414,0.7654045224189758
215,0.16786427795886993,0.4781377613544464,0.3018944561481476,0.7701631784439087
216,0.17195934057235718,0.46593886613845825,0.3116987645626068,0.7809109091758728
217,0.1681692749261856,0.4790923595428467,0.30491188168525696,0.7870883345603943
218,0.17521364986896515,0.4767940640449524,0.3140890300273895,0.7897721529006958
219,0.1776040494441986,0.46936124563217163,0.3132173717021942,0.7695105671882629
220,0.17624250054359436,0.4724634289741516,0.31276190280914307,0.7848197817802429
221,0.1845707893371582,0.46990787982940674,0.3217247426509857,0.7813994288444519
222,0.16767853498458862,0.4747656583786011,0.3060786724090576,0.7947614192962646
223,0.17419642210006714,0.4859829246997833,0.3085421323776245,0.786199152469635
224,0.16966207325458527,0.48096051812171936,0.30912914872169495,0.8028904795646667
225,0.17542602121829987,0.48295700550079346,0.31486281752586365,0.8042661547660828
226,0.16910919547080994,0.49170079827308655,0.3022461235523224,0.7867476940155029
227,0.17284828424453735,0.4768974184989929,0.3058820068836212,0.7759448289871216
228,0.17389872670173645,0.4795558452606201,0.30760055780410767,0.7816799879074097
229,0.16560620069503784,0.486350417137146,0.2955470383167267,0.7772789001464844
230,0.1751035749912262,0.4892611801624298,0.30941450595855713,0.780913233757019
231,0.1707959771156311,0.47796833515167236,0.3034396469593048,0.7819592952728271
232,0.17009127140045166,0.48992690443992615,0.3000272512435913,0.7732707858085632
233,0.17522624135017395,0.5045835971832275,0.3089316189289093,0.801167905330658
234,0.16557557880878448,0.4896499812602997,0.29665324091911316,0.7814053297042847
235,0.16670000553131104,0.4888690114021301,0.2944428622722626,0.7714983224868774
236,0.1784190535545349,0.4903014898300171,0.30803382396698,0.7817596197128296
237,0.17910583317279816,0.4960423707962036,0.31010204553604126,0.7840778231620789
238,0.18192915618419647,0.4624287188053131,0.30846330523490906,0.7453263998031616
239,0.17974476516246796,0.479265034198761,0.3125995099544525,0.7755168080329895
240,0.15775029361248016,0.5026633143424988,0.2889394760131836,0.7956348061561584
241,0.17600592970848083,0.47902363538742065,0.3037436604499817,0.7610806822776794
242,0.17779146134853363,0.48410046100616455,0.3057343065738678,0.7656131982803345
243,0.17608676850795746,0.4954497814178467,0.3047131896018982,0.7766324877738953
244,0.16839833557605743,0.4937167465686798,0.29468175768852234,0.7707931399345398
245,0.19731618463993073,0.48282840847969055,0.3321082592010498,0.7857335805892944
246,0.17981484532356262,0.5009323954582214,0.3088284730911255,0.7836387157440186
247,0.18856441974639893,0.4721463918685913,0.32004666328430176,0.7674900889396667
248,0.17395271360874176,0.4826946258544922,0.30688145756721497,0.7883104681968689
249,0.18317541480064392,0.49476200342178345,0.3141116201877594,0.7917522192001343
250,0.18138904869556427,0.4889453649520874,0.3136175870895386,0.7806816101074219
251,0.1919543743133545,0.48781412839889526,0.32649537920951843,0.7834427356719971
252,0.17433522641658783,0.49550917744636536,0.29994675517082214,0.7696683406829834
253,0.1750156283378601,0.496119886636734,0.3007546365261078,0.7699111700057983
254,0.17973218858242035,0.49797582626342773,0.31092366576194763,0.7838494777679443
255,0.1768409013748169,0.5279525518417358,0.308338463306427,0.8025527596473694
256,0.18117019534111023,0.49680793285369873,0.30726897716522217,0.7696764469146729
257,0.18381881713867188,0.4752863347530365,0.3076564371585846,0.7484565377235413
258,0.17825886607170105,0.5052091479301453,0.3034919798374176,0.7757110595703125
259,0.17166347801685333,0.5126294493675232,0.29522305727005005,0.782304584980011
260,0.1790628284215927,0.504992663860321,0.3056023418903351,0.7823819518089294
261,0.18133476376533508,0.4933443069458008,0.30420735478401184,0.7554181218147278
262,0.1640474498271942,0.5185139775276184,0.2908588945865631,0.798706591129303
263,0.16589592397212982,0.5216529965400696,0.29336217045783997,0.8122698664665222
264,0.17021691799163818,0.5137491226196289,0.29529044032096863,0.7921985387802124
265,0.17031876742839813,0.5049181580543518,0.29009541869163513,0.7699178457260132
266,0.17726966738700867,0.4952071011066437,0.3002842366695404,0.7645487189292908
267,0.1765882819890976,0.5060369968414307,0.2979653477668762,0.7734991312026978
268,0.18000531196594238,0.5278027057647705,0.3072631359100342,0.803124725818634
269,0.1809460073709488,0.5098274350166321,0.3070797324180603,0.7908181548118591
270,0.18669049441814423,0.49694082140922546,0.3075597882270813,0.7659183740615845
271,0.1761830598115921,0.5171154737472534,0.2967793941497803,0.7758064866065979
272,0.17816904187202454,0.5262851119041443,0.30012691020965576,0.7831471562385559
273,0.17530584335327148,0.5068406462669373,0.2936084270477295,0.7659478187561035
274,0.17861993610858917,0.5112475752830505,0.3031490445137024,0.7873351573944092
275,0.17061255872249603,0.5263531804084778,0.29788973927497864,0.80488520860672
276,0.18101489543914795,0.5212357640266418,0.30439940094947815,0.7944473028182983
277,0.17329560220241547,0.5098031163215637,0.29461321234703064,0.7854644656181335
278,0.18340100347995758,0.5037010312080383,0.3043949604034424,0.7672334909439087
279,0.17974251508712769,0.5080140233039856,0.2968236207962036,0.7586170434951782
280,0.18040019273757935,0.503261387348175,0.2980262041091919,0.7579494714736938
281,0.17455101013183594,0.522685706615448,0.2965329587459564,0.7923941612243652
282,0.18085134029388428,0.538645327091217,0.3105648159980774,0.8279670476913452
283,0.17333553731441498,0.521701991558075,0.29419898986816406,0.7861524224281311
284,0.17056991159915924,0.5127772092819214,0.2954161763191223,0.7923091053962708
285,0.18111783266067505,0.5070598125457764,0.30370795726776123,0.7829461693763733
286,0.18646074831485748,0.5034125447273254,0.30387431383132935,0.7582278251647949
287,0.1802181750535965,0.5214102864265442,0.30340471863746643,0.7910404205322266
288,0.1844298094511032,0.5077165365219116,0.3049217760562897,0.7772241234779358
289,0.17801430821418762,0.513527512550354,0.29492709040641785,0.7703843712806702
290,0.18096067011356354,0.5341416001319885,0.30509576201438904,0.7962755560874939
291,0.17656640708446503,0.5183465480804443,0.29378393292427063,0.7704983949661255
292,0.18767768144607544,0.5309116840362549,0.3046932816505432,0.7900956273078918
293,0.2014980912208557,0.5367604494094849,0.31897005438804626,0.7891108393669128
294,0.17150136828422546,0.5271831154823303,0.2919541001319885,0.7896580696105957
295,0.1725904792547226,0.5304058790206909,0.28959617018699646,0.7745538949966431
296,0.17960064113140106,0.5270145535469055,0.2973453402519226,0.7817968726158142
297,0.1910688281059265,0.5307753086090088,0.303376168012619,0.7589901089668274
298,0.18680527806282043,0.5361452102661133,0.30789440870285034,0.7918651103973389
299,0.18061473965644836,0.5439871549606323,0.3006076514720917,0.8001184463500977
300,0.19114987552165985,0.523780107498169,0.30411776900291443,0.7595850229263306
301,0.1839989572763443,0.5208638310432434,0.30060839653015137,0.7790127992630005
302,0.1800256222486496,0.529422402381897,0.2925994396209717,0.7698953151702881
303,0.1754041165113449,0.5368300676345825,0.28540921211242676,0.7706656455993652
304,0.17803630232810974,0.5495733022689819,0.28937414288520813,0.7827104926109314
305,0.17941510677337646,0.5485678911209106,0.29011136293411255,0.7830784320831299
306,0.17733395099639893,0.5451475381851196,0.2858341336250305,0.7740188837051392
307,0.17507460713386536,0.5579269528388977,0.28323179483413696,0.782848060131073
308,0.17913909256458282,0.5496389865875244,0.28905245661735535,0.7801600098609924
309,0.1827699989080429,0.5453195571899414,0.29181969165802,0.7716445326805115
310,0.16974757611751556,0.5784060955047607,0.2861317992210388,0.8221357464790344
311,0.16946911811828613,0.5773535966873169,0.28384605050086975,0.8144419193267822
312,0.1741124838590622,0.5659412145614624,0.2840002179145813,0.7935609221458435
313,0.18397100269794464,0.5572891235351562,0.2932584583759308,0.7793898582458496
314,0.17740896344184875,0.5666120052337646,0.28754594922065735,0.7936899065971375
315,0.17527271807193756,0.5687018036842346,0.2853236198425293,0.7933579683303833
316,0.1814199537038803,0.5684393048286438,0.2895905375480652,0.7872849106788635
317,0.1779845654964447,0.5641321539878845,0.2844752073287964,0.7778711318969727
318,0.17937247455120087,0.5656454563140869,0.28730762004852295,0.7874196767807007
319,0.17691685259342194,0.5739097595214844,0.2866867780685425,0.8017855882644653
320,0.1814011037349701,0.5718933343887329,0.29055264592170715,0.7970167398452759
321,0.1823214739561081,0.5662850737571716,0.2912292778491974,0.7892242670059204
322,0.1766142100095749,0.5805478692054749,0.2881098687648773,0.8074470162391663
323,0.17906223237514496,0.5762632489204407,0.290558785200119,0.8028125166893005
324,0.17429696023464203,0.5855068564414978,0.28769734501838684,0.8189908266067505
325,0.18436063826084137,0.5737262964248657,0.2929660379886627,0.7927742600440979
326,0.17432312667369843,0.5763310790061951,0.28695085644721985,0.8047511577606201
327,0.17927469313144684,0.5689898133277893,0.28724434971809387,0.7886874079704285
328,0.17701801657676697,0.5836530923843384,0.28948089480400085,0.8120673298835754
329,0.18009082973003387,0.5738562345504761,0.29004478454589844,0.7996386885643005
330,0.18152868747711182,0.5666950345039368,0.2928786873817444,0.7966287136077881
331,0.1813327670097351,0.5753893256187439,0.28930744528770447,0.7971017956733704
332,0.17593207955360413,0.5834084153175354,0.28561273217201233,0.8047834038734436
333,0.1774606555700302,0.5824457406997681,0.28742969036102295,0.811665415763855
334,0.1758958250284195,0.5897928476333618,0.28905388712882996,0.8211987018585205
335,0.17220336198806763,0.5908290147781372,0.28464892506599426,0.8235644102096558
336,0.18007425963878632,0.5752754807472229,0.2916620373725891,0.8019106388092041
337,0.18017955124378204,0.5680817365646362,0.2898154556751251,0.7966938614845276
338,0.17347368597984314,0.5844557285308838,0.2818235158920288,0.805785596370697
339,0.1763603538274765,0.5860798358917236,0.2864084839820862,0.8102202415466309
340,0.17818228900432587,0.5823746919631958,0.28932425379753113,0.8139729499816895
341,0.17510242760181427,0.5973242521286011,0.2850388288497925,0.8198526501655579
342,0.17216598987579346,0.5864731073379517,0.28210315108299255,0.8117681741714478
343,0.18059009313583374,0.5794957876205444,0.2903915047645569,0.8020711541175842
344,0.17306667566299438,0.5911752581596375,0.28354814648628235,0.81814044713974
345,0.18174709379673004,0.587648332118988,0.29067346453666687,0.807537317276001
346,0.18190719187259674,0.5786548852920532,0.2909573018550873,0.7969111204147339
347,0.18175674974918365,0.5762339234352112,0.2911452651023865,0.7994133234024048
348,0.17063577473163605,0.5933839082717896,0.28201234340667725,0.8218096494674683
349,0.18357115983963013,0.5778118371963501,0.29285597801208496,0.801996648311615
350,0.17901204526424408,0.5757247805595398,0.2864844501018524,0.7928072214126587
351,0.17460018396377563,0.5920658707618713,0.2879627048969269,0.825291633605957
352,0.17209888994693756,0.5997452735900879,0.2846550941467285,0.8306984305381775
353,0.17332282662391663,0.5816308856010437,0.28170204162597656,0.8040359616279602
354,0.17885911464691162,0.5872600078582764,0.29098641872406006,0.8161711096763611
355,0.17481428384780884,0.5890917778015137,0.2833891212940216,0.8105670809745789
356,0.18299561738967896,0.5762161016464233,0.288811057806015,0.7905750274658203
357,0.17805838584899902,0.5854871273040771,0.2869007885456085,0.805965781211853
358,0.17894567549228668,0.5886633992195129,0.2884667217731476,0.809844970703125
359,0.17471642792224884,0.5960379242897034,0.2837899625301361,0.8145888447761536
360,0.18017151951789856,0.5841017961502075,0.28693047165870667,0.7956598997116089
