epoch,L_x,L_u,lambda_u,L_reg,L_total
6,1.5657292677135002,0.0012532016716715767,37.40853658536585,0.0033058850111712407,1.6043861746788024
6,1.5488103156529585,0.0016988860194580358,37.40898058252428,0.003155908133106722,1.5987970342913878
7,1.378196577514921,0.0014829192127633307,56.160714285714285,0.004339198120647952,1.451802254858471
7,1.3549891862158592,0.0015169591704481998,56.15985576923077,0.0046143069104381046,1.4306038543581963
8,1.312230525119453,0.0014431009373491693,74.9102870813397,0.0055815411395166055,1.412159785129237
8,1.3127609525408064,0.0014550068557062851,74.91071428571429,0.005558090456317933,1.4137968943232582
9,1.270356635820298,0.0013752154795275558,93.66071428571429,0.006270319364765393,1.392435808408828
9,1.2664146267232441,0.00138293266091274,93.66071428571429,0.006275054554100192,1.3893642788841611
10,1.2468147704386598,0.001351858792391769,112.4111374407583,0.006019033441955656,1.392245795207001
10,1.238979872351601,0.0013471725406513238,112.41071428571429,0.006378971555802439,1.3838192303975423
11,1.2269522898005083,0.0013287786546911408,131.1611374407583,0.006911753750763728,1.3957927715721854
11,1.248555969517186,0.0013697254619745643,131.1615566037736,0.006295344538608882,1.4217453002929688
12,1.2280901870075263,0.00132002277829122,149.9115566037736,0.006507554442955638,1.420163778201589
12,1.2037987480231371,0.0012727031383279411,149.9111374407583,0.007017044336711591,1.3897712708084504
13,1.2093167917908363,0.0012673912907594745,168.6615566037736,0.0072749486052483886,1.4184091695637073
13,1.212664599407394,0.0013148238896699797,168.6615566037736,0.006760805843064105,1.4288334551284898
14,1.1993943174492638,0.0012698746287705428,187.4115566037736,0.007711986008425296,1.433153433057497
14,1.1969293797353528,0.0012762481926057382,187.4115566037736,0.007677958760397368,1.4317381750300247
15,1.1921576733272787,0.0012676102194495906,206.1611374407583,0.008258670538672692,1.4498330676725126
15,1.1923385068493069,0.0012326587153816122,206.1615566037736,0.007572932788258734,1.4424917785064229
16,1.1847349678008061,0.0012599138234399329,224.91155660377356,0.008099629857823393,1.464493140015962
16,1.1760837047729853,0.0012338919282829353,224.91155660377356,0.009105737239807704,1.4510952453568298
17,1.1876385614905558,0.0012497278118938943,243.6619718309859,0.007576117014398737,1.488186966085658
17,1.1745136031564676,0.0012405928489828992,243.66155660377356,0.009027585169774885,1.4742677189269155
18,1.1680404065914873,0.001220881065407566,262.3239436619718,0.008234939007483915,1.4851822959926892
18,1.1737834164794063,0.001240857754819786,262.4119718309859,0.008287697786710142,1.4960398111544864
19,1.1786179993074264,0.0012338638508980963,281.1619718309859,0.007854821703707179,1.5218979506425454
19,1.1705207741149117,0.001231279515875634,281.1623831775701,0.008247456401281895,1.513439609625629
20,1.151455760559189,0.0011750537424487558,299.9123831775701,0.00876481656668377,1.5017495038353394
20,1.1588566415186778,0.001244785738677145,299.9119718309859,0.008772769830290211,1.5293564015710857
21,1.1590521909469782,0.001182164476648363,300.0,0.008612489547082332,1.5223140211992485
21,1.1643322837129932,0.0012233609297730586,300.0,0.008274048794208913,1.5396146119755005
22,1.1559987460898462,0.0012176480934689708,300.0,0.009166985251897268,1.5304601576840766
22,1.1631636218969212,0.0011954937013797461,300.0,0.00914000885474474,1.5309517436249311
23,1.1488320504393532,0.0011874624371863728,300.0,0.01004709408044049,1.5151178783902497
23,1.145589272831088,0.0011945033779696378,300.0,0.009090727571589506,1.513031022849484
24,1.1470968166062998,0.0011799880333223142,300.0,0.009204877907583533,1.5102981051733328
24,1.1374106129934622,0.0011861392432217335,300.0,0.008705008867045129,1.501957392415335
25,1.1520454373470572,0.0011679138339850184,300.0,0.008298160398898776,1.5107177509817966
25,1.1589288029559823,0.0012020896665405395,300.0,0.00872775809189608,1.5282834665719853
26,1.1544042768016938,0.0011924871363975366,300.0,0.008730363755268023,1.5208807788136918
26,1.1539418148221794,0.0011723173510863152,300.0,0.008618409980381667,1.5142554309633043
27,1.147276416144989,0.001187646378336164,300.0,0.009553050721512624,1.513123384228459
27,1.1295947828958202,0.0011679722207360143,300.0,0.008874985779267411,1.4888614391171655
28,1.143462927253158,0.0011923838657687022,300.0,0.009171804325887933,1.5103498915279354
28,1.1308705013851788,0.0011671829327052935,300.0,0.009189844040503336,1.4902152255524037
29,1.1361746729806412,0.0011801566741819125,300.0,0.008578709864902289,1.498800386938938
29,1.1231212152991183,0.0011655685150735947,300.0,0.009048100046510266,1.4818398647530133
30,1.1401588040728903,0.00116958464807181,300.0,0.008786313846534074,1.4998205087905707
30,1.138126821981536,0.0011654784304684857,300.0,0.008948108452993134,1.4967184613148372
31,1.1207204491451934,0.0011517367119840518,300.0,0.009384931357258378,1.4756263944285888
31,1.117185810925784,0.00113974702469056,300.0,0.008649949476993815,1.4677598702686805
32,1.1333543382309101,0.0011590036067193272,300.0,0.00906796459565629,1.490123374318635
32,1.128514366648918,0.0011555674724107565,300.0,0.008641378504635637,1.4838259910428246
33,1.1286084069634363,0.001133324787093644,300.0,0.009018792182825128,1.4776246393880537
33,1.1266165641851202,0.001147516502939208,300.0,0.009045198723283965,1.4799167117407155
34,1.1189779534384057,0.0011363259004105607,300.0,0.010010358308338456,1.4698860821900543
34,1.1324738493120228,0.0011649592140909387,300.0,0.009170963046253073,1.491132580295757
35,1.1432453122007133,0.0011714018586527317,300.0,0.008932179356131205,1.5035980472916282
35,1.1257362578202177,0.0011609313994456359,300.0,0.008728283591120056,1.4827439550448347
36,1.1134816224652309,0.0011264244035205425,300.0,0.009378543937432201,1.4607874894583668
36,1.1216739556855626,0.001159294652704072,300.0,0.009574079736248004,1.4790364310697273
37,1.1262350540470194,0.0011688985396176577,300.0,0.008798744313901773,1.4857033587716244
37,1.1165821855818783,0.0011472903067813066,300.0,0.009256629171970955,1.47002590475259
38,1.106718905510441,0.0011105154229763656,300.0,0.009541055361401238,1.4494145833951537
38,1.1245029861176457,0.0011895059771497337,300.0,0.008639379123148197,1.4899941569677106
39,1.1068184925114504,0.0011033672522345755,300.0,0.009198180356917019,1.4470268545612213
39,1.116648942094794,0.001155399466319705,300.0,0.009167795442903097,1.472436577493694
40,1.13940894164248,0.0011792942893118405,300.0,0.009077393994902686,1.5022746247629966
40,1.1132070355945163,0.0011292832257620627,300.0,0.009293265800267734,1.4612852707505226
41,1.1017519930087099,0.0011328768709764191,300.0,0.009666471438772908,1.451281523485796
41,1.1191318275199995,0.0011606707006716602,300.0,0.009009848210822654,1.4763428927571685
42,1.0976284193003782,0.0011302761230317334,300.0,0.009708051715681355,1.4464193093611897
42,1.1140717987640663,0.001145388530958916,300.0,0.009876221347565887,1.4675645858461406
43,1.1202810893365003,0.0011395643080195942,300.0,0.009092098743859849,1.4712424805951774
43,1.1314286720862083,0.0011736073280490269,300.0,0.009059707079843165,1.4925705724899923
44,1.126286092974724,0.0011650637412174614,300.0,0.010114696048789684,1.4859199116536237
44,1.116642183285155,0.001139540157537298,300.0,0.00940107430378619,1.4679053065963605
45,1.1244781352407922,0.00115955278584798,300.0,0.009638108564154481,1.4819820786950775
45,1.1019361488245152,0.0011035762457780678,300.0,0.008914442687657557,1.4419234668215115
46,1.0982416983573668,0.001116843358586727,300.0,0.010014221503523775,1.4433089272217816
46,1.1124307856581728,0.0011560139540005647,300.0,0.009333476310484283,1.4685684426039594
47,1.1119640760738916,0.001126280364178873,300.0,0.009538349479761555,1.4593865368344368
47,1.0969794445015766,0.0011516975169393441,300.0,0.009653219910062573,1.4521419221052416
48,1.103376849795933,0.0011544241905438765,300.0,0.009577696914439675,1.4592818046609561
48,1.0963781423832415,0.0011231016314294498,300.0,0.009568118327189975,1.442876749599035
49,1.1129868159053522,0.001134242651259971,300.0,0.009797776748058856,1.4630573862189546
49,1.1107803107956038,0.001128626889967647,300.0,0.00929383924638655,1.4586622135430438
50,1.1085399982566657,0.0011382530087150186,300.0,0.009820691661797635,1.4598365882025337
50,1.1156188260524644,0.0011631811433898951,300.0,0.010622533350123451,1.4751957004223395
51,1.0927382745874037,0.0011019340810823092,300.0,0.01022076884438412,1.4335392675268541
51,1.1182896813489325,0.001166921528619564,300.0,0.009088676402448303,1.4774548150427331
52,1.0988379476267263,0.001097712462603482,300.0,0.009614888255040102,1.4377665798598473
52,1.110052361674265,0.0011473287060085702,300.0,0.009794801130779771,1.4640457835219323
53,1.095558522200143,0.0011130102278979462,300.0,0.01124207879076022,1.4407036663205535
53,1.1147272444646292,0.0011614321764673902,300.0,0.009426114271147125,1.4725830125699348
54,1.0934010893786879,0.0011008216909900496,300.0,0.009189987087358622,1.4328375831586586
54,1.1021476349699388,0.0011211295710682203,300.0,0.009656908502161434,1.448143416041628
55,1.1018192769464004,0.001136041696796433,300.0,0.010516568356185058,1.4531483590056042
55,1.1075372915663477,0.0011547316221975237,300.0,0.009445528661797879,1.4634023072532794
56,1.1034365007954259,0.0011377421298658706,300.0,0.01057645542362559,1.4553355970140975
56,1.107437167419206,0.001131362501486982,300.0,0.009809513149116563,1.456655436152712
57,1.1031367907283502,0.0011145849738893774,300.0,0.009864665809249796,1.447376949251245
57,1.1092711741771173,0.0011523887086520826,300.0,0.00948065566860242,1.4644684441592715
58,1.0981901730260542,0.001123424818468911,300.0,0.009945869960817873,1.4451634875640342
58,1.0876826922739706,0.0011209381556767147,300.0,0.010538607684483383,1.4345027463776725
59,1.097608832044339,0.0011222801636370462,300.0,0.009660692637735004,1.4439535758910922
59,1.0820957040457133,0.0010952629125623402,300.0,0.009814501874157429,1.4204890813146318
60,1.100809894570517,0.0011417927014066864,300.0,0.009711923504914713,1.4530596271020557
60,1.109994366833064,0.00114643886208547,300.0,0.0091684813234853,1.4630945039122072
61,1.0867853038901583,0.001114828693637744,300.0,0.010115723744026223,1.4313496400456909
61,1.0859775624863088,0.001125591281205033,300.0,0.009943397498804412,1.4335983488113369
62,1.0942414676377532,0.0011302549940685597,300.0,0.010284535663732148,1.4436025004321282
62,1.0897361029128325,0.001134944609462923,300.0,0.010026581199144438,1.4402460650914275
63,1.0909256680842934,0.0011251486948405077,300.0,0.009889645299045454,1.4383599235924012
63,1.0950434839506762,0.0011248815884288194,300.0,0.009863599705501297,1.4423715578853538
64,1.094225976855383,0.0011313855469145667,300.0,0.009904236985592667,1.4435458743790968
64,1.1039574796750666,0.0011319266459436823,300.0,0.009762747422685703,1.4532982157245617
65,1.0793571253435328,0.0011036403138359257,300.0,0.010529923946981172,1.4209791443763522
65,1.0989133163329659,0.001123536890799846,300.0,0.00940301764645366,1.4453773990683598
66,1.0947283039444602,0.001127650886709686,300.0,0.009935086480371894,1.4429586546212299
66,1.0695243226278812,0.001077333238262068,300.0,0.011136338843135248,1.403860631339047
67,1.0959042729852406,0.001127052397550122,300.0,0.009715835891289798,1.4437358270497083
67,1.0886710939604207,0.0011238217275854577,300.0,0.009277838179756194,1.4350954540278933
68,1.0875364766208404,0.0011179291056052552,300.0,0.009679332689527389,1.4325945363679062
68,1.091361847492533,0.001131097691607824,300.0,0.009421784048387354,1.4401129406253133
69,1.082402711045252,0.0011162610791547046,300.0,0.009580655202065429,1.4268616892431425
69,1.0957410871435742,0.0011364411321840326,300.0,0.010022337008011313,1.4466957646772403
70,1.0895244156548736,0.0011051003444713429,300.0,0.009783964549669774,1.4308384793614028
70,1.0898088661775196,0.0011108300730226705,300.0,0.009681294420223734,1.432739188137664
71,1.0876141952597387,0.0011251801252790373,300.0,0.010093325761797493,1.4352615611738266
71,1.0762185380546325,0.0011059303301783842,300.0,0.01150316812542327,1.419500803728716
72,1.089495170878493,0.0011197227110754545,300.0,0.010376820869139953,1.435788804265462
72,1.1020719958554714,0.0011524591284404603,300.0,0.009682902874032019,1.4574926350641688
73,1.0719706530440343,0.001086680775005413,300.0,0.010107199038425673,1.408082087018174
73,1.1111005219297672,0.0011331649250703342,300.0,0.009375249285575583,1.460425249753742
74,1.0901266950178363,0.0011291731484914752,300.0,0.0105467120410883,1.439425351140706
74,1.087767528831412,0.0011148696304448462,300.0,0.01044023892769607,1.4326686552905161
75,1.1360313027135787,0.0011937573424986808,300.0,0.010141179504190585,1.5042996785607756
75,1.080062040768632,0.0010941919336392365,300.0,0.010314122782251156,1.4186337437104741
76,1.0972782094544227,0.0011208448631137848,300.0,0.010462645011945465,1.4439943181265384
76,1.0854896142942096,0.0011003443023666244,300.0,0.01009377874775764,1.4256866831298267
77,1.1009925597062393,0.0011587250740139757,300.0,0.010012022021851719,1.4586221050454058
77,1.0797022512746512,0.001094329834863898,300.0,0.009563679375403792,1.4175648793168025
78,1.0869334126444168,0.001130553073123242,300.0,0.009732547645631447,1.4358318812770932
78,1.0718898475170135,0.0010888353988758946,300.0,0.010857125378957172,1.4093975925117457
79,1.0785140207369033,0.0011125014448744675,300.0,0.01039604235283146,1.4226604983142521
79,1.0595462994837979,0.0010666163698844868,300.0,0.01079814940789253,1.390329360961914
80,1.0791970396150736,0.001095284130950522,300.0,0.010428267694822593,1.4182105491694794
80,1.0793687446948586,0.001103176918909287,300.0,0.010716016748236544,1.4210378358123499
81,1.099301051875772,0.0011300358787863663,300.0,0.010358431518979404,1.4486702381203709
81,1.0737659329668097,0.001090010599334139,300.0,0.010872876461714916,1.411641987638736
82,1.079049560033023,0.0011032180831136106,300.0,0.009864249117842549,1.4198792320952567
82,1.0745074103731629,0.0010845173233607357,300.0,0.00989751568504122,1.4097601216320599
83,1.0731824135238475,0.0010885121590531938,300.0,0.010144871694501489,1.4098809377713637
83,1.0782257710417655,0.0011157786359874422,300.0,0.010113647683910583,1.4230730087245436
84,1.127372452113182,0.001181508357834377,300.0,0.009869872026791855,1.4916948330456807
84,1.0851776806731201,0.001120807359007838,300.0,0.010018066335129276,1.4314379536942259
85,1.0808259179330852,0.00109136562829531,300.0,0.010540684212007684,1.4187762914182933
85,1.0610974466419656,0.0010839821099671513,300.0,0.010368893318490623,1.3966609726757764
86,1.0817089200564172,0.0011224361885015823,300.0,0.010151173145463478,1.4285909498118918
86,1.0836142938245426,0.0011102294493784111,300.0,0.010237853125330399,1.4269209799441425
87,1.0784039304136686,0.001103870229387324,300.0,0.010179641677309084,1.419744638275338
87,1.094021318429107,0.001151245904695499,300.0,0.010137443600538606,1.4495325279892037
88,1.0718286370689218,0.0010630552824957042,300.0,0.01028206236237152,1.4010272828015413
88,1.0847887554669489,0.0011310584555575666,300.0,0.010189996365687414,1.43429628626941
89,1.077598533305255,0.0011112853880728257,300.0,0.010173142805102875,1.421157297221097
89,1.0813220856396575,0.001106752266763969,300.0,0.009925456607042383,1.4232732185490056
90,1.091017121049367,0.001114266444147526,300.0,0.010596886570629191,1.4358939392381607
90,1.0809358399208278,0.0011116781224949565,300.0,0.010570731275549082,1.4250100091712115
91,1.085886817628687,0.0011075935296089897,300.0,0.01047780366868458,1.4286426755515012
91,1.0608945158246446,0.0010857709139807693,300.0,0.01093610354218649,1.3975618987867278
92,1.1076323858134822,0.0011358911690640275,300.0,0.01053038140605778,1.4589301129998682
92,1.0865926896983926,0.001116133540926967,300.0,0.009280201592694291,1.4307129540226675
93,1.0699503362178802,0.0010856965808092023,300.0,0.009904762489763512,1.4055640746246685
93,1.072454449792975,0.0010764194665328901,300.0,0.010114878113062619,1.405495165689895
94,1.0783981680870056,0.0011127455391529524,300.0,0.01045908880504695,1.4226809206334028
94,1.0724512605362286,0.001074052319705665,300.0,0.010125211106196522,1.404792162653518
95,1.0807990077968057,0.0010912186329542196,300.0,0.010110383168645373,1.4182749826069836
95,1.0710182532872239,0.001083088839255469,300.0,0.010069434539538269,1.4060143392924305
96,1.0728557550743834,0.001080450957367775,300.0,0.010474054618062426,1.4074651021935625
96,1.0802231279286472,0.0011218181065818168,300.0,0.010063799362714317,1.4268323608420113
97,1.0737110989935257,0.0011051642182767728,300.0,0.010399538776057675,1.4156599085255446
97,1.0751384156479684,0.0011046980405343297,300.0,0.009828322157731544,1.4163761506341908
98,1.0671842361038382,0.0010710279231716413,300.0,0.010949055960571224,1.3994416675784371
98,1.0623148138120295,0.001098873100435408,300.0,0.010268702474741698,1.402245445882893
99,1.070109374038705,0.0010947488850624764,300.0,0.009934130816860762,1.4084681629045914
99,1.0675741586510994,0.0010852664540315549,300.0,0.010436317678243262,1.4035904129890546
100,1.0747952798730163,0.001090816660017651,300.0,0.010464191143337178,1.412504465068312
100,1.0639048850155313,0.0010747072017394414,300.0,0.010700122635071613,1.3970171645896075
101,1.0625324392860587,0.0010758071825627915,300.0,0.009762105521407317,1.3950366971167651
101,1.0716012824665417,0.0011010642265318893,300.0,0.010168506649576805,1.412089058485898
102,1.0779532440684059,0.0010999960752087646,300.0,0.010623741863210771,1.4185758116570386
102,1.0634744676676664,0.001084238714776637,300.0,0.010438371513208205,1.399184451590885
103,1.0863661205226725,0.001098379360337276,300.0,0.010669343016872352,1.426549270749092
103,1.0546737284693,0.0010525850649842287,300.0,0.010537169620683885,1.3809864148157371
104,1.0729472759095104,0.0011014026323788461,300.0,0.010329737525898964,1.4136978078972209
104,1.0541415024021445,0.0010713719078855265,300.0,0.010804647369284744,1.3863577271161014
105,1.0597160680727524,0.0010826991714896973,300.0,0.01073117520109835,1.395256994529204
105,1.0587470653382214,0.0010691663975277068,300.0,0.010575629751705989,1.390072612599893
106,1.0621495442847684,0.001092176673908348,300.0,0.010404898739339077,1.4002074437326493
106,1.0669509912734707,0.0011079803164452994,300.0,0.010066441377225123,1.4094115296999614
107,1.0590981008255318,0.0010699389890324298,300.0,0.010363175217423706,1.3904429793902184
107,1.0714306538755243,0.0011131980599285189,300.0,0.010797334743917666,1.4161874053153125
108,1.0642155392529213,0.0010942099618589396,300.0,0.010380970189756113,1.402859493749871
108,1.070821093971079,0.0011121911930703473,300.0,0.009949125092349608,1.4144275792620398
109,1.0625314279778364,0.0010759676223223154,300.0,0.010550205872211282,1.3958719220335625
109,1.074589252742854,0.0011086341098152017,300.0,0.010025055320213803,1.4172045396132902
110,1.0539664612636308,0.001057832566489217,300.0,0.010652471311617962,1.3819687061719765
110,1.0575500732118432,0.0010613306911016645,300.0,0.010226243387759579,1.3861755167896097
111,1.0671700391595222,0.0010925137843738936,300.0,0.0103987367657868,1.4053229156150122
111,1.0823072948956598,0.001100589894927766,300.0,0.009816035487982508,1.4223003017303606
112,1.0745727113702082,0.0011112910869996995,300.0,0.011069058250127868,1.4190290979363702
112,1.0730702248633717,0.001099132695546104,300.0,0.010165942990857416,1.4129759779882647
113,1.0612794518470765,0.0010644830981618725,300.0,0.010511019254441966,1.3911354070360011
113,1.0600936459079724,0.0010673987114250226,300.0,0.010478872400772285,1.3907921297909462
114,1.0577889171513644,0.001064162628807191,300.0,0.01033192437607795,1.3873696286569943
114,1.0551581759344448,0.0010557487748552707,300.0,0.01096168781038035,1.3828444976698269
115,1.070646460239704,0.0010759434894536415,300.0,0.01060409283547818,1.4040335988566885
115,1.059750272667027,0.0010893589727416822,300.0,0.009907111238484105,1.3964650726209493
116,1.0670785833807552,0.0010936207034492368,300.0,0.009590757087850732,1.40475555566641
116,1.051536263660951,0.0010693364599402148,300.0,0.011147957579867746,1.3834851602261717
117,1.0630228122075398,0.001079138537343128,300.0,0.012128158041901172,1.398892528118064
117,1.0659393899516971,0.0010921267952587132,300.0,0.01064329039301196,1.4042207174105188
118,1.0592147362717677,0.0010628747877325627,300.0,0.010443885986613135,1.3885210614938002
118,1.0632823724724931,0.0010749992827319254,300.0,0.010471338656046278,1.396253493822873
119,1.053110242431814,0.0010758182777367024,300.0,0.010844573626210066,1.3867002974856983
119,1.0596323037689381,0.0010676752466348592,300.0,0.010738354830325328,1.3906732334332033
120,1.0577398324554617,0.0010737909882498737,300.0,0.010408508178608661,1.3902856306596236
120,1.0554332700642672,0.001081114867305256,300.0,0.010687577301128345,1.3904553074728359
121,1.0622166508463173,0.0010870239036041838,300.0,0.010212454910082448,1.398536271908704
121,1.048613905364817,0.0010578781406035307,300.0,0.010680019372904843,1.376657364585183
122,1.0635203404860063,0.0010887655793339946,300.0,0.010685263441833244,1.4008352780883961
122,1.069519890980287,0.001091772345005831,300.0,0.011008362705417147,1.4080599616874347
123,1.0592671101743525,0.0010789741941897029,300.0,0.010147265484556555,1.39310663505034
123,1.0664106968840863,0.001091301012668354,300.0,0.011110587593387155,1.4049115941535293
124,1.0669559996236455,0.0010905211824468676,300.0,0.010595986266112464,1.4047083380547436
124,1.0595550895816062,0.0010882819996413467,300.0,0.011109032510143465,1.3971487216280596
125,1.071563916314732,0.0011115986193710177,300.0,0.010225351542149754,1.4152688533067703
125,1.0662027139555323,0.001100412150183481,300.0,0.011063526767644693,1.4073898854580793
126,1.0704891862373007,0.0011011707231431897,300.0,0.009982262934006043,1.4108226620233977
126,1.0650865072553808,0.0010849583940315908,300.0,0.010089080934201113,1.4006631060080095
127,1.065577725388787,0.001087369774309495,300.0,0.010827668610198253,1.4026163282719526
127,1.0652146071195603,0.0010826097760317762,300.0,0.010450802987907081,1.400448338822885
128,1.0738656791773709,0.0010986933421174233,300.0,0.010879766424609857,1.4143534476106816
128,1.0466230175711893,0.0010700189280958678,300.0,0.010427557662214067,1.3780562576922504
129,1.0565243781422058,0.0010521499219095561,300.0,0.010123885261965284,1.3822932426746075
129,1.050242431190881,0.0010781294123841112,300.0,0.011838264817329632,1.3855195202610708
130,1.0439375042915344,0.0010464878934065135,300.0,0.011405713782137767,1.369289590824734
130,1.0582032081755726,0.0010841659773590932,300.0,0.01080846460218626,1.394261467998678
131,1.0520329307426106,0.001062473228243603,300.0,0.011302662674676289,1.382077554139224
131,1.0499930793588812,0.001048752539050342,300.0,0.01155528389869935,1.3761741291392933
132,1.0631930167024786,0.0010829328501131385,300.0,0.010574084137227725,1.3986469501798804
132,1.0540032667272232,0.0010700026215991738,300.0,0.01095789592139996,1.3859619506343996
133,1.0592408120901875,0.0010798173500656896,300.0,0.01048617151605884,1.3936721887523773
133,1.0552095166661524,0.001067096151977735,300.0,0.01107964116063985,1.3864180028438569
134,1.0542673803023084,0.0010890380671138272,300.0,0.010802113311997366,1.3917809147640592
134,1.0480266858230938,0.0010485452475470745,300.0,0.010513688465157016,1.3731039488857442
135,1.050381072271954,0.0010575957497084428,300.0,0.010037919183642689,1.3776977159760215
135,1.0563334562561728,0.0010805887434716251,300.0,0.010702580905688758,1.3912126584486528
136,1.045280707017942,0.0010533349925853227,300.0,0.009672403092157434,1.370953610133041
136,1.05522906888615,0.0010716371419469148,300.0,0.010751356433188034,1.3874715729193254
137,1.064388049732555,0.0010899140627192206,300.0,0.010972640811550347,1.4023349025032736
137,1.0451530394229023,0.001060681931399317,300.0,0.010963368051770058,1.3743209838867188
138,1.0499654741308808,0.0010604666264430616,300.0,0.011028415331726564,1.3791338844536656
138,1.049366641586477,0.001066720608187924,300.0,0.011515366389754821,1.3808981862935152
139,1.0596334777095102,0.0010872423462305134,300.0,0.011560103756544942,1.3973662915554914
139,1.043794413497545,0.0010478843018787648,300.0,0.010756491221976361,1.3689161954422342
140,1.0444642099050374,0.0010562989884740947,300.0,0.010741185675042248,1.3720950945470127
140,1.055190629308874,0.0010793238756543195,300.0,0.010899147484451532,1.3898869433186272
141,1.042698002945293,0.0010662018187841485,300.0,0.01102881222561171,1.3735873607071962
141,1.0582247344077442,0.0010893703522624203,300.0,0.010486423577354775,1.3955222629853503
142,1.0530716889283873,0.0010678918640637262,300.0,0.010825553779828955,1.3842648021199486
142,1.054655175859278,0.0010605700741342099,300.0,0.010395226006353783,1.3832214176654816
143,1.0457359542943774,0.0010625080693285592,300.0,0.01022809942156009,1.3747164740551652
143,1.0494421498341995,0.0010640112798269415,300.0,0.010262552703815427,1.378908088532361
144,1.0440967703297128,0.0010636125409941935,300.0,0.01054513421356341,1.3737256599767176
144,1.045504457706755,0.0010600849892811808,300.0,0.010817757911387492,1.3743477107449011
145,1.0577629841021283,0.001073602486767372,300.0,0.010459521827519748,1.3903032483288604
145,1.0486150256612083,0.0010695967817975376,300.0,0.010618924633176489,1.3801129828799854
146,1.038553330979564,0.0010508183798678642,300.0,0.011966504186222499,1.3657653478058902
146,1.041505582800739,0.0010553661511400842,300.0,0.010721479536174503,1.3688369053139535
147,1.0584032893180848,0.0010552838509531946,300.0,0.010850597183558752,1.3858390480279923
147,1.0481142672625454,0.0010720977788547647,300.0,0.011037269765934483,1.3807808697223662
148,1.0612802631683178,0.0010785069414949347,300.0,0.01069826781141429,1.3955306147669886
148,1.050541620633819,0.0010472939259753647,300.0,0.011126078143504194,1.375855882059444
149,1.0577548570828894,0.0010836711283624342,300.0,0.010488370336702765,1.3933445677909677
149,1.0562430730274133,0.0010724902027947326,300.0,0.0108098786120798,1.3888000080714356
150,1.0346492409706116,0.0010093622350805988,300.0,0.011194474834271453,1.3486523904583672
150,1.05523113201965,0.0010730197220585648,300.0,0.011013322489717129,1.388150371204723
151,0.9887008367620442,0.0009446882297642049,300.0,0.010063186749327102,1.2821704942176784
151,1.001138784262267,0.0009670719909164208,300.0,0.010552372145254842,1.3018127566034143
152,0.968532963980377,0.0009047035603943108,300.0,0.01058096701818691,1.2505249932610611
152,0.9682669427480783,0.000907527502882609,300.0,0.01051374907429154,1.2510389371498212
153,0.9431947832463553,0.0008550327262926501,300.0,0.011282537891044876,1.2109871347565457
153,0.9618520682996458,0.0008903092927318318,300.0,0.01069778542722332,1.239642642908268
154,0.9587467541028788,0.0008928230734225279,300.0,0.010745758220117103,1.2373394302956693
154,0.945591945100475,0.0008802996485715372,300.0,0.011807663265515017,1.2214895059933533
155,0.943093673065976,0.000862544077094057,300.0,0.011355017724044219,1.2132119141720437
155,0.9403132541222615,0.0008570193739787273,300.0,0.01134546767702108,1.2087645380346626
156,0.9336648352511294,0.0008552352010811519,300.0,0.012109679885225388,1.2023450740285822
156,0.9259249498178294,0.0008465861794140257,300.0,0.012055691169063049,1.1919564971247234
157,0.9264160732965212,0.0008410226149502345,300.0,0.012248990959739563,1.1909718524228345
157,0.939444336268279,0.0008615544078942925,300.0,0.012298978770755836,1.2102096346584525
158,0.9215925788288718,0.000834468531966113,300.0,0.012845119738296882,1.1847782551168322
158,0.9274946829757175,0.0008452969496002052,300.0,0.01229435268911189,1.1933781160964623
159,0.9337150765968872,0.0008440053897101205,300.0,0.01121011545025819,1.1981268071376525
159,0.9300076740013586,0.000855333479472671,300.0,0.011704705143766897,1.198312424861633
160,0.9247755843239862,0.0008386374403500242,300.0,0.012013400539856505,1.1883802177669767
160,0.9131142927988155,0.000810352295236232,300.0,0.012060863221785775,1.1682808436788954
161,0.9342616204474423,0.0008337772254038158,300.0,0.012074609880696412,1.1964693948760763
161,0.9224653619903702,0.000827411052808669,300.0,0.012821852139339925,1.1835105335927225
162,0.9235684568280572,0.0008400756230437289,300.0,0.012349339257632088,1.1879404791303583
162,0.9136625620964411,0.0008172371420408348,300.0,0.012121123291115771,1.1709548234939575
163,0.9206682337565465,0.0008324617253189596,300.0,0.012248562078352447,1.1826553132619944
163,0.9292793926355001,0.0008490572772397836,300.0,0.011758699108057798,1.1957552790104806
164,0.9196464226052568,0.0008334030417818786,300.0,0.012885278798241235,1.1825526139220677
164,0.9213788404658034,0.0008258428198452158,300.0,0.012799263745126827,1.181930950364551
165,0.9052500272387857,0.00079889514502914,300.0,0.012515624063215344,1.157434189641798
165,0.9073409035399154,0.0007853848486168621,300.0,0.01225301061614274,1.1552093702930588
166,0.9095632781585058,0.0008096363680460281,300.0,0.013555673964170588,1.1660098636204057
166,0.9052873900653001,0.0008078742264785632,300.0,0.012855413051388924,1.160505070146424
167,0.9183427264561524,0.0008207891587517224,300.0,0.012158926754669697,1.176738401790997
167,0.9216301001508139,0.0008342080933134272,300.0,0.01285836459534251,1.1847508867759875
168,0.9135952744248736,0.0008140558997746515,300.0,0.013191359088392803,1.1710034060905867
168,0.9060516552540219,0.0007989337437341382,300.0,0.013171676343783,1.158903450442002
169,0.919386695365648,0.0008240202533580396,300.0,0.012415038161650972,1.1790078118577734
169,0.900442734561159,0.0008034753337013849,300.0,0.013324318671883021,1.1548096520216475
170,0.9035759957114677,0.0008081671785231212,300.0,0.012512232522551188,1.158538380813171
170,0.9064549435903361,0.0007966707314014317,300.0,0.013520484486057817,1.1589766528692331
171,0.9063343778586709,0.000809952257331064,300.0,0.012459573809959563,1.1617796287408324
171,0.9130018896051586,0.0008228239603993178,300.0,0.01314759016195688,1.1729966749524856
172,0.9004066856452703,0.0007790159945354814,300.0,0.01270847088937134,1.1468199535602945
172,0.902543792676498,0.0008018344776854211,300.0,0.01369247187321563,1.1567866083217844
173,0.9173670093040295,0.0008120087639432852,300.0,0.013586415694149487,1.1745560522036702
173,0.8966348235382627,0.0007757805557015786,300.0,0.013558195927911208,1.142927187173356
174,0.9012506006811767,0.0007862434437317824,300.0,0.013481111709454468,1.1506047401193011
174,0.8988059732411474,0.0007981761090348854,300.0,0.012934153490269665,1.1511929583121843
175,0.9051627022268526,0.0008221376075716314,300.0,0.013134717598824758,1.164938704048037
175,0.9006664353368529,0.0007790749926003106,300.0,0.013068927287002983,1.1474578570357352
176,0.9076357192522742,0.0008070806857441748,300.0,0.013546327530978574,1.1633062528387847
176,0.8987560093671352,0.0007943812759238115,300.0,0.012768035666463343,1.1498384274340965
177,0.8931364315507658,0.0007751500726684786,300.0,0.01318105278357095,1.1388625076266148
177,0.9015335029016162,0.0007895455313815146,300.0,0.013239816852298152,1.1516369808415126
178,0.8850656412374813,0.0007755140678809889,300.0,0.014031888125673136,1.1317517508840347
178,0.9078578070942062,0.0008058142242744364,300.0,0.013572195628365594,1.1631742694452738
179,0.899205659269752,0.0007854037693802961,300.0,0.013197739101161203,1.1480245257439634
179,0.8915747662028924,0.0007821627794148926,300.0,0.013708866692060446,1.139932466462054
180,0.8982922640616584,0.0007931855408007054,300.0,0.01307180210856111,1.1493197334721483
180,0.8955746865058694,0.0007810805970045943,300.0,0.012701864907676729,1.1426007314647795
181,0.8882152198943322,0.0007672416183428271,300.0,0.01287813290364773,1.1312658379163443
181,0.8942922298950999,0.0007745075653486722,300.0,0.013980406894026983,1.1406249063164664
182,0.893224439011561,0.0007784314996003269,300.0,0.013804074279721744,1.1405579630836777
182,0.8908279073078001,0.0007726816628065645,300.0,0.014118997313316093,1.1367514053267749
183,0.8958145653987679,0.00077609556548051,300.0,0.012915085048953515,1.1415583221367123
183,0.8931782152086095,0.0008006703426733596,300.0,0.013658312786758916,1.1470376354696505
184,0.891209103066825,0.0007867282817678969,300.0,0.013054550396207502,1.140282145530119
184,0.881294298466011,0.0007627795433031495,300.0,0.013252965825079469,1.1233811282256259
185,0.9008704950456662,0.000785007998005345,300.0,0.013618549626454243,1.1499914428043794
185,0.873323568447823,0.0007497071358153383,300.0,0.013520987272145636,1.111756694958349
186,0.9015146884148431,0.0008123588641649195,300.0,0.012816221885500067,1.1580385683363328
186,0.8892887109063666,0.0007765365904405914,300.0,0.01429119891374301,1.1365408892054194
187,0.8811717133618256,0.0007648126606807538,300.0,0.013627821328995473,1.1242433315969904
187,0.8853866504714093,0.0007635270362963165,300.0,0.013344332552828195,1.1277890969819553
188,0.8869180436759786,0.0007857517417595458,300.0,0.013852468975757003,1.1364960365765833
188,0.8874350383944576,0.0007597814599102188,300.0,0.01358646268417616,1.1289559407619083
189,0.8920054231256648,0.0007850392597608452,300.0,0.013004247506353754,1.140521451229472
189,0.8869639664487454,0.0007606696346531947,300.0,0.014164752053355822,1.1293296092294256
190,0.8884854847272949,0.0007820156710042259,300.0,0.013049483562364439,1.1361396642811095
190,0.8932700036887096,0.0007753929288639173,300.0,0.013894075584167723,1.139781955913578
191,0.8853789825877801,0.0007431433942521851,300.0,0.014019458673710647,1.12234146525507
191,0.88761363743132,0.0007620649304603239,300.0,0.014139827948497951,1.1303729468396961
192,0.8753529026636628,0.0007496530926123892,300.0,0.014087432743814427,1.1143362653095092
192,0.8832293424103826,0.0007723910984506981,300.0,0.012905497145692864,1.1278521653782627
193,0.8817702817809956,0.0007542697171160676,300.0,0.013751537646605496,1.121802736558187
193,0.882467497624624,0.0007504685439306182,300.0,0.014419080526672404,1.122027141096346
194,0.884916658626009,0.0007634505134513351,300.0,0.013625989296377507,1.127577804931076
194,0.8887445728875062,0.000770997246709076,300.0,0.013429618996020925,1.1334733626233089
195,0.8785333070787079,0.000743620949462573,300.0,0.014000941043920113,1.1156205379909465
195,0.8773509928196535,0.000748708288830281,300.0,0.01524883587197338,1.1172123186524139
196,0.880597979498551,0.0007512325907388135,300.0,0.013954259123185424,1.1199220162336068
196,0.8972700794181482,0.0007833311921679895,300.0,0.013282464990484206,1.145551901494441
197,0.879513724769712,0.0007566981237630188,300.0,0.013832933167120934,1.1203560954786738
197,0.8821032183587284,0.0007455916616205865,300.0,0.013891275723636017,1.1196719973343905
198,0.8799841949223403,0.0007498029577300462,300.0,0.013514370923744924,1.1184394525305572
198,0.8930551767883814,0.0007648693506356387,300.0,0.013273900035442994,1.1357898808380948
199,0.8700676033849674,0.0007452581164864573,300.0,0.014332050131842694,1.107977087722231
199,0.8827318414177061,0.0007555216839646653,300.0,0.013847664182362536,1.123236010962003
200,0.8795001357125595,0.000752097268478168,300.0,0.013288131280230032,1.1184174511999292
200,0.8935930084754533,0.0007826416812484224,300.0,0.013861310613997315,1.1422468274163557
201,0.8791829792640669,0.0007540553709937911,300.0,0.014192681114352203,1.1195922701080818
201,0.8818073975665687,0.0007474894350605511,300.0,0.01307368082633334,1.1191279110352554
202,0.8818830198236645,0.000761254159083711,300.0,0.01397532750664471,1.1242345905624698
202,0.8688348761588469,0.0007530098594098682,300.0,0.014768607988577721,1.109506438933146
203,0.8728863276173716,0.0007509597238936804,300.0,0.013090827073191915,1.111265075580956
203,0.8819237549208739,0.0007552664236644817,300.0,0.01447130637890722,1.1229749893928322
204,0.8888547677095695,0.0007752386220514716,300.0,0.013868799401789636,1.1352951523968993
204,0.880706932512634,0.0007454818190986942,300.0,0.015095805807765823,1.1194472844825196
205,0.8759727444616668,0.0007460694196931558,300.0,0.013870416288452031,1.1136639886640112
205,0.8875781229525939,0.0007738112080303249,300.0,0.01465802436335338,1.1343795086503563
206,0.8711337932289449,0.0007306900684371478,300.0,0.013737794034801123,1.1040786028977467
206,0.8797158006862674,0.000763022737944814,300.0,0.012948327906630232,1.1215709498644943
207,0.868068157022844,0.0007360067817976598,300.0,0.014909799200286379,1.1037799924478402
207,0.8648020875026292,0.0007423770284690506,300.0,0.014697215350703941,1.1022124071292279
208,0.8836885848387475,0.0007739297371809768,300.0,0.014488888745751617,1.1303563959929974
208,0.885753935762585,0.0007581694039616383,300.0,0.013666789224914237,1.1268715412092851
209,0.8655933018757089,0.0007416375330910337,300.0,0.01358951056781204,1.1016740700054597
209,0.8697628198450457,0.0007476375305870101,300.0,0.01451714036489248,1.1085712266877092
210,0.8786915125066389,0.0007509593221498862,300.0,0.014045309851722866,1.118024618235404
210,0.8735676514728187,0.0007319848737423622,300.0,0.014087233337419182,1.1072503435237526
211,0.8751691316542604,0.0007489043838164932,300.0,0.014300756778718378,1.1141412041647016
211,0.8824723239971384,0.0007658653939951988,300.0,0.014503410889980103,1.126735351812679
212,0.882732835585761,0.0007676220970252328,300.0,0.014796889850644254,1.1278163531435978
212,0.8812437392938297,0.000764610151171156,300.0,0.013901230446877367,1.1245280117999277
213,0.8883045739389855,0.0007742215885656506,300.0,0.014035197319421133,1.1346062526040013
213,0.8639940278679801,0.000727584138157623,300.0,0.014557196969592383,1.0968264595275503
214,0.8714829629846752,0.0007399440663548254,300.0,0.014669583492281726,1.1081357667798952
214,0.8664094923323046,0.0007234967175104777,300.0,0.014279610337480703,1.0977381173805272
215,0.8801522488818575,0.0007378396856055111,300.0,0.013884351565815809,1.1153885112749622
215,0.8652877222262156,0.0007155618121750411,300.0,0.015184149212901368,1.095140408507377
216,0.8823752007676882,0.0007536568073477521,300.0,0.013216086262377656,1.1216883263780397
216,0.8497518709956797,0.0007091857648361683,300.0,0.0148279419494584,1.0773355410238017
217,0.8713931451998485,0.0007450605288848506,300.0,0.014048655590485163,1.1089599574895184
217,0.8766534496850497,0.0007526553766473067,300.0,0.013698819424380703,1.1161488770369457
218,0.878175655288012,0.0007581868264542249,300.0,0.014350683998416758,1.1199823895912
218,0.8693499130785732,0.0007383664415427797,300.0,0.014728168881761386,1.1055880119447752
219,0.8760938695193407,0.0007504878094917865,300.0,0.014345017326536334,1.1155852290546948
219,0.8723560277656589,0.0007470587246676473,300.0,0.014489975764161401,1.1109636173387278
220,0.8677386952889874,0.0007371024541433372,300.0,0.014735279373006034,1.1036047151003183
220,0.8629872550123504,0.0007329114263419407,300.0,0.014422028371232696,1.0972827103521143
221,0.884176842602236,0.0007529373465656265,300.0,0.014184327014455838,1.1242423730769329
221,0.8758310296075761,0.0007506663876589839,300.0,0.014026777588056542,1.1150577215335828
222,0.8660129092199386,0.0007220781670576337,300.0,0.015108441366008044,1.0977447976445938
222,0.8685238404124307,0.0007420703986682615,300.0,0.014396832660759378,1.1055417910819632
223,0.8724125492733156,0.0007325641915237117,300.0,0.014029563323181173,1.106211363601043
223,0.8766904532107537,0.000747123074346126,300.0,0.014490936786738212,1.1153183143769678
224,0.8666413755160276,0.0007285687381651194,300.0,0.01451249275515232,1.099724490011754
224,0.8795963954180479,0.000739160116414236,300.0,0.013651902115920425,1.1149963326752186
225,0.8739874999084815,0.0007383080315906679,300.0,0.01456585808160126,1.1100457714277532
225,0.8633408087438771,0.0007117369860420045,300.0,0.014603665976859961,1.0914655733587486
226,0.873638330027461,0.0007395150409398152,300.0,0.014826852514358637,1.1103196971650635
226,0.8719652997595924,0.000727918973227913,300.0,0.014993319014528035,1.105334309861064
227,0.8733946872609002,0.0007315740278954763,300.0,0.014946189272450283,1.1078130840989096
227,0.8745475162839675,0.0007430470109467746,300.0,0.014294866370162487,1.1117564880794475
228,0.8732779547572136,0.0007397962478015481,300.0,0.014538140966448867,1.1097549639110054
228,0.8601961841497721,0.0007176921845699824,300.0,0.015081167310860526,1.0905850118051195
229,0.8650214171835354,0.0007210535545060079,300.0,0.01485689657108326,1.096194380628211
229,0.87397546190852,0.0007353095933071948,300.0,0.015099253350943994,1.1096675893116426
230,0.8800960090011358,0.0007493822771981026,300.0,0.015513546781481377,1.1204242347074407
230,0.8667835321809564,0.0007323759286919085,300.0,0.014927645457126866,1.1014239575181688
231,0.8709488219744421,0.0007434189029224843,300.0,0.015203978569818987,1.1091784699882627
231,0.8689565134689947,0.0007332207849669488,300.0,0.014316129448067713,1.1032388730166738
232,0.8565824792853424,0.000707234536418712,300.0,0.015795818679699942,1.084548657760024
232,0.866461164184979,0.0007282217599302905,300.0,0.013855265399407861,1.09878295793065
233,0.8831462338900887,0.0007420030293694902,300.0,0.014488487307090863,1.120235632620585
233,0.8580405523202249,0.0007082063574281554,300.0,0.01569779859814194,1.0862002521753311
234,0.8688192231846708,0.0007171893098529836,300.0,0.014631985661773277,1.0986080007361514
234,0.8681731071057064,0.0007372870320848181,300.0,0.015214041882635294,1.1045732548726457
235,0.8687220524464335,0.0007499319896331664,300.0,0.014617925563860419,1.1083195757653033
235,0.864934361406735,0.0007193634909786592,300.0,0.015135866533715412,1.0958792766822236
236,0.8598792667367628,0.000721293482391567,300.0,0.014844134832466287,1.0911114465977465
236,0.8604451371356845,0.0007201548955241119,300.0,0.014868205240678176,1.0913598073114241
237,0.8648564755650503,0.0007153249333019371,300.0,0.014748560551587226,1.0942025115447385
237,0.8709692428154605,0.0007269286690123929,300.0,0.015243111930820825,1.1042909576956714
238,0.8705255269472089,0.000724238405739795,300.0,0.014111049415078014,1.1019080927861589
238,0.8744847774505615,0.0007436206508048469,300.0,0.014073934971487947,1.1116449018674237
239,0.8619821460119316,0.000704932299088666,300.0,0.014799070490490911,1.0882609034223216
239,0.8753587906914098,0.0007491559366436766,300.0,0.0152733163974647,1.115378885263843
240,0.8679481340306145,0.0007437242640792517,300.0,0.015325605345424265,1.1063910179904528
240,0.8696782368102244,0.0007432976019897199,300.0,0.015211412610369734,1.1078789353902851
241,0.8631275447883776,0.0007023399570828458,300.0,0.014676610047380174,1.0885061426088214
241,0.8589655969824109,0.0007196768490952568,300.0,0.01461304522984262,1.0894816938255514
242,0.853860963535096,0.000710059353942987,300.0,0.014522756125578391,1.0814015287905931
242,0.863755234384111,0.0007105000909177761,300.0,0.014954075466708414,1.0918593393372638
243,0.8574198900855013,0.0007233241685753455,300.0,0.014759109829485948,1.0891762491581696
243,0.8614789582788944,0.0007115859674351148,300.0,0.015462041299282905,1.090416787990502
244,0.866684148886374,0.0007431736259085093,300.0,0.015036143091232848,1.1046723805900132
244,0.8477670729958585,0.0007115072634016022,300.0,0.014455917559514222,1.0756751674094371
245,0.8602795373382313,0.0007381953572088865,300.0,0.014856688010955363,1.0965948348332728
245,0.8665545463029828,0.0007287807223812186,300.0,0.014319114657285224,1.099507876937943
246,0.8640177971018212,0.0007369121868967861,300.0,0.014293875671033416,1.099385322204658
246,0.869269627412515,0.0007361930266012808,300.0,0.014784775726314234,1.1049123129674367
247,0.867288393101522,0.0007357652873452025,300.0,0.014779641954061975,1.1027976253202982
247,0.861376043143017,0.0007159769873916437,300.0,0.01418498319565385,1.0903541247493453
248,0.8597910507981267,0.0007210102699965708,300.0,0.014693641777349902,1.0907877726214272
248,0.8601116299895304,0.0007009968551301426,300.0,0.015201101639831904,1.0856117841654591
249,0.8478136456438473,0.0006988252210768613,300.0,0.014687191262575132,1.0721484068781137
249,0.8606282508532915,0.0007202236698243983,300.0,0.015900687778152393,1.0925960391759872
250,0.8589679204991886,0.000732250151421405,300.0,0.014429128225726475,1.0930720966841494
250,0.8689828389989478,0.000742256444157517,300.0,0.014091493626308096,1.105751265904733
251,0.8610216242128185,0.0007215357282543014,300.0,0.015397765962656454,1.092880113715572
251,0.8610096307737487,0.000716777971774718,300.0,0.014587237976749228,1.0906302541760462
252,0.8716868657086577,0.0007340512314450669,300.0,0.014898552334800894,1.1068007882152284
252,0.8699614924511739,0.0007228269852410969,300.0,0.014959438387969775,1.1017690287636859
253,0.8588961027562618,0.0007165640425747759,300.0,0.01497102299929663,1.0888363386371307
253,0.8595342840999365,0.000715549926683577,300.0,0.014429596578078676,1.088628857529589
254,0.869524293446115,0.0007371136971414671,300.0,0.014834219907892734,1.1054926243211542
254,0.8547318746734943,0.0007171275495108732,300.0,0.015137956359207496,1.0850080934220128
255,0.8623896893113852,0.0007161653650687835,300.0,0.014631185194178085,1.0918704876676202
255,0.8594940256859575,0.0007131000964233993,300.0,0.015336491755858463,1.0887605510652065
256,0.8669457999723298,0.000719843947471028,300.0,0.015381984092528,1.098280968144536
256,0.8601111814911876,0.0007079806494272946,300.0,0.015161200426518917,1.0876665764621325
257,0.8655935656279325,0.000707515839881775,300.0,0.014719591367923255,1.0925679111054964
257,0.8615021466144493,0.0007118960694632344,300.0,0.015196694300227267,1.0902676590319191
258,0.8660485242892589,0.0007227000855891674,300.0,0.015081907940579444,1.0979404555899757
258,0.8558547825419477,0.0007010899158298603,300.0,0.01488091704335862,1.0810626753206765
259,0.8539836023535047,0.0006960183718222522,300.0,0.014402919056010433,1.077192033374948
259,0.863788103684783,0.000716856587977028,300.0,0.014976893828134052,1.0938219760677643
260,0.8611133737223489,0.000712907873711239,300.0,0.015301296805513889,1.0902870302753789
260,0.8705201047871794,0.0007335775350319247,300.0,0.014001349437291668,1.1045947194631611
261,0.8609314717884574,0.0007202176215547037,300.0,0.015267852695875004,1.0922646107418197
261,0.8500703339065824,0.0006965568873381146,300.0,0.015203674153391538,1.0742410726046987
262,0.862654661493642,0.0007296392920060109,300.0,0.014675699313686761,1.096222142821976
262,0.8662625979632139,0.0007274484391603307,300.0,0.013917277964148005,1.0984144073777966
263,0.8613734718944345,0.0007166728935966862,300.0,0.014763886593365376,1.0911392223622118
263,0.8545916234808308,0.0007110015234762354,300.0,0.015442636367099891,1.083334713109902
264,0.8541640250810555,0.0007162491979215702,300.0,0.015005732713949069,1.0840445128934724
264,0.864661268889904,0.0007259774052467297,300.0,0.014719028186976044,1.0971735194325447
265,0.8606662839385015,0.0007059003811329083,300.0,0.01465331061834669,1.087089707808835
265,0.8484688039336886,0.0006903145748375599,300.0,0.015205116854173997,1.0707682969846897
266,0.859995671148811,0.0007172879701166883,300.0,0.015196806915420373,1.0903788727841206
266,0.848054134153894,0.0006816939003329026,300.0,0.014649565408555125,1.0672118671770607
267,0.863802932202816,0.0007203873660078638,300.0,0.015097772142325994,1.0950169110936778
267,0.8609068637181606,0.0007138050867589689,300.0,0.014443922708908628,1.0894923098385334
268,0.8582748257155929,0.0007046656923778626,300.0,0.014804169134419811,1.0844787029283387
268,0.8638855712488294,0.0007205306415016821,300.0,0.014687019511516805,1.0947317826960767
269,0.8515557982027531,0.0006984277766995157,300.0,0.01533762610051781,1.0764217610870088
269,0.8499228294406619,0.0006986430149221892,300.0,0.01517315344868361,1.0746888897514768
270,0.8579930450235095,0.0007199734191090101,300.0,0.0151158706264271,1.0891009364277124
270,0.8592602889984846,0.0007066086282715592,300.0,0.014970818355712774,1.0862136943531888
271,0.8505803487662759,0.0006964197517780642,300.0,0.016087304524262436,1.0755935768995966
271,0.8488105480958309,0.0007002512366268222,300.0,0.014680707134955031,1.0735666235642773
272,0.8551209324172565,0.0007011100641583263,300.0,0.014104271098663699,1.0795582186962878
272,0.8534675136740718,0.0006975525972328407,300.0,0.014906171397472332,1.0776394632245814
273,0.8422288758946317,0.0006752202474932087,300.0,0.015406715149375876,1.0602016661848341
273,0.8680001446711165,0.0007171638694671856,300.0,0.01517721683090453,1.0983265239213194
274,0.8688258113605636,0.0007350517698146827,300.0,0.015067556615187121,1.1044089035796267
274,0.8622976538858244,0.0007144269220589194,300.0,0.014743356978994728,1.0913690879408802
275,0.8567775667511991,0.0007127250216529189,300.0,0.015462571112688497,1.0860576499253511
275,0.8528514692027654,0.0006965304176641699,300.0,0.015264375010571842,1.0770749673247337
276,0.8608718075390372,0.0007099367759500248,300.0,0.01473378087601824,1.0885866217847382
276,0.8604334111192397,0.0007067337901389692,300.0,0.015508935992589354,1.0879624866481339
277,0.855770471904959,0.0007002849455212916,300.0,0.014551743264226908,1.080407698239599
277,0.8624422921399985,0.0006954775816276586,300.0,0.015374612782449861,1.0864601841728603
278,0.855766671177532,0.0007022173012306407,300.0,0.015597396193438076,1.0820292621584875
278,0.8600057597671237,0.0007097616146763487,300.0,0.015009505674242973,1.0879437520301767
279,0.8477422171937568,0.0006790852626181731,300.0,0.01603368715898666,1.0675014861460244
279,0.8487779915864978,0.0007004001235080588,300.0,0.015278483081991518,1.0741765114611812
280,0.8448574395318117,0.0007110410107478467,300.0,0.015448888169235684,1.073618630479489
280,0.8650657534599304,0.0007217300877917816,300.0,0.015182241681031883,1.0967670192143746
281,0.853922514244914,0.0007151183771644096,300.0,0.015291933724906162,1.083749967228089
281,0.8602947568786996,0.0007183594674253462,300.0,0.015503656374806139,1.0913062478814806
282,0.8550366338874612,0.0007017121181758869,300.0,0.015147169713080595,1.0806974414736032
282,0.8647857140749693,0.0007040032017227661,300.0,0.014719774023563201,1.0907064490020275
283,0.8624389762324947,0.0007073666240233122,300.0,0.01576129326089618,1.0904102552948254
283,0.8447034973651171,0.0006727952041144038,300.0,0.016528300699844425,1.0630703576441323
284,0.852418821970267,0.0007200676733905961,300.0,0.01617983233466345,1.0846189595758915
284,0.8490273965788739,0.0006917648161756265,300.0,0.01467185364163015,1.0712286936385291
285,0.8486821832401412,0.0006925347969887038,300.0,0.015102423837691146,1.0715450491490108
285,0.8560394852289132,0.0006990341911270141,300.0,0.014552848673442245,1.0803025930321641
286,0.8466968600239072,0.0006807236854911025,300.0,0.015977782417654192,1.0668917537799902
286,0.8471439660393766,0.0006875572445811226,300.0,0.015162726510815057,1.068573868434344
287,0.8534563849014896,0.0006999881428068225,300.0,0.014758374084652002,1.078211197629571
287,0.8485994094184467,0.0006957897418422883,300.0,0.015681669856089035,1.0730180075126035
288,0.8544450291831579,0.0006993450603139146,300.0,0.01490564302158808,1.079154186083802
288,0.8447043427399227,0.0006792682531145797,300.0,0.01589910703478381,1.0643839283979364
289,0.8543784501297134,0.0006975123334476459,300.0,0.01486998523094891,1.0785021358834845
289,0.8538483801696982,0.0007120796657805581,300.0,0.01457472367162284,1.0820469994630133
290,0.8556629898292678,0.0007203716313759807,300.0,0.015656042035386366,1.087430521047541
290,0.8537765742678728,0.0007110938458936289,300.0,0.015313816653880557,1.0824185450162207
291,0.8578552672905582,0.0007008480319784992,300.0,0.015008036875639976,1.0831177144178323
291,0.847219674714974,0.0006916490131061437,300.0,0.015362188760004105,1.0700765713783247
292,0.8453045937099627,0.0007035053411073022,300.0,0.015243387227071383,1.0715995840728283
292,0.8458471237016576,0.0007031708187891386,300.0,0.015489304768769736,1.0722876764567835
293,0.8523240841126868,0.0006960066810799097,300.0,0.015286421199562028,1.0764125090624606
293,0.8596548782661557,0.0007246089576905693,300.0,0.015865858640089364,1.0929034259170294
294,0.8525448635752712,0.0006967950479130584,300.0,0.014761812978706854,1.0763451957276888
294,0.8470143603959254,0.0006813715951596221,300.0,0.015425308220853497,1.0668511486479215
295,0.8495988632951464,0.000693038233163991,300.0,0.01458413693347081,1.0720944689320666
295,0.8575469823554158,0.0006861812525390373,300.0,0.014814155041157002,1.0782155141766583
296,0.8528590870222875,0.0007141060505416265,300.0,0.014856170694526685,1.0819470713447248
296,0.8623092813151223,0.0007015385001198281,300.0,0.015458641731778957,1.088229477405548
297,0.8548245010897517,0.0007055687553929602,300.0,0.01492526130043968,1.0814203888710057
297,0.8390911633947066,0.0006738508532180276,300.0,0.015414703626967301,1.0566611255386047
298,0.8413629078173211,0.0006730180722830223,300.0,0.015181639861631473,1.0584499700261014
298,0.8496148869661349,0.0007027278343554956,300.0,0.015090415961042578,1.0755236554624779
299,0.8469788438773581,0.0006844552949262704,300.0,0.015836587346192182,1.068152024410665
299,0.8631403399631381,0.0007135419829670095,300.0,0.01568488407273045,1.0928878169506788
300,0.856603033308472,0.0007068804284894473,300.0,0.014776248324778862,1.0834434069693089
300,0.8547462371311018,0.0006812750954330633,300.0,0.01495821234129835,1.074086979297655
301,0.8392592476946967,0.0006656787044058936,300.0,0.015360886326691667,1.0543237437627144
301,0.8404974256243024,0.0006601648703313653,300.0,0.01447431287877927,1.053021200400378
302,0.8408184485243899,0.0006756026483409576,300.0,0.014871673891320825,1.0583709153745855
302,0.8256793869659305,0.0006503408559897902,300.0,0.015804167959556383,1.0365858071350627
303,0.846189117857388,0.0006706794837490244,300.0,0.01603465968634867,1.0634276241596257
303,0.8301141653209925,0.0006442941703751005,300.0,0.015432503407022782,1.0388349158955472
304,0.8336036044305989,0.0006516520902226018,300.0,0.014797974421526305,1.0438972035689014
304,0.8386480028608015,0.0006658832020483325,300.0,0.015530362328198473,1.0539433269628458
305,0.8366013230489833,0.000661624602896284,300.0,0.015062311317056551,1.05015101815973
305,0.8271034524909088,0.0006321421504123594,300.0,0.01558187821397691,1.0323279719533665
306,0.8359543580029692,0.0006749285722824945,300.0,0.014907190565801491,1.0533401159835714
306,0.8293176446376103,0.0006396784190526107,300.0,0.01579323631553312,1.03701440723879
307,0.8334611249821526,0.0006582849506620343,300.0,0.015190735074741366,1.0461373456886836
307,0.8285292510741523,0.0006495790869069294,300.0,0.015054628203090812,1.0384576085156627
308,0.8208070112658399,0.0006262607864105771,300.0,0.015139349085594793,1.023824597708881
308,0.821873029560915,0.0006397408779840978,300.0,0.016346242769421742,1.0301415350820338
309,0.8197060112974474,0.0006276886734245376,300.0,0.015440314480136814,1.0234529301524162
309,0.8202440253059778,0.0006205440398129472,300.0,0.01647201919903247,1.0228792567338263
310,0.8246424948530537,0.0006262206840931737,300.0,0.016366714158461297,1.0288754142820835
310,0.8297084013798407,0.0006398837263727078,300.0,0.015328016267241245,1.0370015325024724
311,0.8210892546921968,0.0006117194031958206,300.0,0.015708778332087343,1.02031385087009
311,0.8183025301301053,0.000623207011163426,300.0,0.016143388775942315,1.0214080201195819
312,0.8197640607665692,0.0006334937900516836,300.0,0.016461379403023915,1.0262735837272234
312,0.8270791467013103,0.000644742839605377,300.0,0.015359205104427278,1.0358612029148
313,0.8200412427208253,0.0006295936280561623,300.0,0.016384650267095173,1.0253039813999618
313,0.8288235327761088,0.0006401168705321782,300.0,0.01626045159563156,1.0371190422613705
314,0.8238763327577284,0.0006291204892282362,300.0,0.016817249997984618,1.029429733354066
314,0.830746182639684,0.0006258798569303638,300.0,0.015491577455707426,1.0340017194726638
315,0.8244992157976542,0.0006457504835322782,300.0,0.015364968860272452,1.0335893278409327
315,0.8338176884821483,0.0006458117048688499,300.0,0.015516305165614799,1.0430775037301439
316,0.8156619479081461,0.0006125578493408414,300.0,0.015990807462783,1.0154201092996769
316,0.8324672928346055,0.0006333508851119925,300.0,0.016461459956190083,1.0389340189950806
317,0.8174390721001795,0.0006244358216268406,300.0,0.017164798359902176,1.0219346206369144
317,0.8321079380278077,0.0006469301225706658,300.0,0.015930686693796554,1.0421176624617405
318,0.8276111145636865,0.0006466138540222996,300.0,0.017402804165612906,1.0389980732330255
318,0.8261404479188579,0.0006452753591150083,300.0,0.01539851605775766,1.0351215722039342
319,0.8193348537066153,0.0006236750778693281,300.0,0.016266389342490584,1.0227037641618932
319,0.8193909760032382,0.0006206667442906369,300.0,0.01671811736429975,1.0223091135599784
320,0.815979953589184,0.000608549175954717,300.0,0.01723530470501698,1.0157800099945493
320,0.8287691396794149,0.0006352628710633976,300.0,0.016242211208529107,1.0355902119938816
321,0.8312324389283147,0.000644624328970167,300.0,0.015967469218594488,1.0405872067702668
321,0.8210244221346719,0.0006295516095633502,300.0,0.01605026530160103,1.0259401737047094
322,0.8154708775026458,0.0006163405385320532,300.0,0.016557765902169713,1.0169308079140527
322,0.8215768067166209,0.0006133310161463409,300.0,0.0159717319142406,1.0215478425047226
323,0.823370569119496,0.000627314199196657,300.0,0.016093318749751364,1.027658149466983
323,0.8223219684192112,0.0006273221803699666,300.0,0.015466581060276699,1.025985206344298
324,0.8278072742479188,0.0006304336776728243,300.0,0.01599486247245555,1.0329322386533022
324,0.8213437823578715,0.0006307720858395831,300.0,0.01616740664758254,1.0267428126452225
325,0.8210200427898339,0.0006432944868980225,300.0,0.016882999581866898,1.0308913894529854
325,0.8223646992285337,0.0006219205323694561,300.0,0.01648153066136209,1.0254223876233612
326,0.8266538594450269,0.0006485880268363482,300.0,0.015911568575705002,1.0371418366474765
326,0.8175868578255177,0.0006172555414260776,300.0,0.016628844873464135,1.0193923698472125
327,0.8282908897048661,0.0006285701552509895,300.0,0.016279857844762904,1.0331417923527104
327,0.8226224346352475,0.0006241512560986198,300.0,0.015853787454294173,1.0257216026740414
328,0.8203115665486881,0.0006151048717453835,300.0,0.01608670083182265,1.0209297250424112
328,0.8189844073993819,0.0006291108028822886,300.0,0.016087118608993478,1.023804769186037
329,0.8107183293572494,0.0006072163097152432,300.0,0.01674590461646273,1.009629124908575
329,0.8151292737041201,0.0006091935758507004,300.0,0.01602701847981994,1.0139143645231212
330,0.8248612752982548,0.0006331860440695891,300.0,0.01622254349890032,1.031039631526385
330,0.8279621523938009,0.0006322503831402823,300.0,0.016753149676203196,1.0343904165284974
331,0.8129893146189195,0.000620381276576154,300.0,0.01676317001069297,1.015866866734411
331,0.8153598313885075,0.0006056884187403609,300.0,0.0159807345938004,1.0130470896671926
332,0.8114586507103273,0.0006077246492038414,300.0,0.016549130932876972,1.0103251769074373
332,0.8134391797440392,0.0006297272272734387,300.0,0.016875810603128878,1.0192331571930222
333,0.8141775562294892,0.0006141680089188282,300.0,0.016185023209670493,1.0146129821826304
333,0.810784094966948,0.0006110117460756166,300.0,0.016581749375161183,1.0106693684522594
334,0.8182496789044568,0.0006186575943567212,300.0,0.016731372360871837,1.020578330781843
334,0.8210729038608926,0.0006325141752573213,300.0,0.01758130929582486,1.0284084653747934
335,0.8261039249066796,0.0006400404986379726,300.0,0.015590676626223805,1.0337067493902785
335,0.8131885065564087,0.0006004454767532609,300.0,0.016143805131183138,1.0094659524038434
336,0.8119590454069632,0.0006152816193402291,300.0,0.01628083114545526,1.0128243592168604
336,0.8202687102769103,0.0006352682786265566,300.0,0.016176543362754665,1.0270257362031512
337,0.8070611264556646,0.0006031236432266139,300.0,0.016204203973757103,1.0042024257459812
337,0.8311815718188882,0.0006446284185455754,300.0,0.017279602146507905,1.0418496983391898
338,0.8153572915388005,0.0006049123211856308,300.0,0.01580170306052813,1.0126326967562949
338,0.8051465469013367,0.0006043224692413267,300.0,0.017333953425155153,1.0037772390725357
339,0.8166497787460685,0.0006372870279197482,300.0,0.0161661048374039,1.0240019879170827
339,0.8115784350250449,0.0006136319994831345,300.0,0.015846513197175227,1.0115145476801055
340,0.8206957470891731,0.00063427171944243,300.0,0.01574505460406986,1.0267223160980004
340,0.8227261242323688,0.0006346874524264681,300.0,0.015595645111586367,1.0287280016179596
341,0.8204464739454644,0.0006097626248902088,300.0,0.016239496494693282,1.0196147614291735
341,0.8074562358004707,0.0006001968808634826,300.0,0.017385476362375942,1.004900773987174
342,0.8238331332270589,0.0006260295653126897,300.0,0.01645229822939395,1.0280943028628826
342,0.80724959887032,0.0006081983041537699,300.0,0.016935417347537753,1.0066445038786955
343,0.8301684616931847,0.0006336045472120791,300.0,0.016082807577082088,1.0363326338785035
343,0.8135533252997058,0.000615287079686563,300.0,0.016367730582715012,1.0145071811441864
344,0.8244299995047706,0.0006342003458225268,300.0,0.016660164931506318,1.0313502704458577
344,0.8045195024460554,0.000593607492841589,300.0,0.0171147717628628,0.9997165203094482
345,0.8159856789612344,0.000623426135072285,300.0,0.015798767500590265,1.018812287066664
345,0.8208033772451537,0.0006256881766018653,300.0,0.015259054705633648,1.0237688890525274
346,0.8139240178944809,0.0006280852330097072,300.0,0.016677067687851377,1.019026658896889
346,0.8090239513133254,0.0006120600811040536,300.0,0.01699095801450312,1.0096329344170434
347,0.8119455553325159,0.0006070231675689034,300.0,0.016059261555450836,1.010111765802971
347,0.8217435396675553,0.0006102382225695432,300.0,0.01682835697803447,1.021643363471542
348,0.822089647608144,0.0006236973358682008,300.0,0.016262171588355807,1.0254610202142171
348,0.8112105979983296,0.0006024452082199007,300.0,0.01635481883671933,1.008298982200878
349,0.8275147790887526,0.0006430984384938451,300.0,0.01619843259270835,1.0366427406136478
349,0.820173478020089,0.0006223784658751745,300.0,0.015809083261826475,1.0226961001753807
350,0.8316187116184405,0.0006305015003168332,300.0,0.016618032100918105,1.0373871989016021
350,0.814289964735508,0.0006122769877297937,300.0,0.01707771718793083,1.0150507749723536
351,0.8165171757074339,0.0006244612889076961,300.0,0.01592018646312811,1.0197757462571775
351,0.8158299148614917,0.0006233979663972734,300.0,0.015669112301631167,1.018518421000668
352,0.8242066303001983,0.0006223696944159331,300.0,0.016649409132826674,1.0275669466438038
352,0.8190143921279481,0.0006339617264075059,300.0,0.015409294806886464,1.0246122068326389
353,0.8039266920781561,0.0005974650438409819,300.0,0.016037194565537254,0.9992034008194294
353,0.8189451856804746,0.0006181610155603526,300.0,0.017317012867092023,1.021710502648992
354,0.813090399838984,0.0006199901416558922,300.0,0.016634591085936075,1.0157220321042197
354,0.8076665727421641,0.000595335384641008,300.0,0.016695472632168924,1.0029626641688603
355,0.8074497412890196,0.0006009421464178948,300.0,0.017016442592388818,1.0047488293743558
355,0.8079129571893385,0.0006081351794559201,300.0,0.016402829939449606,1.0067563370934554
356,0.8097462092659303,0.0006046309929388372,300.0,0.017628769527488788,1.0087642737531237
356,0.8198565104976296,0.0006327036143635009,300.0,0.0162970765522914,1.025964669617159
357,0.8222282869475228,0.0006134657705193344,300.0,0.015854864020574105,1.0221228847014052
357,0.809591478269015,0.0006072380975378369,300.0,0.017104472118912133,1.0088673822049583
358,0.8153843286314181,0.0006169669921486534,300.0,0.01621869849623181,1.0166931237493242
358,0.8065007113452468,0.0006059873769572732,300.0,0.017067030939090597,1.0053639570251107
359,0.8168138964101672,0.000614609176247021,300.0,0.016186858372488393,1.0173835065215826
359,0.8180849944640484,0.0006187868346907115,300.0,0.016968013583599322,1.0206890579845225
360,0.8170380528484072,0.0006142453581300547,300.0,0.016086417564240816,1.0173980777284928
360,0.7988299490617854,0.0006003931426740954,300.0,0.017955869273074705,0.9969037626204746
