epoch,L_x,L_u,lambda_u,L_reg,L_total
6,1.646062509715557,0.0010546535585793512,49.79166666666668,0.002986678023201724,1.689219200114409
6,1.5970296675960223,0.0017495458009458768,49.79166666666668,0.003192851884523407,1.6641851514577866
7,1.4803494836602893,0.0015386803994520701,74.82142857142857,0.003544492746004835,1.5796831348112652
7,1.4528757528118466,0.0015749986109701727,74.81884057971016,0.003976226036868774,1.5552675819051438
8,1.3840190583938046,0.0014169587049859967,99.83552631578947,0.004696183167030348,1.5123879701683396
8,1.3868085682786853,0.001456425987054526,99.83443708609272,0.004808879508297668,1.5183139652605877
9,1.3626447581941155,0.0014203587716747857,124.84076433121021,0.004664353102410011,1.5268513047771088
9,1.3737382143735886,0.001449805721700287,124.83974358974362,0.005675647858506403,1.5422711720069249
10,1.3478668525720099,0.001420885757884236,149.8407643312102,0.005213574675404152,1.548182567213751
10,1.339363816437448,0.0013828675643018905,149.8407643312102,0.005623455303216911,1.5350749591353592
11,1.268319901582357,0.0013378221168799478,174.8310810810811,0.0062945792357110095,1.4917743463773985
11,1.2637338829040528,0.0013405775771631549,174.83333333333334,0.006445586319702367,1.4879766555627187
12,1.2520448037441945,0.0013363917638319577,199.8322147651007,0.007014735336196703,1.5094529306328537
12,1.249149037996928,0.001315001329445901,199.83333333333334,0.00743012113807102,1.5032219552993775
13,1.240363017424641,0.0012916992387215563,224.8322147651007,0.006787034126636166,1.5213411278372644
13,1.2334090518951415,0.0012835011984376858,224.83333333333334,0.007326534626384576,1.5133112494150798
14,1.2273706116278966,0.0012988760170992463,249.83333333333334,0.007366837138930956,1.542907845576604
14,1.2352034521102906,0.0012938632429965462,249.83333333333334,0.006472406416820983,1.5486412211259206
15,1.2154994650681814,0.0013077935568677882,274.83333333333337,0.007549662382031481,1.5663898583253224
15,1.2160831276575725,0.0012723150053837646,274.83333333333337,0.007900710826118788,1.5573562904198965
16,1.2159816722075145,0.0012834522679137687,299.8333333333333,0.007551497225649655,1.5923824671904245
16,1.2290144673983256,0.0012972600858968994,299.8333333333333,0.007606989665267368,1.6092455434799193
17,1.2147718825877107,0.001273664875404712,324.83443708609275,0.008034349618084876,1.6204582567246544
17,1.2161777818202972,0.0012761172861792147,324.8333333333333,0.00756832802357773,1.622736118634542
18,1.2087536098941272,0.0012494318465939693,349.83443708609275,0.007791271627516739,1.637950008278651
18,1.197917139530182,0.0012298286772177865,349.8333333333333,0.008625997531538209,1.621098225514094
19,1.2087022777398426,0.0012742993352003395,374.8333333333333,0.008280364999858042,1.6784953963756561
19,1.1858031288782755,0.001220955074337932,374.8333333333333,0.008705622513468066,1.6370467885335287
20,1.1654809256394705,0.0011723531122940281,399.8333333333333,0.00856495085793237,1.6282998935381572
20,1.206140114068985,0.0012421413565364976,399.8333333333333,0.008706727926619352,1.6961703991889954
21,1.2032207349936168,0.0012221718775496508,400.0,0.008380231116898357,1.7004697223504384
21,1.2119178553422292,0.001266733215500911,400.0,0.008172089493212601,1.7267832259337108
22,1.180362040201823,0.00122895267403995,400.0,0.008482148231317599,1.6804252604643504
22,1.1849801204851922,0.0012174399599698157,400.0,0.008469254598761631,1.6804253478713382
23,1.1680545504887898,0.0012070150081611548,400.0,0.009100961239698032,1.659961523214976
23,1.1675063959757488,0.0012140230339718983,400.0,0.008839205199231703,1.6619548070430756
24,1.1751795530319213,0.001217351089968967,400.0,0.00885487902443856,1.6709748721122741
24,1.1641212932268779,0.0011858267362307136,400.0,0.008515814938582479,1.6469677992661793
25,1.1802540707588196,0.0012249379170437653,400.0,0.00856240907839189,1.6787916457653045
25,1.1734616295496623,0.0012295301854222391,400.0,0.008251619163590173,1.6735253270467123
26,1.175248125531026,0.0012102641482507526,400.0,0.008324495933037128,1.667678281566165
26,1.163636076450348,0.001193729248091889,400.0,0.009046892514452337,1.6501746646563211
27,1.1565734305918611,0.0011878036454455643,400.0,0.0077130483750204575,1.639407944205581
27,1.1436987835050418,0.0011665179497879986,400.0,0.00867826603075477,1.618984230701497
28,1.166737354354353,0.0012339344606673134,400.0,0.008354171663399367,1.668665310404948
28,1.145556240287048,0.0011734175515077416,400.0,0.008773521085374601,1.6236967870731227
29,1.1602718549848392,0.001215255250098085,400.0,0.0089189285838002,1.6552928772983173
29,1.1461479494113795,0.0011821625993621,400.0,0.00857114001942046,1.627584131348212
30,1.1570437420282933,0.0012025039634183173,400.0,0.009165107303403862,1.6472104341778535
30,1.148711330053822,0.0011952376461106765,400.0,0.009382421372840736,1.6361888078664313
31,1.1563798437844839,0.0011951047863536792,400.0,0.009424413646885892,1.643846177107451
31,1.1620937455568883,0.0011861855726972815,400.0,0.008954382082139025,1.6455223509017995
32,1.1364840924345105,0.0011719982635109555,400.0,0.008693991631380474,1.6139773923829692
32,1.1396927876977732,0.001174938942873172,400.0,0.009064661240242175,1.61873302317613
33,1.1265567454281231,0.0011563223936218792,400.0,0.009604368859976037,1.5986900751953883
33,1.1369652598109465,0.0011555864419772702,400.0,0.008780282610620293,1.6079801171031218
34,1.129815864247202,0.0011405531752203893,400.0,0.008968394447044031,1.5950055209216694
34,1.132709507910621,0.0011560476806387922,400.0,0.009472861993959211,1.6046014451822699
35,1.139745769121789,0.0011658163387359224,400.0,0.008941691230045052,1.61501400004949
35,1.1411904605808636,0.0011705622756977053,400.0,0.00876400951259085,1.6181793872094312
36,1.1195728616998686,0.0011258694988564397,400.0,0.00900321507468721,1.5789238778960626
36,1.1234650477668306,0.0011351359618784528,400.0,0.009559279909844677,1.587078717765429
37,1.140892072229196,0.001185765567224855,400.0,0.008836824138531622,1.624035124747169
37,1.1350195178922438,0.001168243941467021,400.0,0.008796679037962331,1.6111137772238018
38,1.1207714363148338,0.001144885869411825,400.0,0.009006647144958965,1.587732434664902
38,1.1171009781344836,0.0011310106294078518,400.0,0.008956890278773395,1.578462112028867
39,1.1458073715238195,0.0012110584364946636,400.0,0.009601359093243158,1.6398320958802575
39,1.1151438173102706,0.0011250463528420752,400.0,0.00877392990131691,1.5739362929996692
40,1.133036069179836,0.0011471665256019485,400.0,0.009254656781099345,1.6011573338979168
40,1.124672019952222,0.0011583026682369802,400.0,0.00880105287605578,1.5967941437112658
41,1.125955745969948,0.0011384946640311299,400.0,0.00951057050904063,1.5908641795578755
41,1.1245049940128076,0.0011390191927938232,400.0,0.008909689755742684,1.5890223591735488
42,1.1365693654668958,0.0011767510052442575,400.0,0.008975524361870301,1.6162452893821817
42,1.1154199226906425,0.0011377706593377393,400.0,0.009401272400282323,1.5799294521934109
43,1.1143477092448033,0.0011465386127575154,400.0,0.00935928139676291,1.5823224430021487
43,1.1359376326987618,0.0011877067433823342,400.0,0.008472160031822952,1.6194924900406285
44,1.1117965982932794,0.0011516177098536374,400.0,0.010058330869804578,1.5825020133664733
44,1.120491912490443,0.00114161039432235,400.0,0.009501257056590953,1.5866373271534318
45,1.122366295049065,0.0011859621366678958,400.0,0.009432217323735944,1.6061833610660152
45,1.133372629551511,0.0011563754254127975,400.0,0.008865236479323357,1.6047880288801695
46,1.1360686684125347,0.0011801494620158337,400.0,0.00893595079450231,1.6170643960174762
46,1.1189407859193652,0.0011250637151916682,400.0,0.00845846020016133,1.5774247383600788
47,1.1334565850464922,0.0011965714480825945,400.0,0.008798042004376552,1.620883207572134
47,1.142412370364917,0.0012048505649497536,400.0,0.008946852648238602,1.6332994511252956
48,1.1275705377522267,0.0011727242655117727,400.0,0.010127168801294542,1.6067874129665525
48,1.1174105272481316,0.0011370273295094528,400.0,0.01000165522686745,1.5822231181358035
49,1.1114044322779304,0.0011442530489339812,400.0,0.009507537692307347,1.5786131863531314
49,1.1192087852641155,0.0011570156112659454,400.0,0.01040514420080734,1.592420172142355
50,1.0964359484220807,0.0011144077066810017,400.0,0.009605657254149648,1.5518046872396218
50,1.131231720118146,0.0011756521173657873,400.0,0.009292323751938775,1.6107848914046037
51,1.1260052546858788,0.0011846461910815713,400.0,0.008515088076053775,1.6083788279640048
51,1.1065359637141228,0.0011361414617567789,400.0,0.009711687028787932,1.5707042264310938
52,1.0916332128016573,0.001110904852746324,400.0,0.010588383023308492,1.5465835301499617
52,1.1016176668436903,0.0011351092817724413,400.0,0.009763341409301287,1.5654247222762359
53,1.1074612199091445,0.0011428142502124792,400.0,0.010407274378938418,1.5749941931830511
53,1.1068149879574776,0.0011422271307214703,400.0,0.009857159703786141,1.5735629989128364
54,1.11269884210786,0.0011223847232150292,400.0,0.009806219642081,1.571458952489242
54,1.1085722925616246,0.001157765052649588,400.0,0.00956325078370914,1.5812415636442845
55,1.119141180920445,0.0011703951645329034,400.0,0.009799655721662871,1.5970988990434634
55,1.1011873144729465,0.0011316617561604682,400.0,0.01003989305809822,1.5638919157140396
56,1.1044993114237691,0.0011608774695405432,400.0,0.009031557581490941,1.5778818570710476
56,1.1009630241425208,0.0011276987589000926,400.0,0.009980716489961529,1.5620232430938024
57,1.1012922357889563,0.0011152337532371794,400.0,0.009649721859936036,1.5570354527897305
57,1.0953986966142468,0.0011173958522632864,400.0,0.009743445298750123,1.5521004784340953
58,1.1241367841078564,0.00116394681409397,400.0,0.009221486627045118,1.5989369960392223
58,1.1060033721082352,0.0011185998537614212,400.0,0.00938638397705516,1.5628296931584675
59,1.0926218878209981,0.0011241737503202304,400.0,0.009887376664742048,1.5521787611487645
59,1.0962565350376703,0.0011167481577395175,400.0,0.00954578355946913,1.5525015826318778
60,1.1103468767178604,0.0011569561717919153,400.0,0.00937981972184787,1.5825091682228387
60,1.1092459746435577,0.0011464377292249278,400.0,0.009332630972018818,1.5771536986812267
61,1.1002024606941572,0.001127772331481276,400.0,0.010359556974197914,1.5616709473086339
61,1.119210752007229,0.0011639861710326977,400.0,0.010104600519696676,1.5949098117211287
62,1.090034859632355,0.0011419744110587084,400.0,0.009340911825169242,1.5561655358551374
62,1.1021814404749404,0.0011376955678071704,400.0,0.01029292764324768,1.567552594187992
63,1.1179581979910533,0.0011472629778485842,400.0,0.010534536887836806,1.587397922098247
63,1.1319924187816046,0.0011715932084959658,400.0,0.009846470475476843,1.6104761712691362
64,1.1015894381828557,0.0011318279814516846,400.0,0.009960742938192256,1.5642813728525748
64,1.102212221793879,0.001140922576940795,400.0,0.009712441836550734,1.5682936906814575
65,1.1017710866491779,0.0011389667786097799,400.0,0.009391647268975385,1.5667494465323055
65,1.1211341428600885,0.0011710956218284158,400.0,0.009713235504474808,1.599285627502242
66,1.107681312202628,0.0011348016461162687,400.0,0.00894485157457929,1.5705468148187873
66,1.092367902690289,0.0011101241479932141,400.0,0.009297994336758564,1.545715550971187
67,1.090973048428305,0.001126650985622523,400.0,0.0096705579731516,1.551304005329905
67,1.1095638056985693,0.0011517115846942818,400.0,0.009158278693706771,1.579406713348588
68,1.101957912538566,0.001127312858277031,400.0,0.010391988548042339,1.5632750407543057
68,1.095974016423319,0.0011409229351271527,400.0,0.009488217231324491,1.5618314045706605
69,1.0976771899298126,0.0011242460716269253,400.0,0.010133079116177909,1.5575086953593236
69,1.1120308228567535,0.0011580936873964722,400.0,0.009901142915029054,1.5851694372744343
70,1.0990659247816,0.0011419243033932752,400.0,0.009595940635216977,1.5654315882258945
70,1.1044645130244735,0.0011542512830940313,400.0,0.00905489341014984,1.575219920258117
71,1.1064273274801915,0.0011461575339043063,400.0,0.009795933770125402,1.5746862693549761
71,1.0960460289631015,0.0011344575754966392,400.0,0.009068123035260714,1.5588971851697935
72,1.0995228224330478,0.001113705735560811,400.0,0.009473292975765622,1.5544784084644192
72,1.0937340986105353,0.0011411419567641395,400.0,0.009267901811517433,1.5594587785745757
73,1.1182099759968278,0.0011828658235673276,400.0,0.009414370193030515,1.6007706706040825
73,1.0959415092966915,0.0010953737427389213,400.0,0.009921652643813514,1.5440126552301294
74,1.0973006767385147,0.0011284583388200772,400.0,0.01079301760544136,1.559477024997761
74,1.1070140553455727,0.0011505316916299265,400.0,0.010319117499284105,1.5775458528325448
75,1.0920227730975431,0.0011085043705047223,400.0,0.010255828645883822,1.5456803569606705
75,1.0958076754426644,0.0011439180204011743,400.0,0.010411505499136409,1.5637863851061053
76,1.0838991485390008,0.0011074992204526306,400.0,0.009834915856082066,1.5367337558783738
76,1.0934625546527064,0.0011560637056842763,400.0,0.009729256069750275,1.5656172851331873
77,1.105548638415027,0.0011719039478036877,400.0,0.008997427931587611,1.5833076470858092
77,1.113004830750552,0.0011585196843007942,400.0,0.009718180343799003,1.5861308822384128
78,1.0819511556780184,0.001125666754344454,400.0,0.010830981133795985,1.5430488385163343
78,1.098750826213267,0.0011301060763184683,400.0,0.00987163258946271,1.5606648921966553
79,1.0953412071450965,0.0011362004632057695,400.0,0.010180911883808576,1.560002303742743
79,1.092692217269501,0.0011256872952232354,400.0,0.009800132353451441,1.5527672701841826
80,1.086010413510459,0.001115920908662926,400.0,0.010421297658089693,1.5428000765961487
80,1.1001792793924159,0.0011687685348858526,400.0,0.009697219796853696,1.577383915712307
81,1.0836135555397381,0.001089502996069609,400.0,0.00991928459798264,1.5293340357867153
81,1.0752949397285263,0.0010857933693015102,400.0,0.010229471883458364,1.519841764654432
82,1.0966488993787147,0.00112878518461026,400.0,0.01047312764620239,1.558636093681509
82,1.1035115335668837,0.0011438649272857621,400.0,0.0107197103456461,1.5717772164128043
83,1.09645863748216,0.0011461643984408251,400.0,0.011186212995210542,1.5661106140582592
83,1.0775501809336923,0.0010846433363546461,400.0,0.01016774035040773,1.52157526318129
84,1.0959412647145135,0.0011364227696019527,400.0,0.010253775731793471,1.5607641544434931
84,1.0941109904995212,0.0011281931059217297,400.0,0.010738764768587305,1.556126997068331
85,1.0907881453439787,0.0011575708722139334,400.0,0.010446159702774089,1.5642626521649299
85,1.0857037290350182,0.0011323110276815034,400.0,0.010356809324040622,1.548984950239008
86,1.0910376948969704,0.001110708274668409,400.0,0.010377966685450405,1.5456989635894824
86,1.0947769396490865,0.001137801195047312,400.0,0.010562575196956175,1.5604599923282474
87,1.075574613623805,0.0011021659205676746,400.0,0.01072929060395033,1.5271702757129422
87,1.0670189969725423,0.00107044656836585,400.0,0.010493742976361861,1.5056913692455787
88,1.0904216247719605,0.00114642542105791,400.0,0.010436504671059839,1.559428305207909
88,1.0815502633522083,0.0011192517904655452,400.0,0.010125089436769485,1.539376079262077
89,1.076776317574761,0.0011151004578863791,400.0,0.010838009509282162,1.5336545102007977
89,1.094683032918286,0.0011215060004396002,400.0,0.011671169721460962,1.5549566141970745
90,1.0789992453215957,0.0011151119472849027,400.0,0.009988614881120912,1.5350326439002893
90,1.0856609282555518,0.001118399305631975,400.0,0.009753629489644589,1.5427742762999102
91,1.094737862998789,0.0011439134743648231,400.0,0.010857858837207223,1.5631611138195187
91,1.0669228691946377,0.0010881930309598782,400.0,0.010619320882508507,1.5128193993073005
92,1.0920914519916882,0.0011654725302443175,400.0,0.010297204579480669,1.568577664239066
92,1.0879277749495073,0.0011192832660691981,400.0,0.010201758363393026,1.5458428414611074
93,1.0813244917950073,0.0011136777568215431,400.0,0.01021434551455661,1.537009937035573
93,1.0868200489452906,0.0011213235863236494,400.0,0.010068252008384118,1.5454177333937062
94,1.0640702425659476,0.001086760677439584,400.0,0.010178056973419697,1.5089525746834742
94,1.1009224726782216,0.0011707940063282072,400.0,0.009812209537470496,1.5790522830052809
95,1.0812491886801534,0.0011054228569075538,400.0,0.010090163659437426,1.533508491593522
95,1.0776396937571562,0.0011028950301062484,400.0,0.010680092132783361,1.5294777944490507
96,1.0856680862315289,0.0011012276952826212,400.0,0.010212848440731889,1.5363720086487858
96,1.0852008024593451,0.0011306027611551275,400.0,0.010973445076326077,1.5484153516106791
97,1.0969170939612698,0.0011486044526251348,400.0,0.010398222940865082,1.5667570984208739
97,1.1006574011468269,0.001132785758213745,400.0,0.010830295423360227,1.5646020007597936
98,1.0793233780891864,0.0010995622947298038,400.0,0.010532911156316275,1.529681211555159
98,1.0804789499803023,0.001144847234857704,400.0,0.00960510722724358,1.54802295178562
99,1.0952948177015627,0.0011388841542481845,400.0,0.0094031301605237,1.5602516090715086
99,1.0788485419440579,0.0011084802214784983,400.0,0.010604213604207647,1.5328448368357372
100,1.0784412239279066,0.001130681061231253,400.0,0.0105477840784792,1.5412614322327949
100,1.0730712978870838,0.0010937394877795928,400.0,0.010343414153782772,1.520910510382095
101,1.0824240161526588,0.0011270698364598737,400.0,0.01076348512283256,1.5440154379413973
101,1.07959165240263,0.0010938179721169826,400.0,0.009801019950733557,1.5269198580221697
102,1.0777683711821033,0.0011105952001432137,400.0,0.010683822764023658,1.5326902735617853
102,1.0848952849189957,0.001137750376924546,400.0,0.01039359569489085,1.5503890320852205
103,1.0807428762510225,0.0011103335670089689,400.0,0.010286935154566324,1.5351632398057293
103,1.077059308429817,0.001088824153003924,400.0,0.010034339859259205,1.5226233086802743
104,1.084640287583874,0.001144739945659474,400.0,0.01116126683660813,1.5536975306849325
104,1.0735842001128506,0.0011099223005917988,400.0,0.010833345917537325,1.5283864678500534
105,1.1079700808371267,0.0011610406426517594,400.0,0.010113897207643717,1.582500240495128
105,1.0627389163165897,0.0010625199445405394,400.0,0.010948110120854788,1.498695012036856
106,1.0688709870461495,0.0010926192973725378,400.0,0.010835876351883334,1.516754585696805
106,1.0772712728669567,0.0011339707748829237,400.0,0.011054391439463343,1.5419139719778492
107,1.0764405793183809,0.001096848243100617,400.0,0.009668330616595876,1.5248482084119475
107,1.0719624561648216,0.0010955887623206382,400.0,0.01014878002686366,1.5203467442143348
108,1.0581222112689699,0.0010851579965863304,400.0,0.01081547982893981,1.5030008937631334
108,1.084098945510003,0.0011176448037487365,400.0,0.010965147003110859,1.5421220164145193
109,1.068351972103119,0.0011049565878854463,400.0,0.011582121033702165,1.5219167274813499
109,1.0707571583409463,0.0011101937490410262,400.0,0.011243661006371822,1.5260783157040996
110,1.075658651321165,0.0011289644055068493,400.0,0.009986407837019332,1.5372308231169178
110,1.0862392002536405,0.001137378565110867,400.0,0.010140680701982591,1.5513313058883913
111,1.070610914691802,0.0011142573424524837,400.0,0.011288326912589611,1.5276021853570014
111,1.08328334669913,0.0011198434084954282,400.0,0.010868921225530005,1.5420896322496476
112,1.0673479474359944,0.0010965178236215106,400.0,0.01099402787043683,1.5169491021863877
112,1.0916486947767197,0.0011282807662932864,400.0,0.00983435524657609,1.5527953640107186
113,1.0901666049034364,0.0011401520073113422,400.0,0.010521702429339771,1.556749112375321
113,1.0613533600684135,0.0010630351391756126,400.0,0.011134860912458069,1.4977022770912416
114,1.0714008952340772,0.001130658253321364,400.0,0.010649281190407853,1.5343134749320246
114,1.0748984802153803,0.0011082332996245955,400.0,0.01083159927999781,1.5290233998529372
115,1.096819781872534,0.0011274618584842932,400.0,0.010030745252245857,1.5578352639752049
115,1.0710914704107468,0.0010919151546043013,400.0,0.01131311809013207,1.519170646898208
116,1.0711179833258353,0.0010946130652296087,400.0,0.0111520751048961,1.5201152847659203
116,1.0830121313371965,0.0011217482493168884,400.0,0.009583250000592201,1.541294684333186
117,1.0724612032213519,0.0011221756603786602,400.0,0.01031799522498923,1.5316494649456394
117,1.0656765337913268,0.0010977277134154593,400.0,0.010931640863418579,1.5156992520055463
118,1.077864699594436,0.0011332152745566302,400.0,0.010371251945053377,1.541522059517522
118,1.0641486921618062,0.0010834689867953138,400.0,0.010828792287277117,1.5083650738962235
119,1.0674754233129562,0.0011079399743222542,400.0,0.01074402978824031,1.521395448138637
119,1.0828797671102708,0.0011256260955105385,400.0,0.010247848106307848,1.543378044712928
120,1.0721294937595245,0.0011332844665664578,400.0,0.011138961806653008,1.5365822442116277
120,1.079527667260939,0.0011069255929830814,400.0,0.009907589116764646,1.5322054878357918
121,1.0630283117294312,0.001096929369246467,400.0,0.01142048326531245,1.513220541707931
121,1.0850739202191753,0.001155757326858058,400.0,0.009775330781215622,1.5571521797487813
122,1.0634600610502305,0.0010901800933248934,400.0,0.010696298573466559,1.510228394692944
122,1.0671764027687811,0.0011030696661046317,400.0,0.009892914337556688,1.5182971838981874
123,1.0746780057107248,0.00111010383303848,400.0,0.01083547122355911,1.5295550050274018
123,1.0648237628321493,0.0010890359688933277,400.0,0.010416399798686466,1.510854548408139
124,1.0733646727377368,0.0011104473605706927,400.0,0.01061876521505896,1.5281623759577352
124,1.0858475546683035,0.0011332199244099039,400.0,0.011103978254381688,1.5502394987690833
125,1.05847358434431,0.0010559665101144704,400.0,0.011202456005999157,1.4920626438433124
125,1.0716119293243653,0.0010818252152192496,400.0,0.010028928539325153,1.514370935193954
126,1.0743511457597055,0.0011288095464659555,400.0,0.010440621696292392,1.5363155830291009
126,1.0433733663251323,0.0010736017322708522,400.0,0.011671481478298383,1.4844855304687254
127,1.0604852014972317,0.0011039950413584349,400.0,0.01001880631121176,1.512102020940473
127,1.0682660746958947,0.0010909910415179067,400.0,0.010458378017609639,1.5151208677599508
128,1.0754608981070979,0.0011197544878438837,400.0,0.010683032092187674,1.5340457185622185
128,1.069828729475698,0.0011121840439661736,400.0,0.010948353969762402,1.5256507073679277
129,1.0714508129704383,0.0010917864880719854,400.0,0.010749280233416826,1.5189146834035074
129,1.0577450571521636,0.0010836829465152996,400.0,0.011777093282510196,1.5029953314412026
130,1.046439072393602,0.0010479613273937797,400.0,0.011906409960600637,1.4775300114385543
130,1.0490151501470997,0.0010746733006653227,400.0,0.010904328789441817,1.4897887937484249
131,1.075656605535938,0.0011104892419215532,400.0,0.011333251612321023,1.531185548151693
131,1.0647638774687245,0.0011025135886044272,400.0,0.011466709338128567,1.5172360193344854
132,1.0660359236501877,0.0010930146766646254,400.0,0.010940913564615672,1.5141827037257534
132,1.0626149133328469,0.001098792420910491,400.0,0.01029058946446786,1.5124224643553457
133,1.076910183122081,0.001117131537983134,400.0,0.010086850803946295,1.5338496533132369
133,1.0599443635632915,0.0010730155845052533,400.0,0.010293043398809048,1.4994436371710993
134,1.059898950592164,0.0010804125006430812,400.0,0.011582807559640177,1.5036467552185058
134,1.0728738284880115,0.0011203863289988329,400.0,0.011016004412404953,1.5320443541772903
135,1.0710635031423261,0.0011098021611330971,400.0,0.012238682701342528,1.5272230532861526
135,1.085445833975269,0.0011308393195166343,400.0,0.010144991962419402,1.5479265520649572
136,1.051964379895118,0.0010578786210727789,400.0,0.011561591504141688,1.4866774239847738
136,1.0831147582300247,0.0011450993605033163,400.0,0.01052817265473066,1.5516826721929735
137,1.0695732462790704,0.0010955885757744732,400.0,0.010397354456325692,1.5182060349372126
137,1.0702975969160757,0.001115827715294736,400.0,0.010703864122831053,1.5273325420195056
138,1.0556672382739283,0.0011103518686497644,400.0,0.010839025793416847,1.5106470108032226
138,1.0641640640074206,0.0010777398819975074,400.0,0.011180587767833663,1.506440596811233
139,1.0689984410039841,0.0011144490859981986,400.0,0.01071059109883443,1.5254886634888187
139,1.0615954237599527,0.0011220716430069579,400.0,0.011700730868464997,1.522124811910814
140,1.0544160389131116,0.001060556386589944,400.0,0.011535468919863625,1.490174061636771
140,1.0721570191844818,0.0011212748332670138,400.0,0.009657673304900527,1.5303246244307487
141,1.0731339858424278,0.0011007045857578275,400.0,0.010608388225157415,1.5240242042849141
141,1.0782660711196161,0.0011273582377696349,400.0,0.010296249425699634,1.5395056178492885
142,1.0638003741541215,0.0010905440278997224,400.0,0.010262812538853576,1.5102807979429922
142,1.0645540433545266,0.0011022899427541321,400.0,0.010645349510765123,1.5161153689507516
143,1.0641576432412672,0.001086114171794766,400.0,0.010286522362261049,1.5088898270360884
143,1.072923715652958,0.001096844881389951,400.0,0.010959193479990767,1.5226208617610315
144,1.0624243347875533,0.001111213442392557,400.0,0.011057467031623087,1.5179671898964913
144,1.0616265931437092,0.0010763373949767782,400.0,0.011241387799682636,1.5034029395349564
145,1.0672699428373766,0.0010959631434807012,400.0,0.010375088495352576,1.5160302812053312
145,1.0626202075712143,0.0010845757147762924,400.0,0.010639620476192043,1.507090111317173
146,1.0623713351065112,0.0010926049735937868,400.0,0.011266510732351772,1.510679829505182
146,1.0569468029083744,0.0010533695007794567,400.0,0.011177715566009282,1.4894723165419794
147,1.0533813365044133,0.0010768652026120933,400.0,0.010969266553799952,1.4950966842712894
147,1.071913289718139,0.0011143060861892689,400.0,0.010893644171002775,1.5285293685320096
148,1.0452278602507807,0.001051456305093222,400.0,0.011136631772763306,1.47694701802346
148,1.079738370118997,0.0011383066250859068,400.0,0.01089749926289257,1.545958513632799
149,1.0487930159414969,0.0010562189968280314,400.0,0.01064368074219073,1.4819242977326916
149,1.0883916906821423,0.0011135767524067957,400.0,0.010626962994977545,1.5444493461877873
150,1.0440434121932738,0.0010352097155051664,400.0,0.01113540073707461,1.469262699668224
150,1.072957680011407,0.0010937944161690748,400.0,0.010674942037066778,1.5211503845758927
151,1.008366095331999,0.0009641197539167479,400.0,0.009992999729151145,1.404006994305513
151,1.020913263161977,0.0010227044234246325,400.0,0.009736084146425128,1.4397311164782598
152,0.9919328880615723,0.000957621979185392,400.0,0.010818494503231099,1.3858001660077999
152,0.9950546330021274,0.0009637177951874272,400.0,0.00997415253171517,1.3905159054263945
153,0.9658864904672672,0.0009190789371645317,400.0,0.011007718885174165,1.34452578272575
153,0.9758566821775129,0.0009334373077557932,400.0,0.009895571409874866,1.3591271808070522
154,0.9682073214879403,0.0009229896084154741,400.0,0.011721425062905137,1.3491245874991784
154,0.9761421022876616,0.0009173605051229618,400.0,0.010782520427939393,1.3538688167448967
155,0.9662276051747494,0.0009216356797528883,400.0,0.01111754848777006,1.3459994298143265
155,0.9608128136204135,0.0009037945467430437,400.0,0.01094936145950229,1.3332799926880867
156,0.9523619543283414,0.0008877067364385136,400.0,0.012344016314436419,1.3197886699285262
156,0.9750322967003553,0.0009447921029977107,400.0,0.010500603615163038,1.3634497439249968
157,0.9480428321239276,0.0008696291033396473,400.0,0.011650632944507286,1.3075451067624948
157,0.9629938866083438,0.0009275698005997887,400.0,0.011655909357031282,1.3456777169918404
158,0.9543894514059409,0.0009052086476376877,400.0,0.01085484559641769,1.3273277557813203
158,0.9461377935531812,0.0008955337921529113,400.0,0.01115805821833559,1.315509368211795
159,0.9546704511993971,0.0008991737640127002,400.0,0.011600275691121053,1.3259402270882557
159,0.9402860853916559,0.0008690575903948719,400.0,0.011074385495307162,1.2989835089597948
160,0.9355767525923557,0.0008763343971039808,400.0,0.01207980537154258,1.2981903140361493
160,0.9417182432535367,0.0008734357533028695,400.0,0.011386515429386726,1.302479061560753
161,0.9332895985780618,0.0008842441463620605,400.0,0.012683755062962284,1.2996710214095237
161,0.9445836387383633,0.0008720903362047513,400.0,0.011514240108693067,1.3049340160229268
162,0.9323396243346043,0.000867507959600726,400.0,0.012229742849460589,1.291572547875918
162,0.9446257990904343,0.0008760917674711285,400.0,0.012757462565787137,1.3078199663223364
163,0.9506820191939672,0.0008969165527303583,400.0,0.011366262515553106,1.3208149083149738
163,0.9248042813478372,0.0008493227439593726,400.0,0.0119253010638297,1.2764586771910007
164,0.9391505404924735,0.0008533538674759583,400.0,0.01253920933828713,1.2930312985793138
164,0.9220004429419836,0.000858242647481324,400.0,0.01191956955844011,1.2772170664408269
165,0.9281216072730529,0.0008610356154139691,400.0,0.0120672269198948,1.2846030795421355
165,0.9443162817221421,0.0008694606084855667,400.0,0.011963457692987643,1.3040639803959773
166,0.9284217472259815,0.0008554150355429066,400.0,0.0123695752177483,1.2829573376056476
166,0.9174360151474292,0.0008304906554817884,400.0,0.011823403966935495,1.2614556795511491
167,0.9354539899489819,0.0008664053792204075,400.0,0.011312240015309399,1.2933283876150081
167,0.9351346274981132,0.0008767071460449818,400.0,0.011315912939608097,1.2971333930125604
168,0.9362502300586456,0.0008661623268824023,400.0,0.011492818217867842,1.294207976796688
168,0.930486207589125,0.0008613567268371414,400.0,0.012474030587607278,1.2875029261295612
169,0.9381217513328943,0.0008694529959682721,400.0,0.01270538537751119,1.2986083237024455
169,0.9381674799399499,0.0008578477940411689,400.0,0.012223105531376906,1.2935296992460887
170,0.92173982048646,0.0008331937676232953,400.0,0.013494902254583744,1.268512228742624
170,0.9315944707546479,0.0008822968991294963,400.0,0.012260218335984226,1.2967734478223019
171,0.9247011297788376,0.0008435754406934556,400.0,0.01224943237283673,1.27438073242322
171,0.9166824630437753,0.0008440482309267211,400.0,0.012040285493593471,1.2663420350887837
172,0.9424568720352955,0.0008814577453542883,400.0,0.0124022546552647,1.3074422237964778
172,0.9188816956220529,0.0008446578057117175,400.0,0.012117251992607728,1.2688620692262282
173,0.9274485982381381,0.0008467551883651863,400.0,0.013156503167313835,1.2793071747590334
173,0.9309014146908735,0.00086132319456038,400.0,0.012614940743869504,1.2880456313872948
174,0.9292941958858416,0.0008807017620711122,400.0,0.011464720138181478,1.293039627182178
174,0.9223064856651502,0.000851757220143321,400.0,0.013110011371258551,1.2761193869205623
175,0.915743204836662,0.0008301816320827362,400.0,0.013397497832416914,1.26121335877822
175,0.9152458825936685,0.0008298839207922216,400.0,0.012399039837197425,1.2595984935760498
176,0.939177651817982,0.0008598278923622834,400.0,0.01258496041648472,1.2956937704330835
176,0.91659092826721,0.0008354648592872904,400.0,0.01273932536610235,1.2635161947363462
177,0.9186407694449792,0.000845132816884404,400.0,0.012792679179722492,1.2694865744083355
177,0.9367746913280243,0.0008677404078368384,400.0,0.011486920519158818,1.2953577702626204
178,0.9318469094160275,0.0008749620854546381,400.0,0.012223507976159453,1.294055248873356
178,0.9151703965587493,0.0008346142289482463,400.0,0.013018669996362848,1.2620347577791948
179,0.915125324175908,0.0008098080824054658,400.0,0.01296399779116305,1.2520125580903811
179,0.9099046266995944,0.0008249430700230639,400.0,0.013363659020680457,1.2532455124534094
180,0.9111246241208835,0.0008107000308556076,400.0,0.013004894048954623,1.2484095329657579
180,0.914747705635352,0.0008305194805404589,400.0,0.01393323121831203,1.2608887266654234
181,0.9224753842139856,0.0008425946525210001,400.0,0.013130967481396137,1.2726442179618738
181,0.9317645411460828,0.0008617915350791569,400.0,0.012220979169703638,1.288702144072606
182,0.9221123327047397,0.0008406524165109611,400.0,0.012579750096520934,1.270953051554851
182,0.920763394389397,0.0008472485459582785,400.0,0.013041073693714749,1.2727038932916446
183,0.9258537686023957,0.0008632412651562705,400.0,0.012275485387549568,1.2834257594285867
183,0.9126450276145568,0.000833426827459614,400.0,0.012199307624728251,1.258215069006651
184,0.9073714392307477,0.0008226906311159463,400.0,0.013703140086876467,1.2501508264969556
184,0.9199317263869139,0.0008375568365572223,400.0,0.012075065605294628,1.267029528052379
185,0.9122584433509753,0.0008127148367072014,400.0,0.012810192614172896,1.2501545737569149
185,0.8998148617071983,0.0007893842761498094,400.0,0.013268120309266333,1.2288366922965417
186,0.9134648291346354,0.0008280704707244579,400.0,0.012423885592187826,1.2571169004226341
186,0.9169731889015589,0.0008183351267526189,400.0,0.013214105143187901,1.257521351560568
187,0.918658506602813,0.0008450575533527463,400.0,0.012905035979854755,1.269586560053703
187,0.9077094311897571,0.000807225523786679,400.0,0.012291125087545086,1.242890762212949
188,0.9122603214704074,0.0008509761315415231,400.0,0.013134489691135688,1.265785262752802
188,0.9033008040143893,0.0008320675172002759,400.0,0.013402524792278806,1.2495303371777902
189,0.916028040723923,0.0008279707362817135,400.0,0.013326450007764671,1.260542777295296
189,0.9081541683811408,0.0008137731239026508,400.0,0.01301164930471434,1.2466750683692784
190,0.9137753981810349,0.0008229590153533559,400.0,0.013634699456489239,1.2565937072802813
190,0.9019963626678174,0.0008159120353435029,400.0,0.01261980390886609,1.2409809896579156
191,0.9134385152122914,0.0008435666588924598,400.0,0.012319188982916948,1.2631843575300314
191,0.9248449557866806,0.0008453408214009892,400.0,0.012296751446018998,1.2752780325901814
192,0.9005241352014053,0.0007978797645288674,400.0,0.013022622648769846,1.2326986636870947
192,0.9082588981359433,0.0008295505349218355,400.0,0.012928049868116012,1.2530071586370468
193,0.9219375409376926,0.0008546110106973897,400.0,0.012883744318969548,1.2766656925280888
193,0.906868594388167,0.000823308293500957,400.0,0.012789659636417547,1.2489815677205722
194,0.9127376553339835,0.0008222041396015228,400.0,0.013009874997899318,1.2546291809815626
194,0.9009422929241107,0.0008020468338098652,400.0,0.013196564264571628,1.2349575908902364
195,0.9195492404281713,0.0008513590463312569,400.0,0.012960081765795968,1.2730529467771008
195,0.9077243666360333,0.0008301269507723724,400.0,0.013676398629500607,1.2534515436287899
196,0.9224938952769989,0.000841116041836078,400.0,0.013589053826693159,1.272529362103878
196,0.9188846953355583,0.0008382940103943537,400.0,0.01360830962865548,1.2678106108288856
197,0.9201942666982993,0.000846216990164696,400.0,0.012538097294357916,1.2712191610764234
197,0.9040295523443039,0.0008163101620605856,400.0,0.014324230616497007,1.2448778422015487
198,0.8951978442395568,0.0007908670427270269,400.0,0.014858623575063267,1.2264032838450876
198,0.9211528232902478,0.0008387558296979791,400.0,0.01311905620394239,1.269774209921527
199,0.9087680547860018,0.0008110072024227387,400.0,0.013735730123890054,1.2469066662393558
199,0.9074823951265615,0.0008172297687677572,400.0,0.013275116978652158,1.247649423256042
200,0.9091351081611244,0.0008132585177344869,400.0,0.012984758293386668,1.247423276020463
200,0.9035962575180515,0.0008066007031415512,400.0,0.013651198295247594,1.2398877383037736
201,0.9115861339174258,0.000837692102954195,400.0,0.013419007271480788,1.2600819832959753
201,0.9162934356054683,0.0008222888081829853,400.0,0.01240588574830419,1.2576148487200403
202,0.9023084621520558,0.0008267000287728218,400.0,0.013902020652535235,1.2468904887035395
202,0.9001238657410737,0.0008126181973163691,400.0,0.013544029019369632,1.238715165739606
203,0.9070044550926063,0.0007994159015976664,400.0,0.013582492116720054,1.2403533082858773
203,0.8982248277800857,0.0007924755988308899,400.0,0.013861700233997434,1.2290767738773565
204,0.9046999521695884,0.0008184371982696674,400.0,0.013309303380454041,1.245384131267572
204,0.8958575114323075,0.0007929632220169601,400.0,0.01368147329350186,1.2267242740293978
205,0.8877171088176169,0.0007955148450179013,400.0,0.013878452087378805,1.219801493131431
205,0.8940315918557963,0.0007811780720241041,400.0,0.014421143730698973,1.2209239617274825
206,0.8990072129638331,0.0008017452694898305,400.0,0.013720106730937579,1.233425428153603
206,0.9024213362651267,0.0008275323317743612,400.0,0.014257594579712126,1.2476918613834747
207,0.8956133700480127,0.0007998833404431286,400.0,0.014111411034064308,1.2296781160269574
207,0.8870962884775393,0.0007785006160632808,400.0,0.01445091678612646,1.2129474570796748
208,0.9035151130074908,0.0008043433129149756,400.0,0.014356344256099243,1.2396087809732765
208,0.9196462314219991,0.0008358451213196786,400.0,0.012950319440881158,1.2669345975681474
209,0.8863531364377137,0.000782838233529329,400.0,0.013920418476199459,1.213408848282638
209,0.9067236610278961,0.000811336207230261,400.0,0.013747348699267883,1.245005487636396
210,0.8978210446561218,0.0007805825963914454,400.0,0.014085758670239121,1.2241398441563747
210,0.9012728082905909,0.0007947143204332252,400.0,0.013459407647324216,1.2326179423909278
211,0.8800592040939695,0.0007740197075563512,400.0,0.01412850980213873,1.2037955943945866
211,0.8905696971401288,0.0007806973995093647,400.0,0.01375841610074328,1.2166070714118375
212,0.8987201596521268,0.0007914790583724026,400.0,0.013949097893467753,1.2292608838931771
212,0.8850581877550502,0.0007724412145044145,400.0,0.014091431741620515,1.2081261075985659
213,0.8822790786718867,0.0007674432540190803,400.0,0.013325090834479423,1.2025814735965363
213,0.9027506190880089,0.0008173509289408222,400.0,0.013840087446247696,1.2435310754426725
214,0.8857212799369909,0.0008004100149449934,400.0,0.014334908131937123,1.2202201880467165
214,0.9089759250355375,0.0008333588637608833,400.0,0.013685290517795618,1.2560047626875008
215,0.8965783309025369,0.0007903370857023735,400.0,0.014629317116093152,1.2273424860018833
215,0.890297007408871,0.0007913240223602469,400.0,0.013456699230773434,1.2202833154398924
216,0.8871268413628742,0.0007841627007486761,400.0,0.015008179565808575,1.2158001038678892
216,0.8998693022758338,0.0008112758750824116,400.0,0.01468405874066387,1.2390637181367083
217,0.8982220333852585,0.0007979945369749953,400.0,0.013115801163326214,1.230535651847815
217,0.8911300322432427,0.0007750477507794987,400.0,0.015463441978119741,1.2166125747808225
218,0.8982478524469266,0.0008074657072626042,400.0,0.01534309911328089,1.2365772363486562
218,0.8978698978758162,0.0007887844754098232,400.0,0.013839657190048201,1.2272233439099258
219,0.8824974507283253,0.0007819952299576668,400.0,0.014015361201018095,1.2093109044299764
219,0.9023818221821147,0.0008056565579197482,400.0,0.013903666474518312,1.238548115939851
220,0.8868527089714244,0.0007869833560362399,400.0,0.014429622310492548,1.216075676261999
220,0.8979000676969054,0.0007948054670494132,400.0,0.014032986688362375,1.2298552420488589
221,0.8793662361278656,0.0007631796920838155,400.0,0.013742597055900248,1.1983807143891694
221,0.9062109308637631,0.0008196808797437817,400.0,0.01463221094517666,1.248715495987303
222,0.8910357052353537,0.0007721250012938147,400.0,0.01516287112578892,1.215048578514415
222,0.9041159225117629,0.0008112851370520487,400.0,0.013304603600483031,1.241934583824911
223,0.8938191836806619,0.0007843440255835344,400.0,0.013327376845820695,1.2208841621496116
223,0.8972889519041511,0.0007989803124456459,400.0,0.014471691852186327,1.2313527681265668
224,0.9045570712939949,0.0008286557273025725,400.0,0.014662794878552104,1.250682157695673
224,0.9045599585126161,0.0007980159002061115,400.0,0.013565800745918113,1.2373321219614357
225,0.8881257745870359,0.0007874682344715734,400.0,0.014015124258021735,1.2171281931126954
225,0.8856123826306337,0.0008007236999225251,400.0,0.013350096694342081,1.2192519626040368
226,0.9015684283463059,0.0008069675624856999,400.0,0.014714622809284717,1.2390700757123863
226,0.882114808081062,0.0007824644130401782,400.0,0.014997512710156145,1.210098086648686
227,0.8752819426879761,0.0007790190093204451,400.0,0.014075218468524848,1.2009647636656549
227,0.8967587046182839,0.000801087051050168,400.0,0.013938723744492338,1.231132241191378
228,0.8885903252158195,0.0007719969575550662,400.0,0.014318273714180015,1.2117073811163568
228,0.9008882129268282,0.0007887994699998741,400.0,0.01378506275522671,1.2301930602948377
229,0.8766137623483208,0.0007637534771599528,400.0,0.013902228794232675,1.1960173828207004
229,0.9062237948369068,0.0008231849816722713,400.0,0.01323167357451407,1.2487294601786667
230,0.8884246400587118,0.0007988630455123723,400.0,0.014381624446814038,1.222351479302546
230,0.8838008697245531,0.0008017415684836199,400.0,0.014325162039915467,1.2188226592009235
231,0.8796865693323171,0.000755671263267553,400.0,0.013915859595842801,1.1958709294628944
231,0.8802665238547477,0.0007774703228081707,400.0,0.014687282145972464,1.2059419352537508
232,0.8884295399781246,0.0007822218960578179,400.0,0.013948571764430992,1.2152668712245431
232,0.9111624496757604,0.0008070276028537459,400.0,0.014164426909747776,1.2481379186271861
233,0.8820165841822412,0.0007838493726174733,400.0,0.014890316700278098,1.2104466519538004
233,0.8913274031535835,0.0007865550712041652,400.0,0.014529766995388611,1.2204791990814694
234,0.8976998697420594,0.0008043463494455158,400.0,0.012342811487971029,1.2317812199805194
234,0.8869882757496682,0.0007747950251651691,400.0,0.013602564815775889,1.210508850349742
235,0.889466463000911,0.0007797448048153062,400.0,0.013441205614952335,1.2148055886007418
235,0.8944198696096991,0.0007957203618093589,400.0,0.0139698690533116,1.226677880924978
236,0.8991506304710534,0.0008060211150952952,400.0,0.01375553990672728,1.2353146148335403
236,0.8777414155993492,0.0007504685558519581,400.0,0.013666611155910287,1.1915954514673561
237,0.8841849762922639,0.0007819951091860392,400.0,0.014810815064983952,1.2117938330978344
237,0.8860297882632845,0.0007817897439384121,400.0,0.013629765229026793,1.212375449906489
238,0.8919257931648545,0.0007814595169553854,400.0,0.0139643798469548,1.2184739803812306
238,0.8908948869841873,0.0008059403553952101,400.0,0.013670905101688424,1.2269419319690413
239,0.8768947405420291,0.0007572692865654115,400.0,0.014074275231546467,1.1938767349644073
239,0.8941939025168206,0.0008069247954264046,400.0,0.013702847751652359,1.2306666708296272
240,0.8963518457807553,0.0007956421364597074,400.0,0.014236852087697406,1.2288455515150811
240,0.8899260998531512,0.0007791105632975722,400.0,0.014088883497722589,1.2156592060805886
241,0.8859489191869262,0.0007829976118051827,400.0,0.0150786249951762,1.2142265799698557
241,0.8826148844068977,0.0007977730582155299,400.0,0.014097935540874483,1.2158220429329356
242,0.8876395738048918,0.0008074424811082767,400.0,0.01407127077009078,1.224687837111722
242,0.8900715921335159,0.0007613076907019042,400.0,0.014047653178512386,1.2086423153330565
243,0.8801298836234269,0.0007705461228478427,400.0,0.014063760762808809,1.2024120870669177
243,0.8789911192313881,0.0007704741846670687,400.0,0.015163113802054505,1.2023439126409543
244,0.886793619887844,0.0007742212776274118,400.0,0.015720229311164017,1.212202358777356
244,0.8696152503323403,0.0007415994086783308,400.0,0.014081831140574187,1.180336842111721
245,0.8666086413298443,0.0007351239043722451,400.0,0.01488111557284738,1.175539322339805
245,0.8791683794586522,0.0007624541174629288,400.0,0.013849568565132891,1.1979995950771745
246,0.8957933225449483,0.0008013264739894824,400.0,0.013677200358835566,1.2300011090412262
246,0.875564933582476,0.0007554455183870545,400.0,0.013648447147600211,1.1913915872573853
247,0.8819027036238628,0.0007664271863733543,400.0,0.014133148538957165,1.2026067277428452
247,0.8826807395667787,0.0007566051295540254,400.0,0.014447965186124869,1.1997707539303288
248,0.8764657841366568,0.0007716528742290903,400.0,0.01408219138741683,1.1992091232803976
248,0.8843528727057633,0.0007622730983109777,400.0,0.014530802983494037,1.2037929156023985
249,0.8949762036086647,0.0007932928316094942,400.0,0.013668001089601001,1.2259613374236282
249,0.8868552089496783,0.0007830809580850279,400.0,0.013032991293770302,1.2131205831363703
250,0.8952544952274128,0.0008097698324942772,400.0,0.014050749750440098,1.2332131824675638
250,0.88043817137457,0.0007591445462787109,400.0,0.015220040879597899,1.199316028956395
251,0.8719202912157509,0.0007522874246229074,400.0,0.01411896764010096,1.186954232158175
251,0.8817084036814938,0.0007826250984858437,400.0,0.013600514747890508,1.2083589529535572
252,0.8861098012347131,0.0008021667499575692,400.0,0.014567613094499346,1.221544116925282
252,0.8786060736057865,0.0007440455100416787,400.0,0.014259179623999224,1.1904834584825357
253,0.8752750613886839,0.0007727757247556357,400.0,0.014400481166329923,1.1987858304552212
253,0.8738592380930663,0.000730049585631402,400.0,0.01348348970341075,1.1793625620520038
254,0.8810438487180479,0.0007807403168148676,400.0,0.013902219386095075,1.2072421946343344
254,0.8875659605500045,0.000786397559141924,400.0,0.014070768701209194,1.2161957522866074
255,0.8750250007316565,0.0007578833692779047,400.0,0.014677189837749691,1.1928555323819445
255,0.8802294419829253,0.0007727938201085658,400.0,0.014530134529682102,1.2038771039361407
256,0.8692662917124997,0.0007582799658315719,400.0,0.014828775181868084,1.187407054908716
256,0.8902362258570968,0.0007812002470574467,400.0,0.014712516420111534,1.217428834574997
257,0.8794255116183287,0.0007527614550688748,400.0,0.01566726438535057,1.1961973499340617
257,0.8677401576831842,0.0007501018937928513,400.0,0.015828450314202318,1.1836093590138064
258,0.8818679125445663,0.0007883606252507426,400.0,0.015797075263823672,1.213009235585571
258,0.8816671722633823,0.0007775391602724091,400.0,0.014886980416597265,1.2075698185878194
259,0.8686474869205694,0.0007617234804439151,400.0,0.01574973656149332,1.1890866126224493
259,0.8818456811510074,0.000768738391806941,400.0,0.013843971395058332,1.2031850044135075
260,0.8779521117544478,0.0007556620774869244,400.0,0.014243730464742584,1.1944606676223173
260,0.8713291697441392,0.0007512161250902447,400.0,0.014387887715700137,1.1862035097589918
261,0.8812497778303304,0.0007595207223243816,400.0,0.015376785224315468,1.2004348499000452
261,0.8724841839948277,0.0007648730324655415,400.0,0.014364224692486273,1.192797622862895
262,0.8759328362288749,0.0007596968923981604,400.0,0.014530469024269159,1.1943420619721625
262,0.8838205698189462,0.0007892841213511801,400.0,0.014342114765339406,1.2138763282709062
263,0.8754782741236838,0.0007698697914446521,400.0,0.014996888928684839,1.1984230841800665
263,0.8732067760388562,0.0007669831983705057,400.0,0.015058487561786441,1.1950585490958705
264,0.8852752986227631,0.0007672013774600213,400.0,0.014759766688321237,1.20691562078561
264,0.874186899631646,0.0007703416297882559,400.0,0.015924788157271733,1.1982483442421932
265,0.8689353507795151,0.0007499688404877699,400.0,0.015260490837987441,1.1841833817351395
265,0.8672404376564512,0.000753259294904371,400.0,0.015632665119946574,1.184176813644968
266,0.8715721475090951,0.0007588762750479861,400.0,0.014102653816793185,1.189225313010489
266,0.8738154949276311,0.0007467102068461549,400.0,0.014857644327934,1.1873572203004437
267,0.8881232943504479,0.0007787823442934722,400.0,0.014605235928301789,1.2142414678433897
267,0.8757920489189731,0.0007531253765018324,400.0,0.014342312355507996,1.1913845121480857
268,0.8725261593320567,0.0007412040437079349,400.0,0.015292934883551993,1.1843007039871944
268,0.8851091558006918,0.000755193128764398,400.0,0.01479148199473312,1.2019778907678689
269,0.8735499792038255,0.0007547522241777628,400.0,0.01407378359110492,1.1895246570277367
269,0.8826050610299323,0.0007750549828033052,400.0,0.01510851100015982,1.207735569234107
270,0.8750677997139609,0.0007444310915370169,400.0,0.013964946055488222,1.1868051791646679
270,0.8702452463708865,0.0007370020658486659,400.0,0.015261613575528098,1.18030768898642
271,0.8848669251818566,0.0007681089845837456,400.0,0.01439417677688276,1.206504698012285
271,0.8740277954727221,0.0007862287293044423,400.0,0.015161087380567933,1.2036803717825824
272,0.8804691308622907,0.000760317012765163,400.0,0.0142258968127144,1.1988218301420759
272,0.8782817721366882,0.0007598175812560092,400.0,0.014077600987426414,1.1962864023105355
273,0.8781305513564189,0.0007470316675515359,400.0,0.01483198810534872,1.1917752054086916
273,0.8811019011743509,0.0007668239988422223,400.0,0.014913775981848787,1.2027452755126224
274,0.8846416602468794,0.0007865078004661378,400.0,0.013812521778070812,1.2130573042638741
274,0.8631529043054884,0.0007390572715796839,400.0,0.014987494980406229,1.1737633066572202
275,0.876151188353824,0.0007716160899533884,400.0,0.015264904811669876,1.2000625270187475
275,0.8697065633193702,0.0007651765657211417,400.0,0.0134000554206265,1.1891772397764169
276,0.8709442220675717,0.0007688995185834623,400.0,0.014384939367912568,1.1928889607168307
276,0.8635452993356498,0.0007420735497466603,400.0,0.014228186896367437,1.1746029077441829
277,0.8756521598548647,0.0007552033373500239,400.0,0.014532704285945103,1.1922661943040835
277,0.8708271562673484,0.0007341772798562992,400.0,0.014654786871734318,1.1791528554479027
278,0.8781859225528256,0.0007562262023158466,400.0,0.014583517711277411,1.1952599218696545
278,0.8679966670312699,0.0007419135070414798,400.0,0.015284419338556992,1.1800464953586554
279,0.8721706115516128,0.0007616796180981086,400.0,0.013931830852606873,1.1907742854895864
279,0.8809354117341862,0.0007729448362699989,400.0,0.01602824201071813,1.2061415963871465
280,0.8600114621933858,0.0007346624849218828,400.0,0.014693768712792807,1.168570227304082
280,0.8774744872074978,0.0007624486270345819,400.0,0.014867882057431208,1.1973218173737739
281,0.8680705190843837,0.0007455818343775608,400.0,0.014860433852596647,1.1811636917909998
281,0.8646948565343383,0.0007288401648342894,400.0,0.01415835806038112,1.1703892843738484
282,0.8697679130135069,0.000744492167871665,400.0,0.016054425640684215,1.1836192028917325
282,0.878871549466613,0.0007584611078869599,400.0,0.014572119788165874,1.1968281143789838
283,0.8584544673846786,0.0007343900213492619,400.0,0.013802658803583046,1.1660131295775151
283,0.8645463337184517,0.0007522437772190845,400.0,0.014942298993278461,1.1803861471118442
284,0.8680151989505549,0.0007349766071983702,400.0,0.015500817026729417,1.177506654505517
284,0.8596046242364652,0.0007257042223755211,400.0,0.016216225788637902,1.1661025384429153
285,0.8735140831607162,0.0007695773897090464,400.0,0.01486960670667564,1.196214644012937
285,0.8858265504715549,0.0007775973746068124,400.0,0.015004745208521842,1.2118702397984304
286,0.8782535890105424,0.000747193838265772,400.0,0.014676438407248752,1.1918075551652605
286,0.8827786961938165,0.0007694295066583807,400.0,0.015532331806637205,1.2060828429118844
287,0.8687284607796153,0.0007574762821373246,400.0,0.014587291071464302,1.186306265319229
287,0.8665396066228296,0.0007531831697575676,400.0,0.01478115176770148,1.1825940244516748
288,0.8577462825805519,0.0007227397996803989,400.0,0.015363553279393892,1.162205757608839
288,0.8758501923008329,0.0007544615599593729,400.0,0.013387295147582034,1.1910221090741977
289,0.8676633975308412,0.0007637873803418142,400.0,0.014357207811609575,1.1875355653702073
289,0.8771254560750001,0.0007728708794512519,400.0,0.01433357020697681,1.2006073768731136
290,0.8799552249301011,0.0007863605544556845,400.0,0.013845364542405127,1.2083448129854384
290,0.8695513017617973,0.00073995153543133,400.0,0.01463771668102616,1.1801696286839285
291,0.8793813722908117,0.000760462387464199,400.0,0.014747299517914179,1.1983136230972922
291,0.8623483029140788,0.0007118822063747972,400.0,0.01507220065494062,1.1621733803278322
292,0.8662515276936209,0.0007408559594394574,400.0,0.015027492446528309,1.1776213997108922
292,0.8788500948316732,0.0007809776829290175,400.0,0.01369758960227393,1.2049387545342658
293,0.8613547458770169,0.0007299511538815512,400.0,0.016083419343729498,1.1694186295673346
293,0.8702745295254288,0.0007509072513280994,400.0,0.01434563527737928,1.1849830685907108
294,0.8605056689803008,0.0007618731564388368,400.0,0.014527084833829645,1.1797820168315984
294,0.8747724928673665,0.0007592721585114635,400.0,0.015755403104718704,1.1942367618251
295,0.882306404933808,0.0007750523421404717,400.0,0.01468166515563324,1.2070090087356082
295,0.8709489655722479,0.0007462738036210678,400.0,0.014708611001942758,1.184167104352052
296,0.8746687189029281,0.0007662880241371851,400.0,0.015554656090725,1.1967385866839415
296,0.8698860175290685,0.0007551580085048369,400.0,0.015565276148901054,1.1875144956977504
297,0.8592710813898949,0.0007392331558519939,400.0,0.01496661143602839,1.1699309516104923
297,0.8707044692176162,0.0007567169311308824,400.0,0.015627721226685175,1.1890189626793952
298,0.8756511025368028,0.0007858950558346904,400.0,0.014278466550775679,1.2042875920131708
298,0.8743023490829832,0.0007408151127231918,400.0,0.014837635286555738,1.1854660199705962
299,0.8648732095766979,0.0007256009441890879,400.0,0.015373666874566086,1.1704872599832572
299,0.8656337494683114,0.0007406535682047474,400.0,0.015084018447335548,1.176979191743644
300,0.8831589757257207,0.0007628669716109326,400.0,0.01511236851008692,1.2034181337447682
300,0.8547599714273101,0.0007251691807541184,400.0,0.015614485833793879,1.160442130011358
301,0.8544462120077413,0.0007367581775104983,400.0,0.014793207056250922,1.1639426920064695
301,0.8751362064841447,0.0007622018342453595,400.0,0.014687239982863995,1.1947041768936595
302,0.8471246938796559,0.0007044260651851963,400.0,0.015691315268824814,1.1445864332709343
302,0.8539425202995349,0.0007233057504039329,400.0,0.014369163875746879,1.1576339898595385
303,0.8527424065930069,0.0007202365186516267,400.0,0.015238615384645713,1.1560756324962447
303,0.8631891748707765,0.0007204288914488261,400.0,0.015249046452557015,1.166609773969954
304,0.8362157437831733,0.0006641188377731741,400.0,0.015027315106693726,1.1168905925598873
304,0.850209736330494,0.0006803959655997368,400.0,0.015964400797346786,1.1383325248766856
305,0.8486390979426681,0.0006888014771219248,400.0,0.015077048277921357,1.1392367364494664
305,0.8603900412845004,0.0007270384534665496,400.0,0.01501150636275293,1.1662169262102455
306,0.8442433411907998,0.0006837242063814122,400.0,0.015093042316496563,1.132826066320869
306,0.853455426207014,0.0007122393573669918,400.0,0.014363166051590518,1.152714335994356
307,0.8551141513381034,0.0007168691307617719,400.0,0.0148145644095056,1.1566763656913854
307,0.8539115581542823,0.0007034723710336954,400.0,0.015162599995245885,1.1504631095631108
308,0.8379288063307476,0.0006669520757866988,400.0,0.01596487290374223,1.1206745063043704
308,0.8598229270072499,0.0007271816650280213,400.0,0.014955139511330113,1.1656507251748613
309,0.8459650107250092,0.0006944878618837227,400.0,0.015926141689300156,1.1396862980286786
309,0.8555449368847403,0.000700867194760217,400.0,0.014760274176076529,1.1506520942517906
310,0.8491548876853505,0.0006885209062787745,400.0,0.01555653756697941,1.1401197874242333
310,0.8436858912182462,0.000686497463068738,400.0,0.015802464434568574,1.134087343884122
311,0.8412620286652996,0.0006739912697545602,400.0,0.014265338003421855,1.1251238728784452
311,0.8553160041760487,0.000725258461712818,400.0,0.01444122298757077,1.159860609063677
312,0.8440115425237424,0.0007060957320107171,400.0,0.01443881471493062,1.1408886514651548
312,0.8455805846839953,0.0006946942624027966,400.0,0.015153135635718039,1.138611431714076
313,0.8452478146097463,0.0006840035005952351,400.0,0.015068317644867548,1.1339175302511568
313,0.8480056417975456,0.0006897678521089552,400.0,0.016225971548468065,1.1401387557482263
314,0.8533978477405135,0.0007141982925161171,400.0,0.014318251672384751,1.153395411694885
314,0.8432911074465248,0.000702091274758175,400.0,0.01540660044581742,1.1395342209536559
315,0.8456702769561938,0.0006880699779251056,400.0,0.01390932237278599,1.1348075900867487
315,0.8386980006649236,0.0006902275817760913,400.0,0.01430661351698789,1.12909564356895
316,0.8380446468189264,0.0006684853513573095,400.0,0.015577014336943817,1.1210158011715883
316,0.8448837809501939,0.0006767506447952882,400.0,0.015259221403794303,1.1308432563095336
317,0.8417771116943117,0.0006695217375549381,400.0,0.015125183542822577,1.1247109877076118
317,0.85592918411182,0.0007020713806680291,400.0,0.015958794576537077,1.1527165284582004
318,0.843538447550148,0.0006874203665725513,400.0,0.016197529882429892,1.134704131229668
318,0.8487146633445837,0.0006892146280548494,400.0,0.01466521667316556,1.1390657311032533
319,0.8490326596293479,0.0007033108714686197,400.0,0.015817526710118837,1.146174534680737
319,0.8533711646013199,0.0007020715767944789,400.0,0.016938604131210476,1.1511383982980328
320,0.846703147242783,0.0006911221280461177,400.0,0.01573881270826622,1.1388908157682722
320,0.8376795824166317,0.0006832293547863425,400.0,0.015921377401893876,1.1268927067708059
321,0.8471584760459365,0.0006856061165053457,400.0,0.0155598958983875,1.13696081812974
321,0.8498179191237043,0.000695874381296568,400.0,0.01584093088201087,1.1440086038249313
322,0.855642339606194,0.0007180863839187096,400.0,0.015113010068252018,1.1579898929899666
322,0.8539498706532133,0.0007152452255387132,400.0,0.015352320824720107,1.15540028529562
323,0.8512815616692707,0.0006972380211594615,400.0,0.014762927994582873,1.1449396982314481
323,0.8527017154131725,0.0007181170627854432,400.0,0.013782613261181648,1.1537311559270143
324,0.8430419672446646,0.0006881752943065445,400.0,0.015073734294077393,1.133385813919602
324,0.8392204820730125,0.0006727363347375445,400.0,0.01499683421348358,1.1233118468788779
325,0.8410373360488066,0.0006856621138971732,400.0,0.015491795153683348,1.1307939782643774
325,0.8496603996131071,0.0006935981687701124,400.0,0.016711090985021205,1.1438107577858456
326,0.8464162623047069,0.0006994123521125964,400.0,0.015608063124855803,1.1417892662582882
326,0.8414061154909195,0.000687814145152469,400.0,0.015819151375656294,1.1323509280848656
327,0.840806903163339,0.0006747386874026726,400.0,0.015120547878775438,1.125822925263909
327,0.8352383893386573,0.0006725692429270589,400.0,0.016684304532790736,1.1209503841248287
328,0.8508877663096045,0.0006970483211876089,400.0,0.015445606495330857,1.1451527028326776
328,0.8483921532418318,0.0006800406411509652,400.0,0.015210401418079047,1.1356188153765003
329,0.8433348589642032,0.0006840800932107292,400.0,0.015104243519959176,1.1320711397061682
329,0.849577538906389,0.0007000647748117543,400.0,0.014987711901450233,1.144591156084826
330,0.8405837800092758,0.0006875666123473791,400.0,0.015768113009228257,1.131378529937404
330,0.8473798655400611,0.0006747396749864736,400.0,0.014993090167712823,1.1322688158530338
331,0.8441568575087627,0.0006956453254382618,400.0,0.015203394431763204,1.1376183864417349
331,0.8329866596847583,0.0006917279393387703,400.0,0.01654568812542945,1.126223520488496
332,0.8392573703246512,0.0006753008195460821,400.0,0.014790974017588577,1.1241686738980043
332,0.8533340244536187,0.0006922830618616893,400.0,0.015585829269520606,1.1458330837784299
333,0.8535198514248915,0.000704775203586998,400.0,0.015258228456732005,1.150688163414123
333,0.8435209125849852,0.000685802025788695,400.0,0.014705015944055976,1.1325467392137856
334,0.8351706361315053,0.0006688012249150854,400.0,0.015716936724011307,1.1184080710076982
334,0.8446977905407074,0.0007035928353100754,400.0,0.015889986610977323,1.1420249164484109
335,0.8356960624646229,0.0006757467819428201,400.0,0.015511693077007676,1.121506468125969
335,0.8477754756143898,0.0006860108999943266,400.0,0.016271852155566025,1.1384516840527772
336,0.8460063509121063,0.0006800038819935374,400.0,0.014440697801720564,1.1324486018745763
336,0.843542426634746,0.0007005520407344025,400.0,0.01690063967256789,1.1406638819700594
337,0.8283098926589747,0.000669806466723724,400.0,0.015693699499105762,1.1119261721896518
337,0.8461312742749597,0.0007019567316428426,400.0,0.015344898103718545,1.1422588586047957
338,0.8484417963179813,0.0007146695633581988,400.0,0.016054664753306254,1.1503642862010155
338,0.8360798136823496,0.00067732989003735,400.0,0.01619014191399714,1.123201913135067
339,0.8505122435700362,0.0007091715389115226,400.0,0.014995513587691791,1.1491763698067634
339,0.8593272061864282,0.0007377648664932034,400.0,0.015674850612783887,1.1701080092958585
340,0.8395015118987696,0.0006900816521114984,400.0,0.015064635408959191,1.1305988077904767
340,0.8252627242142987,0.0006615177021123866,400.0,0.01664526488596372,1.106515062462752
341,0.8411280433083795,0.0006735546911186479,400.0,0.015669371298021952,1.1262192923551912
341,0.8466689947304452,0.0006982570512785286,400.0,0.014861105726201349,1.1408329169461682
342,0.8332578961256962,0.000663279301774611,400.0,0.015020371310911171,1.11358998535545
342,0.8421727221482879,0.0006968016843448666,400.0,0.0152104546992215,1.1361038472242415
343,0.8475679295837499,0.0006942650991726287,400.0,0.015204334462500491,1.1404783065152015
343,0.8384153839129551,0.0006723493529679432,400.0,0.015756516698095354,1.123111641710731
344,0.8438376480606711,0.0007030605457153669,400.0,0.015545969226866201,1.1406078361401892
344,0.8455540141102614,0.00069629211571204,400.0,0.016398909556602313,1.1404697716615761
345,0.8482923492504533,0.000696309780207786,400.0,0.015206252662227696,1.1420225166970757
345,0.8412443395632847,0.0006868079582571829,400.0,0.016426599744683617,1.1323941296832576
346,0.8455742012922931,0.0007095919100506154,400.0,0.014524671649501013,1.143935643943252
346,0.8426862884858611,0.0007153759929418243,400.0,0.014728911372293143,1.1435655989464681
347,0.8478695991312623,0.0006814220885725419,400.0,0.014884222702235933,1.1353226603975721
347,0.846047249569255,0.0007038879196032004,400.0,0.01466357817125928,1.1422660001523934
348,0.832588086841972,0.0006677463896695679,400.0,0.015355598825107144,1.1150422407563325
348,0.8389512589023371,0.0006691980803908875,400.0,0.016041197004330574,1.122671693753285
349,0.8427061119656654,0.000695077371787262,400.0,0.017038089528703577,1.1377751432406675
349,0.8505860684783595,0.0007189665442765661,400.0,0.01517173418015906,1.153344424287225
350,0.8434413878401373,0.0006915795185623964,400.0,0.015518630515178962,1.1355918266211347
350,0.8469309970072121,0.0006664488180043698,400.0,0.01550210330184478,1.1290126310032644
351,0.8497342790008351,0.0007005032853766161,400.0,0.015236906167475662,1.1451724984083966
351,0.8464500524435833,0.000700189132420613,400.0,0.014982819999123265,1.141508522686685
352,0.8350828861355022,0.0006730720687399553,400.0,0.016064489266247886,1.1203762008126374
352,0.850099330874765,0.0007067996658945374,400.0,0.015864542728456058,1.1486837415938165
353,0.8322133359256064,0.0006687744034644792,400.0,0.01655218119371184,1.1162752812835062
353,0.8415633569097822,0.0006924633811313992,400.0,0.015445164443367417,1.1339938788656976
354,0.8444269804438208,0.0006944222171282229,400.0,0.014493594880387851,1.136689457544096
354,0.8393534649709228,0.0006722491555239199,400.0,0.015807882209373698,1.1240610138625855
355,0.8456650355439277,0.0006958911469566582,400.0,0.015838362279520103,1.13985984758207
355,0.848164511714012,0.0007015997260307692,400.0,0.015109152580569885,1.143913552449767
356,0.8361437081531354,0.0006806164508897538,400.0,0.015328995702539091,1.1237192886650182
356,0.8332716646088156,0.0006716133588513472,400.0,0.01601715898734464,1.117934167574925
357,0.8315628941651363,0.0006548357337036995,400.0,0.01596334423561385,1.1094605406378484
357,0.8350806439378459,0.0006822174361511727,400.0,0.015843721225288262,1.123811332852977
358,0.8342945211252589,0.0006668398728272374,400.0,0.015772238732641858,1.1168027057009897
358,0.8378238702655598,0.000666150994892499,400.0,0.0158207089088525,1.120104983543894
359,0.8451875224234952,0.0006862325256632546,400.0,0.015481501939309061,1.135162032713556
359,0.831695287470605,0.0006913203268925879,400.0,0.015978444750260584,1.1242018583094238
360,0.8406917162381919,0.0006819512642891099,400.0,0.015087709432930514,1.1285599295500737
360,0.8358739128537999,0.0006653829992142251,400.0,0.016085025584503154,1.1181121373632152
